15	11	22
15	11	33
15	11	34
15	11	44
15	11	45
15	11	61
15	11	71
15	11	74
15	11	82
15	11	83
15	11	85
15	11	91
15	11	101
15	11	102
15	11	103
15	11	105
15	11	111
15	11	112
15	11	113
15	11	114
15	11	132
15	12	22
15	12	34
15	12	43
15	12	44
15	12	45
15	12	54
15	12	71
15	12	72
15	12	73
15	12	74
15	12	82
15	12	85
15	12	91
15	12	94
15	12	96
15	12	101
15	12	102
15	12	111
15	12	112
15	12	122
15	12	123
15	12	131
15	12	132
15	12	192
15	12	195
15	13	22
15	13	34
15	13	43
15	13	44
15	13	45
15	13	54
15	13	71
15	13	72
15	13	73
15	13	82
15	13	85
15	13	91
15	13	96
15	13	101
15	13	111
15	13	112
15	13	114
15	13	192
15	14	22
15	14	34
15	14	43
15	14	44
15	14	45
15	14	53
15	14	54
15	14	71
15	14	72
15	14	73
15	14	74
15	14	76
15	14	82
15	14	85
15	14	96
15	14	101
15	14	102
15	14	111
15	14	112
15	14	122
15	14	123
15	14	132
15	14	192
15	15	22
15	15	34
15	15	43
15	15	44
15	15	45
15	15	53
15	15	54
15	15	71
15	15	72
15	15	73
15	15	74
15	15	82
15	15	85
15	15	91
15	15	96
15	15	101
15	15	102
15	15	111
15	15	112
15	15	123
15	15	132
15	15	192
15	15	195
15	16	22
15	16	32
15	16	34
15	16	43
15	16	44
15	16	45
15	16	71
15	16	72
15	16	74
15	16	76
15	16	82
15	16	85
15	16	91
15	16	96
15	16	101
15	16	102
15	16	111
15	16	112
15	16	114
15	16	123
15	16	192
15	16	195
15	21	22
15	21	34
15	21	43
15	21	44
15	21	45
15	21	53
15	21	54
15	21	61
15	21	71
15	21	72
15	21	73
15	21	74
15	21	76
15	21	82
15	21	85
15	21	96
15	21	101
15	21	102
15	21	111
15	21	112
15	21	121
15	21	122
15	21	123
15	21	132
15	21	141
15	21	192
15	22	44
15	22	53
15	22	54
15	22	71
15	22	72
15	22	73
15	22	74
15	22	76
15	22	85
15	22	91
15	22	96
15	22	101
15	22	102
15	22	111
15	22	112
15	22	114
15	22	122
15	22	123
15	22	132
15	22	141
15	22	192
15	22	195
15	23	22
15	23	34
15	23	43
15	23	45
15	23	53
15	23	54
15	23	61
15	23	71
15	23	72
15	23	73
15	23	74
15	23	76
15	23	82
15	23	85
15	23	91
15	23	96
15	23	101
15	23	102
15	23	111
15	23	112
15	23	114
15	23	122
15	23	123
15	23	131
15	23	132
15	23	192
15	23	195
15	24	22
15	24	34
15	24	43
15	24	45
15	24	53
15	24	54
15	24	71
15	24	72
15	24	73
15	24	74
15	24	76
15	24	82
15	24	85
15	24	91
15	24	96
15	24	101
15	24	102
15	24	111
15	24	112
15	24	114
15	24	123
15	24	132
15	24	192
15	24	195
15	25	22
15	25	34
15	25	43
15	25	44
15	25	45
15	25	51
15	25	53
15	25	61
15	25	71
15	25	72
15	25	73
15	25	74
15	25	76
15	25	82
15	25	83
15	25	85
15	25	91
15	25	94
15	25	96
15	25	101
15	25	102
15	25	111
15	25	112
15	25	123
15	25	132
15	25	181
15	26	22
15	26	34
15	26	43
15	26	44
15	26	45
15	26	53
15	26	54
15	26	71
15	26	72
15	26	73
15	26	74
15	26	76
15	26	82
15	26	85
15	26	91
15	26	96
15	26	101
15	26	102
15	26	111
15	26	112
15	26	114
15	26	122
15	26	123
15	26	132
15	26	192
15	26	195
15	31	14
15	31	22
15	31	43
15	31	44
15	31	45
15	31	53
15	31	54
15	31	71
15	31	72
15	31	73
15	31	74
15	31	76
15	31	82
15	31	85
15	31	91
15	31	94
15	31	96
15	31	101
15	31	102
15	31	111
15	31	112
15	31	114
15	31	122
15	31	123
15	31	131
15	31	132
15	31	192
15	31	195
15	32	22
15	32	34
15	32	43
15	32	44
15	32	45
15	32	54
15	32	71
15	32	72
15	32	73
15	32	74
15	32	76
15	32	82
15	32	85
15	32	91
15	32	94
15	32	96
15	32	101
15	32	102
15	32	111
15	32	112
15	32	122
15	32	123
15	32	131
15	32	132
15	32	192
15	32	195
15	33	34
15	33	45
15	33	53
15	33	54
15	33	71
15	33	72
15	33	73
15	33	74
15	33	76
15	33	82
15	33	83
15	33	85
15	33	91
15	33	94
15	33	96
15	33	101
15	33	102
15	33	111
15	33	112
15	33	114
15	33	123
15	33	131
15	33	132
15	33	192
15	33	195
15	34	53
15	34	71
15	34	72
15	34	73
15	34	74
15	34	76
15	34	82
15	34	85
15	34	91
15	34	96
15	34	101
15	34	102
15	34	111
15	34	112
15	34	114
15	34	122
15	34	123
15	34	131
15	34	132
15	34	192
15	34	195
15	35	22
15	35	34
15	35	43
15	35	44
15	35	45
15	35	53
15	35	54
15	35	71
15	35	72
15	35	73
15	35	74
15	35	76
15	35	82
15	35	85
15	35	91
15	35	96
15	35	101
15	35	102
15	35	111
15	35	112
15	35	113
15	35	114
15	35	123
15	35	132
15	35	192
15	35	195
15	36	22
15	36	34
15	36	43
15	36	44
15	36	45
15	36	54
15	36	71
15	36	72
15	36	73
15	36	74
15	36	82
15	36	85
15	36	91
15	36	94
15	36	96
15	36	101
15	36	102
15	36	111
15	36	112
15	36	122
15	36	123
15	36	131
15	36	132
15	36	192
15	41	22
15	41	43
15	41	44
15	41	45
15	41	53
15	41	54
15	41	71
15	41	72
15	41	73
15	41	74
15	41	76
15	41	82
15	41	85
15	41	91
15	41	94
15	41	96
15	41	101
15	41	102
15	41	111
15	41	112
15	41	122
15	41	123
15	41	132
15	41	192
15	41	195
15	42	22
15	42	34
15	42	43
15	42	53
15	42	54
15	42	71
15	42	72
15	42	73
15	42	74
15	42	76
15	42	82
15	42	85
15	42	91
15	42	96
15	42	101
15	42	102
15	42	111
15	42	112
15	42	114
15	42	122
15	42	123
15	42	132
15	42	192
15	42	195
15	43	54
15	43	71
15	43	72
15	43	73
15	43	74
15	43	76
15	43	82
15	43	83
15	43	85
15	43	91
15	43	96
15	43	101
15	43	102
15	43	111
15	43	112
15	43	114
15	43	122
15	43	123
15	43	131
15	43	132
15	43	192
15	43	195
15	44	22
15	44	45
15	44	53
15	44	71
15	44	73
15	44	74
15	44	76
15	44	82
15	44	85
15	44	91
15	44	96
15	44	101
15	44	102
15	44	111
15	44	112
15	44	114
15	44	122
15	44	123
15	44	131
15	44	132
15	44	192
15	44	195
15	45	22
15	45	44
15	45	54
15	45	71
15	45	73
15	45	74
15	45	76
15	45	82
15	45	85
15	45	91
15	45	94
15	45	96
15	45	101
15	45	102
15	45	111
15	45	112
15	45	114
15	45	122
15	45	123
15	45	131
15	45	132
15	45	192
15	46	22
15	46	34
15	46	43
15	46	44
15	46	45
15	46	54
15	46	61
15	46	71
15	46	72
15	46	73
15	46	74
15	46	76
15	46	82
15	46	85
15	46	91
15	46	96
15	46	101
15	46	102
15	46	111
15	46	112
15	46	114
15	46	122
15	46	123
15	46	131
15	46	132
15	46	192
15	46	195
15	51	22
15	51	34
15	51	53
15	51	54
15	51	71
15	51	72
15	51	73
15	51	74
15	51	76
15	51	82
15	51	83
15	51	85
15	51	91
15	51	94
15	51	96
15	51	101
15	51	102
15	51	103
15	51	111
15	51	112
15	51	114
15	51	121
15	51	122
15	51	123
15	51	131
15	51	132
15	51	141
15	51	192
15	52	22
15	52	34
15	52	43
15	52	44
15	52	45
15	52	61
15	52	71
15	52	72
15	52	73
15	52	74
15	52	76
15	52	82
15	52	85
15	52	91
15	52	96
15	52	101
15	52	102
15	52	111
15	52	112
15	52	114
15	52	122
15	52	123
15	52	131
15	52	132
15	52	192
15	52	195
15	53	22
15	53	34
15	53	43
15	53	44
15	53	45
15	53	54
15	53	71
15	53	72
15	53	73
15	53	74
15	53	76
15	53	82
15	53	83
15	53	85
15	53	91
15	53	96
15	53	101
15	53	102
15	53	111
15	53	112
15	53	114
15	53	121
15	53	122
15	53	123
15	53	131
15	53	132
15	53	141
15	53	192
15	54	22
15	54	43
15	54	44
15	54	45
15	54	53
15	54	71
15	54	72
15	54	73
15	54	74
15	54	76
15	54	82
15	54	85
15	54	91
15	54	94
15	54	96
15	54	101
15	54	102
15	54	111
15	54	112
15	54	122
15	54	123
15	54	131
15	54	132
15	54	192
15	54	195
15	55	22
15	55	34
15	55	43
15	55	44
15	55	45
15	55	53
15	55	71
15	55	72
15	55	73
15	55	74
15	55	76
15	55	82
15	55	85
15	55	91
15	55	94
15	55	96
15	55	101
15	55	102
15	55	111
15	55	112
15	55	122
15	55	123
15	55	131
15	55	132
15	55	192
15	55	195
15	56	22
15	56	34
15	56	43
15	56	44
15	56	45
15	56	53
15	56	54
15	56	61
15	56	71
15	56	72
15	56	73
15	56	74
15	56	76
15	56	82
15	56	85
15	56	91
15	56	94
15	56	96
15	56	101
15	56	102
15	56	111
15	56	112
15	56	122
15	56	123
15	56	132
15	56	192
15	56	195
15	61	22
15	61	34
15	61	43
15	61	44
15	61	45
15	61	71
15	61	73
15	61	74
15	61	76
15	61	82
15	61	85
15	61	101
15	61	102
15	61	111
15	61	112
15	61	114
15	61	122
15	61	123
15	61	132
15	61	141
15	61	192
15	62	22
15	62	34
15	62	43
15	62	44
15	62	45
15	62	53
15	62	54
15	62	71
15	62	72
15	62	73
15	62	74
15	62	76
15	62	82
15	62	85
15	62	96
15	62	101
15	62	102
15	62	111
15	62	112
15	62	114
15	62	123
15	62	132
15	62	192
15	63	22
15	63	34
15	63	43
15	63	44
15	63	45
15	63	51
15	63	53
15	63	54
15	63	71
15	63	72
15	63	73
15	63	74
15	63	76
15	63	82
15	63	83
15	63	85
15	63	91
15	63	96
15	63	101
15	63	102
15	63	111
15	63	112
15	63	114
15	63	122
15	63	123
15	63	131
15	63	132
15	63	192
15	63	195
15	64	22
15	64	34
15	64	43
15	64	44
15	64	45
15	64	53
15	64	54
15	64	71
15	64	72
15	64	73
15	64	74
15	64	76
15	64	82
15	64	85
15	64	91
15	64	96
15	64	101
15	64	102
15	64	111
15	64	112
15	64	122
15	64	123
15	64	131
15	64	132
15	64	192
15	64	195
15	65	22
15	65	34
15	65	43
15	65	44
15	65	45
15	65	51
15	65	54
15	65	61
15	65	71
15	65	72
15	65	73
15	65	74
15	65	76
15	65	82
15	65	83
15	65	85
15	65	91
15	65	96
15	65	101
15	65	102
15	65	111
15	65	112
15	65	114
15	65	122
15	65	123
15	65	132
15	65	181
15	65	192
15	65	195
15	66	22
15	66	34
15	66	43
15	66	45
15	66	53
15	66	54
15	66	71
15	66	72
15	66	73
15	66	74
15	66	82
15	66	85
15	66	91
15	66	96
15	66	101
15	66	102
15	66	111
15	66	112
15	66	122
15	66	132
15	66	192
15	71	22
15	71	34
15	71	43
15	71	54
15	71	72
15	71	73
15	71	85
15	71	96
15	71	101
15	71	102
15	71	111
15	71	112
15	71	114
15	71	122
15	71	123
15	71	131
15	71	132
15	71	192
15	71	195
15	72	22
15	72	34
15	72	43
15	72	53
15	72	71
15	72	73
15	72	74
15	72	76
15	72	85
15	72	94
15	72	96
15	72	101
15	72	111
15	72	112
15	72	114
15	72	122
15	72	123
15	72	131
15	72	132
15	72	192
15	72	195
15	73	22
15	73	34
15	73	43
15	73	44
15	73	45
15	73	53
15	73	54
15	73	71
15	73	72
15	73	74
15	73	76
15	73	82
15	73	85
15	73	91
15	73	94
15	73	95
15	73	96
15	73	101
15	73	102
15	73	111
15	73	112
15	73	114
15	73	122
15	73	123
15	73	131
15	73	132
15	73	192
15	74	22
15	74	34
15	74	43
15	74	44
15	74	45
15	74	54
15	74	61
15	74	71
15	74	72
15	74	73
15	74	85
15	74	101
15	74	102
15	74	111
15	74	112
15	74	114
15	74	122
15	74	123
15	74	131
15	74	132
15	74	141
15	74	192
15	74	195
15	75	22
15	75	34
15	75	43
15	75	44
15	75	45
15	75	53
15	75	54
15	75	61
15	75	71
15	75	72
15	75	73
15	75	74
15	75	76
15	75	82
15	75	83
15	75	85
15	75	91
15	75	94
15	75	96
15	75	101
15	75	102
15	75	111
15	75	112
15	75	114
15	75	122
15	75	123
15	75	131
15	75	132
15	75	192
15	75	195
15	76	22
15	76	34
15	76	43
15	76	44
15	76	45
15	76	54
15	76	71
15	76	72
15	76	73
15	76	74
15	76	82
15	76	83
15	76	85
15	76	91
15	76	94
15	76	95
15	76	96
15	76	101
15	76	102
15	76	111
15	76	112
15	76	114
15	76	122
15	76	123
15	76	131
15	76	132
15	76	192
15	81	22
15	81	34
15	81	43
15	81	44
15	81	45
15	81	54
15	81	61
15	81	71
15	81	72
15	81	73
15	81	74
15	81	76
15	81	82
15	81	83
15	81	85
15	81	86
15	81	91
15	81	96
15	81	101
15	81	102
15	81	103
15	81	111
15	81	112
15	81	113
15	81	114
15	81	121
15	81	122
15	81	123
15	81	131
15	81	132
15	81	192
15	82	34
15	82	43
15	82	44
15	82	45
15	82	54
15	82	71
15	82	72
15	82	73
15	82	74
15	82	76
15	82	85
15	82	91
15	82	96
15	82	101
15	82	102
15	82	111
15	82	112
15	82	114
15	82	122
15	82	123
15	82	131
15	82	132
15	82	192
15	82	195
15	83	22
15	83	34
15	83	43
15	83	44
15	83	45
15	83	54
15	83	71
15	83	72
15	83	73
15	83	76
15	83	82
15	83	85
15	83	94
15	83	96
15	83	101
15	83	102
15	83	111
15	83	112
15	83	114
15	83	121
15	83	122
15	83	123
15	83	131
15	83	132
15	83	192
15	84	22
15	84	34
15	84	43
15	84	44
15	84	45
15	84	53
15	84	54
15	84	61
15	84	71
15	84	72
15	84	73
15	84	74
15	84	76
15	84	82
15	84	83
15	84	85
15	84	91
15	84	94
15	84	96
15	84	101
15	84	102
15	84	103
15	84	111
15	84	112
15	84	114
15	84	121
15	84	122
15	84	123
15	84	131
15	84	132
15	84	192
15	85	22
15	85	34
15	85	43
15	85	44
15	85	45
15	85	53
15	85	61
15	85	71
15	85	72
15	85	73
15	85	82
15	85	83
15	85	96
15	85	101
15	85	102
15	85	103
15	85	111
15	85	112
15	85	114
15	85	122
15	85	123
15	85	131
15	85	132
15	85	192
15	85	195
15	86	22
15	86	34
15	86	43
15	86	44
15	86	45
15	86	54
15	86	61
15	86	71
15	86	72
15	86	73
15	86	74
15	86	76
15	86	82
15	86	85
15	86	91
15	86	94
15	86	96
15	86	101
15	86	102
15	86	103
15	86	111
15	86	112
15	86	121
15	86	122
15	86	123
15	86	131
15	86	192
15	91	22
15	91	34
15	91	43
15	91	44
15	91	45
15	91	53
15	91	54
15	91	61
15	91	71
15	91	72
15	91	73
15	91	82
15	91	85
15	91	101
15	91	102
15	91	103
15	91	111
15	91	112
15	91	114
15	91	121
15	91	122
15	91	123
15	91	131
15	91	132
15	91	192
15	92	22
15	92	34
15	92	43
15	92	44
15	92	45
15	92	53
15	92	54
15	92	71
15	92	72
15	92	73
15	92	74
15	92	76
15	92	82
15	92	85
15	92	91
15	92	94
15	92	96
15	92	101
15	92	102
15	92	111
15	92	112
15	92	114
15	92	121
15	92	122
15	92	123
15	92	131
15	92	132
15	92	192
15	92	195
15	93	22
15	93	34
15	93	43
15	93	44
15	93	45
15	93	53
15	93	54
15	93	61
15	93	71
15	93	72
15	93	73
15	93	74
15	93	76
15	93	82
15	93	85
15	93	91
15	93	94
15	93	96
15	93	101
15	93	102
15	93	111
15	93	112
15	93	122
15	93	123
15	93	131
15	93	132
15	93	192
15	93	195
15	94	22
15	94	34
15	94	43
15	94	44
15	94	45
15	94	54
15	94	71
15	94	72
15	94	73
15	94	74
15	94	76
15	94	85
15	94	91
15	94	96
15	94	101
15	94	102
15	94	111
15	94	112
15	94	114
15	94	122
15	94	123
15	94	131
15	94	132
15	94	162
15	94	192
15	95	22
15	95	34
15	95	43
15	95	44
15	95	45
15	95	54
15	95	71
15	95	72
15	95	73
15	95	74
15	95	85
15	95	91
15	95	94
15	95	96
15	95	101
15	95	102
15	95	111
15	95	112
15	95	122
15	95	123
15	95	132
15	95	192
15	96	22
15	96	34
15	96	43
15	96	44
15	96	45
15	96	54
15	96	71
15	96	72
15	96	73
15	96	76
15	96	82
15	96	85
15	96	91
15	96	94
15	96	101
15	96	102
15	96	103
15	96	111
15	96	112
15	96	113
15	96	114
15	96	122
15	96	123
15	96	131
15	96	132
15	96	192
15	101	22
15	101	34
15	101	43
15	101	44
15	101	45
15	101	53
15	101	54
15	101	61
15	101	71
15	101	72
15	101	73
15	101	74
15	101	76
15	101	82
15	101	83
15	101	85
15	101	91
15	101	96
15	101	102
15	101	111
15	101	112
15	101	122
15	101	123
15	101	131
15	101	132
15	101	192
15	102	22
15	102	34
15	102	43
15	102	44
15	102	45
15	102	53
15	102	54
15	102	71
15	102	72
15	102	73
15	102	74
15	102	76
15	102	82
15	102	83
15	102	85
15	102	94
15	102	96
15	102	101
15	102	111
15	102	122
15	102	123
15	102	131
15	102	132
15	102	192
15	102	195
15	103	22
15	103	34
15	103	43
15	103	44
15	103	45
15	103	53
15	103	54
15	103	71
15	103	72
15	103	73
15	103	74
15	103	76
15	103	82
15	103	85
15	103	91
15	103	94
15	103	96
15	103	101
15	103	102
15	103	111
15	103	112
15	103	114
15	103	122
15	103	123
15	103	131
15	103	132
15	103	192
15	103	195
15	104	22
15	104	34
15	104	43
15	104	44
15	104	45
15	104	53
15	104	54
15	104	71
15	104	72
15	104	73
15	104	74
15	104	82
15	104	85
15	104	96
15	104	101
15	104	102
15	104	111
15	104	112
15	104	132
15	104	192
15	105	22
15	105	34
15	105	43
15	105	44
15	105	45
15	105	53
15	105	54
15	105	71
15	105	72
15	105	73
15	105	74
15	105	76
15	105	82
15	105	85
15	105	91
15	105	96
15	105	101
15	105	102
15	105	111
15	105	112
15	105	123
15	105	132
15	105	192
15	106	22
15	106	34
15	106	43
15	106	44
15	106	45
15	106	54
15	106	71
15	106	72
15	106	73
15	106	74
15	106	76
15	106	82
15	106	83
15	106	85
15	106	91
15	106	94
15	106	95
15	106	96
15	106	101
15	106	102
15	106	103
15	106	111
15	106	112
15	106	114
15	106	121
15	106	122
15	106	123
15	106	131
15	106	132
15	106	192
15	111	22
15	111	34
15	111	43
15	111	44
15	111	45
15	111	53
15	111	54
15	111	61
15	111	71
15	111	72
15	111	73
15	111	76
15	111	83
15	111	85
15	111	101
15	111	112
15	111	192
15	111	195
15	112	22
15	112	34
15	112	43
15	112	44
15	112	45
15	112	53
15	112	54
15	112	61
15	112	71
15	112	73
15	112	74
15	112	76
15	112	82
15	112	83
15	112	85
15	112	91
15	112	101
15	112	111
15	112	114
15	112	122
15	112	132
15	112	192
15	112	195
15	113	22
15	113	34
15	113	43
15	113	44
15	113	45
15	113	54
15	113	61
15	113	71
15	113	72
15	113	73
15	113	74
15	113	76
15	113	82
15	113	85
15	113	91
15	113	94
15	113	96
15	113	101
15	113	102
15	113	111
15	113	112
15	113	122
15	113	123
15	113	132
15	113	192
15	114	22
15	114	34
15	114	43
15	114	44
15	114	45
15	114	53
15	114	54
15	114	61
15	114	71
15	114	72
15	114	73
15	114	74
15	114	76
15	114	82
15	114	83
15	114	85
15	114	91
15	114	94
15	114	96
15	114	101
15	114	102
15	114	111
15	114	112
15	114	122
15	114	123
15	114	131
15	114	192
15	114	195
15	115	22
15	115	34
15	115	43
15	115	44
15	115	45
15	115	54
15	115	71
15	115	72
15	115	73
15	115	74
15	115	76
15	115	82
15	115	85
15	115	91
15	115	94
15	115	96
15	115	101
15	115	102
15	115	111
15	115	112
15	115	114
15	115	121
15	115	122
15	115	123
15	115	132
15	115	192
15	115	195
15	116	22
15	116	34
15	116	43
15	116	44
15	116	45
15	116	53
15	116	54
15	116	61
15	116	71
15	116	72
15	116	73
15	116	74
15	116	76
15	116	82
15	116	83
15	116	85
15	116	91
15	116	94
15	116	95
15	116	96
15	116	101
15	116	102
15	116	103
15	116	111
15	116	112
15	116	114
15	116	122
15	116	123
15	116	131
15	116	132
15	116	192
15	116	195
15	121	22
15	121	34
15	121	43
15	121	44
15	121	45
15	121	53
15	121	54
15	121	61
15	121	71
15	121	72
15	121	73
15	121	74
15	121	76
15	121	82
15	121	85
15	121	91
15	121	94
15	121	96
15	121	101
15	121	102
15	121	111
15	121	112
15	121	122
15	121	123
15	121	132
15	121	192
15	121	195
15	122	22
15	122	34
15	122	43
15	122	44
15	122	45
15	122	53
15	122	54
15	122	71
15	122	72
15	122	73
15	122	74
15	122	76
15	122	82
15	122	83
15	122	85
15	122	91
15	122	94
15	122	95
15	122	96
15	122	101
15	122	102
15	122	111
15	122	112
15	122	114
15	122	123
15	122	131
15	122	132
15	122	192
15	123	22
15	123	34
15	123	43
15	123	44
15	123	45
15	123	53
15	123	54
15	123	61
15	123	71
15	123	72
15	123	73
15	123	74
15	123	76
15	123	82
15	123	83
15	123	85
15	123	91
15	123	96
15	123	101
15	123	102
15	123	111
15	123	112
15	123	114
15	123	122
15	123	131
15	123	132
15	123	192
15	123	195
15	124	22
15	124	34
15	124	43
15	124	44
15	124	45
15	124	53
15	124	54
15	124	61
15	124	71
15	124	72
15	124	73
15	124	74
15	124	76
15	124	82
15	124	85
15	124	91
15	124	96
15	124	101
15	124	102
15	124	111
15	124	112
15	124	122
15	124	123
15	124	192
15	124	195
15	125	22
15	125	34
15	125	43
15	125	44
15	125	45
15	125	53
15	125	54
15	125	71
15	125	72
15	125	73
15	125	74
15	125	76
15	125	82
15	125	85
15	125	91
15	125	96
15	125	101
15	125	102
15	125	111
15	125	112
15	125	123
15	125	195
15	126	22
15	126	34
15	126	43
15	126	44
15	126	45
15	126	53
15	126	54
15	126	71
15	126	72
15	126	73
15	126	74
15	126	76
15	126	82
15	126	83
15	126	85
15	126	91
15	126	96
15	126	101
15	126	102
15	126	111
15	126	112
15	126	123
15	126	131
15	126	132
15	126	195
15	131	22
15	131	34
15	131	43
15	131	44
15	131	45
15	131	54
15	131	71
15	131	72
15	131	73
15	131	74
15	131	82
15	131	85
15	131	91
15	131	94
15	131	96
15	131	101
15	131	102
15	131	111
15	131	122
15	131	123
15	131	132
15	131	192
15	132	22
15	132	34
15	132	43
15	132	44
15	132	45
15	132	53
15	132	54
15	132	71
15	132	72
15	132	73
15	132	74
15	132	76
15	132	82
15	132	83
15	132	85
15	132	91
15	132	94
15	132	96
15	132	101
15	132	102
15	132	111
15	132	112
15	132	122
15	132	123
15	132	131
15	132	192
15	132	195
15	133	22
15	133	34
15	133	43
15	133	44
15	133	45
15	133	53
15	133	54
15	133	61
15	133	71
15	133	72
15	133	73
15	133	74
15	133	76
15	133	82
15	133	85
15	133	91
15	133	96
15	133	101
15	133	102
15	133	111
15	133	112
15	133	121
15	133	122
15	133	123
15	133	132
15	133	192
15	133	195
15	134	22
15	134	34
15	134	43
15	134	44
15	134	45
15	134	53
15	134	54
15	134	71
15	134	72
15	134	73
15	134	74
15	134	76
15	134	82
15	134	85
15	134	91
15	134	96
15	134	101
15	134	102
15	134	111
15	134	112
15	134	114
15	134	122
15	134	131
15	134	132
15	134	133
15	134	182
15	134	192
15	135	22
15	135	34
15	135	43
15	135	44
15	135	45
15	135	54
15	135	71
15	135	72
15	135	73
15	135	74
15	135	76
15	135	82
15	135	85
15	135	91
15	135	94
15	135	96
15	135	101
15	135	102
15	135	111
15	135	112
15	135	122
15	135	123
15	135	132
15	135	192
15	135	195
15	136	22
15	136	34
15	136	43
15	136	44
15	136	45
15	136	54
15	136	71
15	136	72
15	136	73
15	136	74
15	136	82
15	136	85
15	136	91
15	136	96
15	136	101
15	136	102
15	136	111
15	136	112
15	136	114
15	136	122
15	136	123
15	136	131
15	136	132
15	136	133
15	136	192
15	136	195
15	141	12
15	141	22
15	141	34
15	141	43
15	141	44
15	141	45
15	141	54
15	141	71
15	141	72
15	141	73
15	141	74
15	141	76
15	141	82
15	141	85
15	141	91
15	141	96
15	141	101
15	141	102
15	141	111
15	141	112
15	141	121
15	141	123
15	141	132
15	141	192
15	141	195
15	142	22
15	142	34
15	142	43
15	142	44
15	142	45
15	142	54
15	142	71
15	142	72
15	142	73
15	142	74
15	142	82
15	142	85
15	142	91
15	142	96
15	142	101
15	142	102
15	142	111
15	142	112
15	142	114
15	142	122
15	142	132
15	142	192
15	142	195
15	143	22
15	143	34
15	143	43
15	143	44
15	143	45
15	143	51
15	143	54
15	143	71
15	143	72
15	143	73
15	143	74
15	143	76
15	143	82
15	143	85
15	143	91
15	143	96
15	143	101
15	143	102
15	143	111
15	143	112
15	143	114
15	143	122
15	143	123
15	143	131
15	143	132
15	143	192
15	143	195
15	144	22
15	144	34
15	144	43
15	144	44
15	144	45
15	144	53
15	144	54
15	144	71
15	144	72
15	144	73
15	144	74
15	144	76
15	144	82
15	144	85
15	144	91
15	144	96
15	144	101
15	144	102
15	144	111
15	144	112
15	144	113
15	144	114
15	144	122
15	144	123
15	144	131
15	144	132
15	144	192
15	145	22
15	145	34
15	145	43
15	145	44
15	145	45
15	145	54
15	145	71
15	145	72
15	145	73
15	145	74
15	145	82
15	145	85
15	145	91
15	145	96
15	145	101
15	145	102
15	145	111
15	145	112
15	145	123
15	145	131
15	145	132
15	145	192
15	145	195
15	146	22
15	146	34
15	146	43
15	146	44
15	146	45
15	146	53
15	146	54
15	146	71
15	146	72
15	146	73
15	146	74
15	146	76
15	146	82
15	146	85
15	146	91
15	146	96
15	146	101
15	146	102
15	146	111
15	146	112
15	146	122
15	146	123
15	146	132
15	146	192
15	146	195
15	151	22
15	151	34
15	151	43
15	151	44
15	151	45
15	151	54
15	151	71
15	151	72
15	151	73
15	151	74
15	151	76
15	151	82
15	151	85
15	151	91
15	151	94
15	151	96
15	151	101
15	151	102
15	151	111
15	151	112
15	151	114
15	151	122
15	151	123
15	151	131
15	151	132
15	151	192
15	151	195
15	152	12
15	152	22
15	152	34
15	152	43
15	152	44
15	152	45
15	152	54
15	152	71
15	152	72
15	152	73
15	152	74
15	152	76
15	152	82
15	152	83
15	152	85
15	152	91
15	152	94
15	152	96
15	152	101
15	152	102
15	152	111
15	152	112
15	152	114
15	152	123
15	152	131
15	152	132
15	152	192
15	152	195
15	153	22
15	153	34
15	153	43
15	153	44
15	153	45
15	153	54
15	153	71
15	153	72
15	153	73
15	153	74
15	153	82
15	153	85
15	153	91
15	153	96
15	153	101
15	153	102
15	153	111
15	153	112
15	153	122
15	153	123
15	153	131
15	153	132
15	153	141
15	153	192
15	153	195
15	154	22
15	154	34
15	154	43
15	154	44
15	154	45
15	154	53
15	154	54
15	154	71
15	154	72
15	154	73
15	154	74
15	154	76
15	154	82
15	154	83
15	154	85
15	154	91
15	154	96
15	154	101
15	154	102
15	154	111
15	154	112
15	154	114
15	154	122
15	154	123
15	154	132
15	154	192
15	154	195
15	155	22
15	155	34
15	155	43
15	155	44
15	155	45
15	155	71
15	155	72
15	155	73
15	155	74
15	155	82
15	155	85
15	155	91
15	155	96
15	155	101
15	155	102
15	155	111
15	155	112
15	155	122
15	155	123
15	155	131
15	155	132
15	155	192
15	156	22
15	156	34
15	156	43
15	156	44
15	156	45
15	156	71
15	156	72
15	156	74
15	156	76
15	156	82
15	156	85
15	156	91
15	156	94
15	156	96
15	156	101
15	156	102
15	156	103
15	156	111
15	156	112
15	156	114
15	156	123
15	156	131
15	156	132
15	156	192
15	161	22
15	161	34
15	161	43
15	161	44
15	161	45
15	161	53
15	161	54
15	161	61
15	161	71
15	161	72
15	161	73
15	161	74
15	161	76
15	161	82
15	161	83
15	161	85
15	161	91
15	161	96
15	161	101
15	161	102
15	161	111
15	161	112
15	161	114
15	161	122
15	161	123
15	161	131
15	161	132
15	161	192
15	161	195
15	162	22
15	162	34
15	162	43
15	162	44
15	162	45
15	162	54
15	162	71
15	162	72
15	162	73
15	162	74
15	162	76
15	162	82
15	162	85
15	162	91
15	162	96
15	162	101
15	162	102
15	162	111
15	162	112
15	162	113
15	162	114
15	162	122
15	162	123
15	162	131
15	162	132
15	162	192
15	162	195
15	163	22
15	163	34
15	163	43
15	163	44
15	163	45
15	163	53
15	163	54
15	163	71
15	163	72
15	163	73
15	163	74
15	163	76
15	163	82
15	163	85
15	163	91
15	163	96
15	163	101
15	163	102
15	163	111
15	163	112
15	163	114
15	163	122
15	163	123
15	163	131
15	163	132
15	163	192
15	163	195
15	163	204
15	164	22
15	164	34
15	164	43
15	164	44
15	164	45
15	164	53
15	164	54
15	164	71
15	164	72
15	164	73
15	164	74
15	164	76
15	164	82
15	164	83
15	164	85
15	164	91
15	164	94
15	164	96
15	164	101
15	164	102
15	164	111
15	164	112
15	164	114
15	164	123
15	164	132
15	164	141
15	164	192
15	164	195
15	165	12
15	165	22
15	165	34
15	165	43
15	165	44
15	165	45
15	165	53
15	165	54
15	165	71
15	165	72
15	165	73
15	165	74
15	165	76
15	165	82
15	165	85
15	165	91
15	165	96
15	165	101
15	165	102
15	165	111
15	165	112
15	165	114
15	165	121
15	165	122
15	165	123
15	165	131
15	165	132
15	165	192
15	165	195
15	166	22
15	166	34
15	166	43
15	166	44
15	166	45
15	166	53
15	166	54
15	166	61
15	166	71
15	166	72
15	166	73
15	166	74
15	166	76
15	166	82
15	166	85
15	166	91
15	166	96
15	166	101
15	166	102
15	166	111
15	166	112
15	166	114
15	166	122
15	166	123
15	166	131
15	166	132
15	166	141
15	166	181
15	166	192
15	166	194
15	166	195
15	171	22
15	171	34
15	171	43
15	171	44
15	171	45
15	171	54
15	171	61
15	171	71
15	171	72
15	171	73
15	171	74
15	171	76
15	171	82
15	171	83
15	171	85
15	171	91
15	171	96
15	171	101
15	171	102
15	171	111
15	171	112
15	171	114
15	171	122
15	171	123
15	171	131
15	171	132
15	171	192
15	172	22
15	172	34
15	172	43
15	172	44
15	172	45
15	172	53
15	172	54
15	172	71
15	172	72
15	172	73
15	172	74
15	172	76
15	172	82
15	172	85
15	172	91
15	172	96
15	172	101
15	172	102
15	172	111
15	172	112
15	172	114
15	172	122
15	172	123
15	172	131
15	172	132
15	172	192
15	172	195
15	173	22
15	173	34
15	173	43
15	173	44
15	173	45
15	173	53
15	173	54
15	173	71
15	173	72
15	173	73
15	173	74
15	173	76
15	173	82
15	173	85
15	173	91
15	173	96
15	173	101
15	173	102
15	173	111
15	173	112
15	173	114
15	173	122
15	173	123
15	173	131
15	173	132
15	173	192
15	173	195
15	174	12
15	174	22
15	174	34
15	174	43
15	174	44
15	174	45
15	174	53
15	174	54
15	174	71
15	174	72
15	174	73
15	174	74
15	174	76
15	174	82
15	174	85
15	174	91
15	174	96
15	174	101
15	174	102
15	174	111
15	174	112
15	174	114
15	174	123
15	174	131
15	174	132
15	174	192
15	174	195
15	175	22
15	175	34
15	175	43
15	175	44
15	175	45
15	175	54
15	175	71
15	175	72
15	175	73
15	175	74
15	175	82
15	175	85
15	175	91
15	175	96
15	175	101
15	175	102
15	175	111
15	175	112
15	175	122
15	175	123
15	175	131
15	175	132
15	175	192
15	175	195
15	176	22
15	176	34
15	176	43
15	176	44
15	176	45
15	176	54
15	176	71
15	176	72
15	176	73
15	176	74
15	176	76
15	176	82
15	176	85
15	176	91
15	176	96
15	176	101
15	176	102
15	176	111
15	176	112
15	176	114
15	176	122
15	176	123
15	176	131
15	176	132
15	176	192
15	176	195
15	181	22
15	181	34
15	181	43
15	181	44
15	181	45
15	181	53
15	181	54
15	181	71
15	181	72
15	181	73
15	181	74
15	181	76
15	181	82
15	181	85
15	181	91
15	181	96
15	181	101
15	181	102
15	181	111
15	181	112
15	181	122
15	181	123
15	181	132
15	181	192
15	182	22
15	182	34
15	182	43
15	182	44
15	182	45
15	182	54
15	182	71
15	182	72
15	182	73
15	182	74
15	182	76
15	182	82
15	182	85
15	182	91
15	182	96
15	182	101
15	182	102
15	182	111
15	182	112
15	182	122
15	182	123
15	182	131
15	182	132
15	182	192
15	182	195
15	183	22
15	183	34
15	183	43
15	183	44
15	183	45
15	183	53
15	183	54
15	183	71
15	183	72
15	183	73
15	183	74
15	183	76
15	183	82
15	183	85
15	183	91
15	183	96
15	183	101
15	183	102
15	183	111
15	183	112
15	183	114
15	183	122
15	183	123
15	183	131
15	183	132
15	183	192
15	184	22
15	184	34
15	184	43
15	184	44
15	184	45
15	184	54
15	184	71
15	184	72
15	184	73
15	184	74
15	184	82
15	184	85
15	184	91
15	184	96
15	184	101
15	184	102
15	184	111
15	184	112
15	184	122
15	184	123
15	184	131
15	184	132
15	184	192
15	184	195
15	185	22
15	185	34
15	185	43
15	185	44
15	185	45
15	185	54
15	185	71
15	185	72
15	185	73
15	185	74
15	185	82
15	185	85
15	185	91
15	185	96
15	185	101
15	185	102
15	185	111
15	185	112
15	185	121
15	185	122
15	185	123
15	185	131
15	185	132
15	185	192
15	186	22
15	186	34
15	186	43
15	186	44
15	186	45
15	186	53
15	186	54
15	186	61
15	186	71
15	186	72
15	186	73
15	186	74
15	186	76
15	186	82
15	186	85
15	186	91
15	186	96
15	186	101
15	186	102
15	186	111
15	186	112
15	186	122
15	186	123
15	186	131
15	186	132
15	186	192
15	191	22
15	191	34
15	191	43
15	191	44
15	191	45
15	191	53
15	191	54
15	191	71
15	191	72
15	191	73
15	191	74
15	191	76
15	191	82
15	191	85
15	191	91
15	191	96
15	191	101
15	191	102
15	191	111
15	191	112
15	191	122
15	191	123
15	191	131
15	191	132
15	191	192
15	192	22
15	192	34
15	192	43
15	192	44
15	192	45
15	192	53
15	192	54
15	192	61
15	192	71
15	192	72
15	192	73
15	192	74
15	192	76
15	192	82
15	192	85
15	192	96
15	192	101
15	192	102
15	192	111
15	192	112
15	192	114
15	192	122
15	192	123
15	192	132
15	192	141
15	193	22
15	193	34
15	193	43
15	193	44
15	193	45
15	193	53
15	193	54
15	193	61
15	193	71
15	193	72
15	193	73
15	193	74
15	193	76
15	193	82
15	193	85
15	193	91
15	193	96
15	193	101
15	193	102
15	193	111
15	193	112
15	193	122
15	193	123
15	193	131
15	193	132
15	193	141
15	193	192
15	193	195
15	194	22
15	194	34
15	194	43
15	194	44
15	194	45
15	194	53
15	194	54
15	194	71
15	194	72
15	194	73
15	194	74
15	194	76
15	194	82
15	194	85
15	194	91
15	194	96
15	194	101
15	194	102
15	194	111
15	194	112
15	194	114
15	194	122
15	194	123
15	194	131
15	194	132
15	194	192
15	194	195
15	195	22
15	195	34
15	195	43
15	195	44
15	195	45
15	195	53
15	195	54
15	195	71
15	195	72
15	195	73
15	195	74
15	195	76
15	195	82
15	195	85
15	195	91
15	195	96
15	195	101
15	195	102
15	195	111
15	195	112
15	195	114
15	195	122
15	195	123
15	195	132
15	195	192
15	196	22
15	196	34
15	196	43
15	196	44
15	196	45
15	196	53
15	196	54
15	196	71
15	196	72
15	196	73
15	196	74
15	196	82
15	196	85
15	196	91
15	196	96
15	196	101
15	196	102
15	196	111
15	196	112
15	196	114
15	196	122
15	196	123
15	196	131
15	196	132
15	196	192
15	201	12
15	201	22
15	201	34
15	201	43
15	201	44
15	201	45
15	201	53
15	201	54
15	201	71
15	201	72
15	201	73
15	201	82
15	201	85
15	201	91
15	201	96
15	201	101
15	201	102
15	201	111
15	201	112
15	201	114
15	201	121
15	201	132
15	201	141
15	201	192
15	203	22
15	203	34
15	203	43
15	203	44
15	203	45
15	203	71
15	203	72
15	203	82
15	203	85
15	203	91
15	203	96
15	203	101
15	203	102
15	203	111
15	203	112
15	203	114
15	204	22
15	204	43
15	204	44
15	204	45
15	204	54
15	204	71
15	204	72
15	204	73
15	204	82
15	204	85
15	204	91
15	204	96
15	204	101
15	204	102
15	204	112
15	204	122
15	204	132
15	204	192
15	205	22
15	205	34
15	205	43
15	205	44
15	205	45
15	205	71
15	205	82
15	205	85
15	205	91
15	205	96
15	205	101
15	205	111
15	205	112
15	205	114
15	205	192
15	206	22
15	206	34
15	206	43
15	206	44
15	206	45
15	206	71
15	206	72
15	206	82
15	206	85
15	206	96
15	206	101
15	206	111
15	206	114
15	206	192
