20	11	22
20	11	31
20	11	33
20	11	34
20	11	45
20	11	85
20	11	101
20	11	103
20	11	111
20	12	22
20	12	24
20	12	34
20	12	43
20	12	44
20	12	54
20	12	71
20	12	72
20	12	73
20	12	91
20	12	101
20	12	102
20	12	122
20	12	132
20	13	12
20	13	22
20	13	43
20	13	44
20	13	45
20	13	82
20	13	96
20	13	101
20	14	22
20	14	34
20	14	43
20	14	44
20	14	45
20	14	54
20	14	71
20	14	72
20	14	96
20	14	101
20	15	22
20	15	24
20	15	31
20	15	34
20	15	43
20	15	44
20	15	45
20	15	71
20	15	82
20	15	101
20	16	14
20	16	22
20	16	32
20	16	34
20	16	43
20	16	45
20	16	71
20	16	72
20	16	74
20	16	82
20	16	85
20	16	91
20	16	96
20	16	101
20	16	111
20	16	133
20	16	195
20	21	22
20	21	34
20	21	43
20	21	45
20	21	53
20	21	54
20	21	61
20	21	71
20	21	73
20	21	74
20	21	76
20	21	82
20	21	96
20	21	101
20	21	102
20	21	111
20	21	112
20	21	122
20	21	132
20	21	141
20	21	181
20	21	192
20	22	43
20	22	44
20	22	54
20	22	71
20	22	72
20	22	85
20	22	96
20	22	101
20	22	111
20	22	112
20	22	192
20	23	22
20	23	34
20	23	43
20	23	45
20	23	53
20	23	54
20	23	61
20	23	71
20	23	73
20	23	74
20	23	76
20	23	82
20	23	85
20	23	96
20	23	101
20	23	102
20	23	111
20	23	112
20	23	123
20	23	132
20	23	181
20	23	192
20	23	195
20	24	22
20	24	34
20	24	43
20	24	45
20	24	53
20	24	54
20	24	61
20	24	71
20	24	73
20	24	74
20	24	82
20	24	96
20	24	101
20	24	112
20	24	192
20	24	195
20	24	204
20	25	34
20	25	43
20	25	44
20	25	53
20	25	61
20	25	71
20	25	72
20	25	73
20	25	74
20	25	76
20	25	82
20	25	85
20	25	91
20	25	96
20	25	101
20	25	102
20	25	112
20	25	123
20	25	124
20	25	181
20	26	22
20	26	34
20	26	43
20	26	45
20	26	53
20	26	54
20	26	71
20	26	73
20	26	74
20	26	82
20	26	85
20	26	96
20	26	101
20	26	102
20	26	112
20	26	122
20	26	132
20	26	192
20	26	204
20	31	14
20	31	22
20	31	33
20	31	43
20	31	44
20	31	45
20	31	71
20	31	82
20	31	91
20	31	101
20	31	102
20	31	111
20	31	112
20	31	132
20	32	22
20	32	43
20	32	45
20	32	54
20	32	71
20	32	72
20	32	73
20	32	74
20	32	85
20	32	91
20	32	94
20	32	101
20	32	102
20	32	111
20	32	112
20	32	122
20	32	131
20	32	132
20	33	34
20	33	45
20	33	54
20	33	71
20	33	82
20	33	96
20	33	101
20	33	192
20	34	71
20	34	72
20	34	82
20	34	101
20	35	22
20	35	34
20	35	43
20	35	44
20	35	45
20	35	71
20	35	101
20	35	192
20	35	195
20	35	204
20	36	22
20	36	24
20	36	34
20	36	43
20	36	44
20	36	54
20	36	72
20	36	74
20	36	91
20	36	94
20	36	101
20	36	102
20	36	112
20	36	122
20	36	131
20	36	132
20	41	22
20	41	33
20	41	43
20	41	44
20	41	45
20	41	53
20	41	54
20	41	61
20	41	71
20	41	72
20	41	73
20	41	74
20	41	91
20	41	94
20	41	96
20	41	101
20	41	102
20	41	112
20	41	122
20	41	132
20	41	192
20	41	195
20	41	204
20	42	22
20	42	43
20	42	54
20	42	71
20	42	73
20	42	74
20	42	82
20	42	96
20	42	101
20	42	102
20	42	112
20	42	122
20	42	132
20	42	192
20	43	54
20	43	61
20	43	71
20	43	72
20	43	73
20	43	74
20	43	76
20	43	82
20	43	85
20	43	91
20	43	96
20	43	101
20	43	102
20	43	111
20	43	112
20	43	122
20	43	123
20	43	132
20	43	192
20	43	195
20	44	22
20	44	45
20	44	71
20	44	72
20	44	74
20	44	82
20	44	85
20	44	91
20	44	96
20	44	101
20	44	102
20	44	112
20	44	122
20	44	132
20	44	192
20	45	44
20	45	82
20	45	101
20	45	111
20	46	22
20	46	34
20	46	43
20	46	44
20	46	45
20	46	54
20	46	61
20	46	71
20	46	72
20	46	73
20	46	74
20	46	76
20	46	82
20	46	85
20	46	91
20	46	96
20	46	101
20	46	102
20	46	111
20	46	112
20	46	122
20	46	132
20	46	192
20	51	54
20	51	71
20	51	72
20	51	73
20	51	74
20	51	85
20	51	91
20	51	94
20	51	95
20	51	96
20	51	101
20	51	102
20	51	103
20	51	111
20	51	112
20	51	121
20	51	122
20	51	132
20	51	192
20	51	204
20	52	22
20	52	32
20	52	43
20	52	44
20	52	45
20	52	61
20	52	71
20	52	72
20	52	73
20	52	74
20	52	85
20	52	91
20	52	94
20	52	95
20	52	101
20	52	102
20	52	103
20	52	111
20	52	122
20	52	132
20	52	192
20	53	12
20	53	22
20	53	34
20	53	44
20	53	45
20	53	54
20	53	61
20	53	71
20	53	72
20	53	73
20	53	76
20	53	85
20	53	96
20	53	101
20	53	102
20	53	111
20	53	112
20	53	114
20	53	121
20	53	122
20	53	123
20	53	132
20	53	141
20	53	192
20	54	22
20	54	43
20	54	45
20	54	71
20	54	72
20	54	73
20	54	74
20	54	91
20	54	96
20	54	101
20	54	102
20	54	111
20	54	112
20	54	122
20	54	131
20	54	132
20	54	192
20	55	22
20	55	43
20	55	44
20	55	45
20	55	71
20	55	72
20	55	73
20	55	74
20	55	85
20	55	91
20	55	94
20	55	96
20	55	101
20	55	102
20	55	112
20	55	122
20	55	132
20	55	192
20	56	22
20	56	43
20	56	44
20	56	45
20	56	54
20	56	61
20	56	71
20	56	72
20	56	73
20	56	74
20	56	85
20	56	96
20	56	101
20	56	102
20	56	103
20	56	122
20	56	132
20	56	192
20	61	22
20	61	45
20	61	74
20	61	82
20	61	85
20	61	101
20	61	112
20	61	122
20	61	132
20	61	181
20	61	192
20	61	204
20	62	22
20	62	34
20	62	43
20	62	45
20	62	53
20	62	54
20	62	61
20	62	71
20	62	73
20	62	74
20	62	76
20	62	82
20	62	96
20	62	101
20	62	112
20	62	132
20	62	192
20	62	204
20	63	22
20	63	34
20	63	43
20	63	44
20	63	45
20	63	51
20	63	53
20	63	54
20	63	71
20	63	72
20	63	73
20	63	74
20	63	76
20	63	82
20	63	83
20	63	85
20	63	91
20	63	96
20	63	101
20	63	102
20	63	111
20	63	112
20	63	123
20	63	132
20	63	192
20	63	195
20	64	22
20	64	44
20	64	45
20	64	54
20	64	71
20	64	72
20	64	74
20	64	85
20	64	91
20	64	96
20	64	101
20	64	102
20	64	111
20	64	112
20	64	122
20	64	123
20	64	131
20	64	132
20	64	192
20	65	22
20	65	34
20	65	43
20	65	44
20	65	45
20	65	51
20	65	54
20	65	61
20	65	71
20	65	73
20	65	74
20	65	76
20	65	82
20	65	85
20	65	96
20	65	101
20	65	102
20	65	112
20	65	181
20	65	192
20	65	204
20	66	12
20	66	22
20	66	34
20	66	43
20	66	45
20	66	54
20	66	82
20	66	101
20	66	112
20	71	22
20	71	34
20	71	53
20	71	54
20	71	73
20	71	96
20	71	101
20	71	102
20	71	111
20	71	122
20	71	132
20	71	192
20	71	195
20	72	22
20	72	34
20	72	43
20	72	53
20	72	71
20	72	73
20	72	74
20	72	76
20	72	94
20	72	96
20	72	101
20	72	122
20	72	123
20	72	132
20	72	192
20	72	195
20	73	22
20	73	43
20	73	44
20	73	54
20	73	71
20	73	72
20	73	74
20	73	76
20	73	85
20	73	91
20	73	94
20	73	95
20	73	96
20	73	101
20	73	102
20	73	103
20	73	104
20	73	111
20	73	112
20	73	132
20	74	22
20	74	34
20	74	43
20	74	45
20	74	54
20	74	71
20	74	72
20	74	73
20	74	101
20	74	102
20	74	112
20	74	122
20	74	123
20	74	132
20	74	141
20	74	192
20	74	195
20	75	22
20	75	43
20	75	44
20	75	45
20	75	54
20	75	61
20	75	71
20	75	72
20	75	73
20	75	74
20	75	82
20	75	85
20	75	91
20	75	94
20	75	95
20	75	96
20	75	101
20	75	102
20	75	103
20	75	111
20	75	112
20	75	121
20	75	122
20	75	123
20	75	132
20	75	192
20	76	22
20	76	43
20	76	44
20	76	45
20	76	54
20	76	61
20	76	71
20	76	72
20	76	73
20	76	74
20	76	82
20	76	83
20	76	85
20	76	86
20	76	91
20	76	94
20	76	95
20	76	96
20	76	101
20	76	102
20	76	103
20	76	111
20	76	112
20	76	121
20	76	122
20	76	131
20	76	132
20	76	192
20	81	54
20	81	61
20	81	71
20	81	72
20	81	73
20	81	74
20	81	83
20	81	85
20	81	86
20	81	91
20	81	92
20	81	94
20	81	96
20	81	101
20	81	102
20	81	103
20	81	104
20	81	111
20	81	112
20	81	113
20	81	114
20	81	121
20	81	125
20	81	131
20	81	132
20	82	44
20	82	45
20	82	54
20	82	71
20	82	72
20	82	73
20	82	74
20	82	85
20	82	91
20	82	96
20	82	101
20	82	102
20	82	112
20	82	114
20	82	122
20	82	132
20	82	192
20	83	22
20	83	34
20	83	43
20	83	44
20	83	45
20	83	54
20	83	71
20	83	72
20	83	85
20	83	94
20	83	95
20	83	96
20	83	101
20	83	102
20	83	111
20	83	112
20	83	121
20	83	122
20	83	132
20	84	22
20	84	43
20	84	44
20	84	45
20	84	54
20	84	61
20	84	71
20	84	72
20	84	73
20	84	74
20	84	76
20	84	85
20	84	91
20	84	94
20	84	95
20	84	96
20	84	101
20	84	102
20	84	103
20	84	106
20	84	111
20	84	112
20	84	121
20	84	122
20	84	123
20	84	131
20	84	132
20	84	192
20	85	22
20	85	34
20	85	43
20	85	44
20	85	45
20	85	61
20	85	71
20	85	72
20	85	73
20	85	74
20	85	96
20	85	101
20	85	102
20	85	103
20	85	122
20	85	132
20	85	192
20	86	22
20	86	31
20	86	44
20	86	45
20	86	54
20	86	61
20	86	71
20	86	72
20	86	73
20	86	74
20	86	85
20	86	91
20	86	94
20	86	95
20	86	96
20	86	101
20	86	102
20	86	103
20	86	111
20	86	112
20	86	121
20	86	122
20	86	123
20	86	131
20	91	22
20	91	44
20	91	45
20	91	54
20	91	61
20	91	71
20	91	72
20	91	73
20	91	74
20	91	95
20	91	101
20	91	102
20	91	103
20	91	106
20	91	112
20	91	121
20	91	122
20	91	132
20	91	192
20	92	12
20	92	22
20	92	34
20	92	43
20	92	44
20	92	45
20	92	54
20	92	71
20	92	72
20	92	73
20	92	74
20	92	82
20	92	91
20	92	94
20	92	95
20	92	96
20	92	101
20	92	102
20	92	132
20	93	22
20	93	34
20	93	43
20	93	44
20	93	45
20	93	53
20	93	54
20	93	61
20	93	71
20	93	72
20	93	73
20	93	74
20	93	76
20	93	82
20	93	85
20	93	91
20	93	94
20	93	95
20	93	96
20	93	101
20	93	102
20	93	111
20	93	112
20	93	122
20	93	132
20	93	192
20	93	195
20	93	204
20	94	22
20	94	44
20	94	54
20	94	71
20	94	72
20	94	73
20	94	74
20	94	96
20	94	101
20	94	102
20	94	162
20	95	22
20	95	34
20	95	43
20	95	44
20	95	71
20	95	72
20	95	101
20	95	112
20	95	132
20	96	22
20	96	33
20	96	43
20	96	44
20	96	45
20	96	54
20	96	71
20	96	72
20	96	73
20	96	82
20	96	85
20	96	91
20	96	92
20	96	94
20	96	101
20	96	102
20	96	103
20	96	104
20	96	111
20	96	112
20	96	122
20	96	123
20	96	131
20	96	132
20	96	192
20	101	22
20	101	43
20	101	44
20	101	45
20	101	54
20	101	61
20	101	71
20	101	72
20	101	73
20	101	74
20	101	85
20	101	91
20	101	94
20	101	95
20	101	96
20	101	102
20	101	111
20	101	112
20	101	132
20	101	204
20	102	22
20	102	33
20	102	34
20	102	43
20	102	44
20	102	45
20	102	54
20	102	71
20	102	73
20	102	74
20	102	83
20	102	94
20	102	96
20	102	101
20	102	122
20	102	131
20	102	132
20	102	192
20	103	22
20	103	43
20	103	44
20	103	45
20	103	54
20	103	61
20	103	71
20	103	72
20	103	73
20	103	74
20	103	85
20	103	91
20	103	94
20	103	95
20	103	96
20	103	101
20	103	102
20	103	111
20	103	112
20	103	114
20	103	121
20	103	132
20	104	22
20	104	73
20	104	95
20	104	96
20	104	101
20	104	111
20	104	204
20	105	22
20	105	34
20	105	43
20	105	44
20	105	45
20	105	71
20	105	72
20	105	73
20	105	74
20	105	82
20	105	85
20	105	101
20	106	22
20	106	44
20	106	54
20	106	61
20	106	71
20	106	72
20	106	73
20	106	74
20	106	85
20	106	91
20	106	94
20	106	95
20	106	96
20	106	101
20	106	102
20	106	103
20	106	111
20	106	112
20	106	113
20	106	114
20	106	121
20	106	122
20	106	131
20	106	132
20	106	192
20	111	22
20	111	43
20	111	44
20	111	45
20	111	53
20	111	54
20	111	61
20	111	71
20	111	72
20	111	73
20	111	74
20	111	76
20	111	85
20	111	94
20	111	101
20	111	102
20	111	112
20	111	192
20	112	22
20	112	34
20	112	43
20	112	44
20	112	45
20	112	53
20	112	54
20	112	61
20	112	71
20	112	72
20	112	73
20	112	74
20	112	76
20	112	82
20	112	91
20	112	101
20	112	102
20	112	103
20	112	111
20	112	122
20	112	132
20	112	192
20	112	195
20	113	22
20	113	31
20	113	44
20	113	45
20	113	54
20	113	61
20	113	71
20	113	72
20	113	73
20	113	74
20	113	85
20	113	91
20	113	94
20	113	95
20	113	96
20	113	101
20	113	102
20	113	103
20	113	111
20	113	112
20	113	122
20	113	123
20	113	132
20	114	22
20	114	33
20	114	34
20	114	43
20	114	44
20	114	45
20	114	53
20	114	54
20	114	61
20	114	71
20	114	72
20	114	73
20	114	74
20	114	76
20	114	82
20	114	85
20	114	91
20	114	92
20	114	94
20	114	95
20	114	96
20	114	101
20	114	102
20	114	103
20	114	111
20	114	112
20	114	122
20	114	131
20	114	192
20	115	22
20	115	44
20	115	45
20	115	54
20	115	71
20	115	72
20	115	73
20	115	74
20	115	85
20	115	91
20	115	94
20	115	95
20	115	96
20	115	101
20	115	102
20	115	111
20	115	112
20	115	122
20	115	132
20	115	192
20	116	22
20	116	34
20	116	43
20	116	44
20	116	45
20	116	53
20	116	54
20	116	61
20	116	71
20	116	72
20	116	73
20	116	74
20	116	76
20	116	82
20	116	85
20	116	91
20	116	94
20	116	95
20	116	96
20	116	101
20	116	102
20	116	103
20	116	111
20	116	112
20	116	122
20	116	132
20	116	192
20	116	204
20	121	22
20	121	34
20	121	43
20	121	44
20	121	45
20	121	54
20	121	61
20	121	71
20	121	72
20	121	73
20	121	74
20	121	85
20	121	91
20	121	94
20	121	95
20	121	96
20	121	101
20	121	102
20	121	111
20	121	112
20	121	122
20	121	123
20	121	132
20	121	192
20	122	22
20	122	45
20	122	71
20	122	72
20	122	73
20	122	74
20	122	82
20	122	85
20	122	86
20	122	91
20	122	94
20	122	95
20	122	96
20	122	101
20	122	102
20	122	103
20	122	111
20	122	112
20	122	114
20	122	121
20	122	123
20	122	131
20	122	132
20	123	22
20	123	34
20	123	43
20	123	44
20	123	45
20	123	53
20	123	54
20	123	61
20	123	71
20	123	72
20	123	73
20	123	74
20	123	76
20	123	82
20	123	83
20	123	85
20	123	91
20	123	96
20	123	101
20	123	102
20	123	103
20	123	111
20	123	112
20	123	121
20	123	132
20	123	192
20	123	204
20	124	22
20	124	34
20	124	43
20	124	44
20	124	45
20	124	53
20	124	54
20	124	61
20	124	71
20	124	72
20	124	73
20	124	74
20	124	82
20	124	85
20	124	91
20	124	96
20	124	101
20	124	102
20	124	122
20	124	123
20	124	192
20	124	195
20	125	22
20	125	34
20	125	43
20	125	44
20	125	45
20	125	54
20	125	71
20	125	72
20	125	82
20	125	96
20	125	101
20	126	22
20	126	34
20	126	43
20	126	44
20	126	45
20	126	53
20	126	54
20	126	71
20	126	72
20	126	73
20	126	74
20	126	76
20	126	82
20	126	91
20	126	96
20	126	101
20	126	102
20	126	112
20	126	132
20	126	195
20	131	22
20	131	34
20	131	43
20	131	44
20	131	71
20	131	72
20	131	95
20	131	101
20	132	22
20	132	44
20	132	45
20	132	54
20	132	71
20	132	72
20	132	73
20	132	74
20	132	82
20	132	85
20	132	91
20	132	94
20	132	95
20	132	96
20	132	101
20	132	102
20	132	111
20	132	112
20	132	122
20	132	123
20	132	141
20	132	192
20	133	12
20	133	22
20	133	43
20	133	45
20	133	53
20	133	54
20	133	71
20	133	73
20	133	74
20	133	76
20	133	82
20	133	96
20	133	101
20	133	121
20	133	132
20	133	141
20	133	192
20	133	204
20	134	43
20	134	71
20	134	73
20	134	74
20	134	96
20	134	114
20	134	131
20	134	182
20	135	22
20	135	44
20	135	45
20	135	54
20	135	71
20	135	72
20	135	73
20	135	74
20	135	85
20	135	91
20	135	94
20	135	101
20	135	102
20	135	112
20	135	122
20	135	132
20	135	192
20	136	22
20	136	44
20	136	45
20	136	54
20	136	72
20	136	74
20	136	85
20	136	91
20	136	101
20	136	102
20	136	111
20	136	112
20	136	122
20	136	131
20	136	132
20	136	133
20	136	192
20	141	12
20	141	22
20	141	34
20	141	43
20	141	44
20	141	45
20	141	54
20	141	71
20	141	72
20	141	74
20	141	82
20	141	85
20	141	96
20	141	101
20	141	102
20	141	112
20	141	121
20	141	123
20	141	192
20	141	195
20	142	22
20	142	34
20	142	43
20	142	44
20	142	45
20	142	72
20	142	82
20	142	101
20	143	22
20	143	34
20	143	43
20	143	45
20	143	51
20	143	53
20	143	71
20	143	82
20	143	85
20	143	91
20	143	96
20	143	101
20	143	102
20	143	111
20	143	112
20	143	122
20	143	123
20	143	131
20	143	133
20	143	192
20	143	195
20	144	22
20	144	34
20	144	43
20	144	44
20	144	45
20	144	53
20	144	54
20	144	71
20	144	72
20	144	73
20	144	74
20	144	76
20	144	82
20	144	85
20	144	91
20	144	96
20	144	101
20	144	102
20	144	111
20	144	112
20	144	114
20	144	122
20	144	131
20	144	132
20	144	192
20	145	22
20	145	44
20	145	45
20	145	54
20	145	72
20	145	73
20	145	74
20	145	91
20	145	101
20	145	102
20	145	112
20	145	131
20	145	132
20	145	192
20	146	22
20	146	34
20	146	43
20	146	44
20	146	45
20	146	53
20	146	54
20	146	61
20	146	71
20	146	72
20	146	73
20	146	74
20	146	82
20	146	85
20	146	91
20	146	96
20	146	101
20	146	102
20	146	112
20	146	122
20	146	132
20	146	192
20	146	195
20	151	22
20	151	34
20	151	44
20	151	45
20	151	54
20	151	72
20	151	73
20	151	74
20	151	85
20	151	91
20	151	101
20	151	102
20	151	112
20	151	122
20	151	131
20	151	132
20	151	192
20	152	12
20	152	22
20	152	34
20	152	43
20	152	44
20	152	45
20	152	54
20	152	71
20	152	72
20	152	74
20	152	82
20	152	85
20	152	91
20	152	96
20	152	101
20	152	102
20	152	111
20	152	112
20	152	121
20	152	122
20	152	123
20	152	131
20	152	132
20	153	22
20	153	44
20	153	45
20	153	54
20	153	72
20	153	91
20	153	94
20	153	101
20	153	102
20	153	112
20	153	122
20	153	131
20	153	132
20	154	22
20	154	34
20	154	43
20	154	44
20	154	45
20	154	53
20	154	54
20	154	61
20	154	71
20	154	73
20	154	74
20	154	76
20	154	82
20	154	85
20	154	96
20	154	101
20	154	112
20	154	132
20	154	181
20	154	192
20	154	195
20	154	204
20	155	22
20	155	82
20	155	85
20	155	96
20	155	101
20	155	105
20	155	111
20	155	131
20	155	132
20	156	22
20	156	34
20	156	43
20	156	44
20	156	45
20	156	71
20	156	72
20	156	74
20	156	82
20	156	85
20	156	91
20	156	94
20	156	96
20	156	101
20	156	102
20	156	111
20	156	112
20	156	123
20	156	133
20	161	22
20	161	34
20	161	43
20	161	44
20	161	45
20	161	53
20	161	54
20	161	61
20	161	71
20	161	72
20	161	73
20	161	74
20	161	76
20	161	82
20	161	85
20	161	94
20	161	96
20	161	101
20	161	102
20	161	111
20	161	112
20	161	123
20	161	132
20	161	192
20	162	22
20	162	34
20	162	43
20	162	44
20	162	45
20	162	54
20	162	71
20	162	72
20	162	73
20	162	74
20	162	85
20	162	91
20	162	96
20	162	101
20	162	102
20	162	112
20	162	122
20	162	131
20	162	132
20	162	192
20	163	22
20	163	34
20	163	43
20	163	45
20	163	71
20	163	72
20	163	74
20	163	82
20	163	85
20	163	91
20	163	96
20	163	101
20	163	102
20	163	111
20	163	112
20	163	122
20	163	123
20	163	131
20	163	132
20	163	192
20	163	204
20	164	22
20	164	24
20	164	32
20	164	34
20	164	43
20	164	44
20	164	45
20	164	53
20	164	71
20	164	72
20	164	73
20	164	74
20	164	85
20	164	92
20	164	94
20	164	96
20	164	101
20	164	102
20	164	111
20	164	112
20	164	122
20	164	123
20	164	132
20	164	141
20	165	12
20	165	22
20	165	44
20	165	45
20	165	54
20	165	71
20	165	72
20	165	85
20	165	91
20	165	96
20	165	101
20	165	102
20	165	112
20	165	121
20	165	122
20	165	131
20	165	132
20	165	192
20	166	22
20	166	44
20	166	45
20	166	53
20	166	54
20	166	71
20	166	73
20	166	74
20	166	82
20	166	85
20	166	96
20	166	101
20	166	102
20	166	112
20	166	122
20	166	132
20	166	172
20	166	181
20	166	183
20	166	192
20	166	194
20	166	195
20	171	22
20	171	34
20	171	43
20	171	44
20	171	45
20	171	54
20	171	61
20	171	71
20	171	72
20	171	73
20	171	74
20	171	76
20	171	82
20	171	85
20	171	96
20	171	101
20	171	102
20	171	111
20	171	112
20	171	122
20	171	132
20	171	192
20	172	22
20	172	45
20	172	53
20	172	54
20	172	61
20	172	71
20	172	73
20	172	74
20	172	85
20	172	96
20	172	101
20	172	102
20	172	112
20	172	122
20	172	123
20	172	132
20	172	192
20	172	195
20	172	204
20	173	22
20	173	34
20	173	43
20	173	44
20	173	45
20	173	54
20	173	71
20	173	72
20	173	73
20	173	74
20	173	85
20	173	91
20	173	96
20	173	101
20	173	102
20	173	112
20	173	122
20	173	132
20	173	192
20	173	195
20	174	12
20	174	22
20	174	45
20	174	54
20	174	71
20	174	73
20	174	82
20	174	96
20	174	101
20	174	192
20	175	22
20	175	44
20	175	45
20	175	54
20	175	72
20	175	73
20	175	74
20	175	101
20	175	102
20	175	112
20	175	122
20	175	131
20	175	132
20	175	192
20	176	22
20	176	34
20	176	43
20	176	44
20	176	45
20	176	54
20	176	71
20	176	72
20	176	73
20	176	74
20	176	82
20	176	85
20	176	91
20	176	96
20	176	101
20	176	102
20	176	112
20	176	122
20	176	131
20	176	132
20	176	192
20	176	195
20	181	22
20	181	31
20	181	32
20	181	34
20	181	43
20	181	44
20	181	45
20	181	54
20	181	72
20	181	101
20	181	122
20	181	192
20	182	22
20	182	34
20	182	44
20	182	45
20	182	54
20	182	71
20	182	72
20	182	74
20	182	85
20	182	91
20	182	96
20	182	101
20	182	102
20	182	111
20	182	112
20	182	122
20	182	123
20	182	131
20	182	132
20	182	192
20	182	195
20	183	22
20	183	34
20	183	43
20	183	44
20	183	45
20	183	53
20	183	54
20	183	71
20	183	72
20	183	73
20	183	74
20	183	76
20	183	82
20	183	85
20	183	91
20	183	96
20	183	101
20	183	102
20	183	112
20	183	122
20	183	123
20	183	132
20	183	192
20	184	22
20	184	44
20	184	54
20	184	72
20	184	101
20	184	102
20	184	112
20	184	122
20	184	123
20	184	131
20	184	132
20	185	22
20	185	31
20	185	45
20	185	54
20	185	72
20	185	85
20	185	101
20	185	102
20	185	112
20	185	122
20	185	131
20	185	132
20	185	192
20	186	22
20	186	34
20	186	43
20	186	44
20	186	45
20	186	53
20	186	54
20	186	71
20	186	72
20	186	73
20	186	74
20	186	82
20	186	85
20	186	91
20	186	96
20	186	101
20	186	102
20	186	112
20	186	122
20	186	132
20	186	181
20	186	192
20	186	195
20	191	45
20	191	53
20	191	54
20	191	73
20	191	82
20	191	96
20	191	101
20	191	102
20	191	112
20	191	122
20	191	132
20	191	192
20	192	22
20	192	43
20	192	45
20	192	53
20	192	54
20	192	61
20	192	71
20	192	73
20	192	74
20	192	76
20	192	96
20	192	101
20	192	112
20	192	122
20	192	132
20	192	181
20	192	195
20	192	204
20	193	22
20	193	44
20	193	45
20	193	54
20	193	71
20	193	72
20	193	73
20	193	74
20	193	82
20	193	85
20	193	91
20	193	96
20	193	101
20	193	102
20	193	112
20	193	122
20	193	132
20	193	192
20	194	22
20	194	34
20	194	43
20	194	44
20	194	45
20	194	53
20	194	54
20	194	61
20	194	71
20	194	73
20	194	74
20	194	76
20	194	82
20	194	85
20	194	96
20	194	101
20	194	102
20	194	112
20	194	122
20	194	123
20	194	132
20	194	181
20	194	183
20	194	192
20	194	195
20	194	204
20	195	22
20	195	34
20	195	43
20	195	44
20	195	45
20	195	54
20	195	71
20	195	82
20	195	101
20	195	112
20	195	122
20	195	132
20	195	192
20	196	22
20	196	43
20	196	45
20	196	96
20	196	101
20	196	132
20	201	12
20	201	22
20	201	32
20	201	34
20	201	43
20	201	44
20	201	45
20	201	82
20	201	101
20	201	144
20	201	204
20	203	22
20	203	101
20	204	96
20	204	101
20	204	112
20	205	96
20	205	101
20	206	22
20	206	43
20	206	45
20	206	101
