25	11	22
25	11	31
25	11	34
25	11	101
25	11	103
25	12	24
25	12	44
25	12	72
25	12	102
25	13	12
25	13	22
25	13	43
25	13	101
25	14	22
25	14	34
25	14	43
25	14	44
25	15	22
25	15	24
25	15	31
25	15	34
25	15	43
25	15	44
25	15	45
25	16	22
25	16	82
25	16	101
25	16	105
25	16	115
25	16	133
25	16	195
25	21	34
25	21	43
25	21	45
25	21	53
25	21	54
25	21	61
25	21	71
25	21	73
25	21	74
25	21	82
25	21	96
25	21	122
25	21	132
25	21	181
25	21	183
25	22	44
25	22	72
25	22	122
25	22	192
25	23	22
25	23	44
25	23	45
25	23	53
25	23	54
25	23	61
25	23	71
25	23	73
25	23	74
25	23	82
25	23	96
25	23	101
25	23	102
25	23	123
25	23	195
25	24	22
25	24	45
25	24	53
25	24	54
25	24	61
25	24	96
25	24	101
25	24	195
25	24	204
25	25	36
25	25	51
25	25	52
25	25	61
25	25	64
25	25	181
25	26	34
25	26	45
25	26	54
25	26	73
25	26	101
25	26	102
25	26	112
25	26	122
25	26	132
25	31	22
25	31	43
25	31	44
25	31	102
25	31	132
25	32	22
25	32	71
25	32	72
25	32	73
25	32	74
25	32	91
25	32	94
25	32	101
25	32	102
25	32	103
25	32	122
25	32	131
25	32	132
25	33	34
25	35	22
25	35	34
25	35	43
25	35	44
25	35	204
25	36	24
25	36	72
25	36	94
25	36	101
25	36	102
25	36	122
25	36	132
25	41	31
25	41	43
25	41	44
25	41	45
25	41	53
25	41	54
25	41	61
25	41	71
25	41	73
25	41	74
25	41	91
25	41	94
25	41	96
25	41	112
25	41	181
25	41	195
25	42	54
25	42	73
25	42	74
25	42	96
25	42	101
25	42	122
25	42	192
25	43	54
25	43	72
25	43	73
25	43	74
25	43	94
25	43	96
25	43	101
25	43	102
25	43	122
25	43	132
25	43	195
25	44	22
25	44	45
25	44	72
25	44	94
25	44	101
25	44	102
25	44	112
25	44	122
25	44	132
25	45	31
25	46	44
25	46	45
25	46	54
25	46	71
25	46	72
25	46	96
25	46	101
25	46	102
25	46	122
25	46	132
25	51	24
25	51	71
25	51	72
25	51	73
25	51	74
25	51	91
25	51	94
25	51	95
25	51	96
25	51	101
25	51	102
25	51	103
25	51	121
25	51	126
25	51	132
25	51	204
25	52	46
25	52	61
25	52	71
25	52	72
25	52	73
25	52	74
25	52	91
25	52	94
25	52	95
25	52	101
25	52	102
25	52	103
25	52	104
25	52	111
25	52	114
25	52	122
25	52	132
25	53	12
25	53	44
25	53	61
25	53	71
25	53	72
25	53	73
25	53	74
25	53	76
25	53	83
25	53	85
25	53	95
25	53	96
25	53	101
25	53	102
25	53	111
25	53	112
25	53	114
25	53	121
25	53	126
25	53	132
25	53	133
25	53	141
25	53	144
25	54	43
25	54	45
25	54	61
25	54	71
25	54	72
25	54	73
25	54	74
25	54	91
25	54	94
25	54	101
25	54	102
25	54	103
25	54	122
25	54	132
25	55	31
25	55	44
25	55	45
25	55	71
25	55	72
25	55	73
25	55	74
25	55	94
25	55	101
25	55	102
25	55	106
25	55	112
25	55	122
25	55	132
25	56	54
25	56	61
25	56	71
25	56	72
25	56	73
25	56	74
25	56	94
25	56	95
25	56	96
25	56	101
25	56	102
25	56	103
25	56	122
25	56	132
25	61	74
25	61	101
25	61	181
25	62	53
25	62	54
25	62	71
25	62	73
25	62	74
25	62	96
25	62	101
25	62	122
25	62	192
25	62	195
25	63	12
25	63	22
25	63	34
25	63	43
25	63	45
25	63	53
25	63	54
25	63	73
25	63	96
25	63	101
25	63	195
25	64	31
25	64	72
25	64	94
25	64	102
25	64	122
25	64	132
25	65	34
25	65	43
25	65	44
25	65	45
25	65	54
25	65	61
25	65	71
25	65	73
25	65	74
25	65	82
25	65	85
25	65	96
25	65	101
25	65	112
25	65	181
25	66	12
25	66	22
25	66	34
25	66	43
25	66	45
25	66	54
25	66	204
25	71	22
25	71	34
25	71	54
25	71	96
25	71	195
25	72	22
25	72	33
25	72	34
25	72	43
25	72	44
25	72	71
25	72	73
25	72	94
25	72	101
25	72	103
25	72	122
25	72	132
25	73	43
25	73	71
25	73	72
25	73	74
25	73	85
25	73	86
25	73	91
25	73	94
25	73	95
25	73	96
25	73	101
25	73	102
25	73	104
25	73	111
25	73	114
25	74	22
25	74	73
25	74	101
25	74	112
25	74	126
25	74	141
25	75	22
25	75	43
25	75	44
25	75	61
25	75	71
25	75	72
25	75	73
25	75	74
25	75	85
25	75	91
25	75	94
25	75	95
25	75	101
25	75	102
25	75	103
25	75	111
25	75	112
25	75	122
25	75	132
25	76	44
25	76	61
25	76	71
25	76	72
25	76	73
25	76	74
25	76	85
25	76	86
25	76	91
25	76	94
25	76	95
25	76	96
25	76	101
25	76	102
25	76	103
25	76	104
25	76	111
25	76	112
25	76	114
25	76	121
25	76	122
25	76	125
25	76	132
25	76	204
25	81	61
25	81	71
25	81	72
25	81	73
25	81	74
25	81	85
25	81	86
25	81	91
25	81	92
25	81	94
25	81	96
25	81	101
25	81	102
25	81	103
25	81	104
25	81	111
25	81	112
25	81	113
25	81	114
25	81	121
25	81	124
25	81	125
25	81	131
25	81	132
25	82	45
25	82	54
25	82	72
25	82	73
25	82	74
25	82	91
25	82	101
25	82	102
25	82	103
25	82	122
25	82	132
25	83	22
25	83	31
25	83	43
25	83	44
25	83	72
25	83	94
25	83	95
25	83	101
25	83	102
25	83	132
25	84	44
25	84	45
25	84	54
25	84	61
25	84	71
25	84	72
25	84	73
25	84	74
25	84	85
25	84	91
25	84	94
25	84	95
25	84	96
25	84	101
25	84	102
25	84	103
25	84	104
25	84	106
25	84	112
25	84	121
25	84	122
25	84	123
25	84	126
25	84	132
25	84	204
25	85	33
25	85	43
25	85	45
25	85	61
25	85	71
25	85	72
25	85	73
25	85	74
25	85	94
25	85	96
25	85	101
25	85	102
25	85	103
25	85	122
25	85	132
25	86	31
25	86	54
25	86	71
25	86	72
25	86	73
25	86	74
25	86	91
25	86	94
25	86	95
25	86	101
25	86	102
25	86	103
25	86	104
25	86	111
25	86	122
25	91	54
25	91	71
25	91	72
25	91	73
25	91	74
25	91	95
25	91	101
25	91	102
25	91	103
25	91	106
25	91	115
25	91	132
25	92	12
25	92	22
25	92	31
25	92	43
25	92	44
25	92	45
25	92	71
25	92	72
25	92	73
25	93	22
25	93	43
25	93	44
25	93	54
25	93	61
25	93	71
25	93	72
25	93	73
25	93	74
25	93	82
25	93	85
25	93	91
25	93	94
25	93	95
25	93	96
25	93	101
25	93	102
25	93	111
25	93	112
25	93	132
25	93	204
25	94	72
25	94	73
25	94	74
25	94	101
25	94	102
25	94	162
25	95	22
25	95	34
25	95	43
25	96	44
25	96	54
25	96	71
25	96	72
25	96	73
25	96	85
25	96	91
25	96	92
25	96	94
25	96	101
25	96	102
25	96	103
25	96	104
25	96	112
25	96	122
25	96	132
25	101	71
25	101	72
25	101	73
25	101	74
25	101	85
25	101	86
25	101	91
25	101	94
25	101	95
25	101	96
25	101	102
25	101	112
25	101	132
25	101	204
25	102	31
25	102	33
25	102	45
25	102	54
25	102	71
25	102	72
25	102	73
25	102	74
25	102	94
25	102	101
25	102	103
25	102	122
25	102	132
25	103	46
25	103	61
25	103	71
25	103	72
25	103	73
25	103	74
25	103	85
25	103	91
25	103	94
25	103	95
25	103	101
25	103	102
25	103	104
25	103	111
25	103	114
25	104	73
25	104	74
25	104	95
25	104	96
25	104	101
25	104	204
25	105	22
25	105	43
25	105	44
25	105	71
25	105	72
25	105	73
25	105	74
25	105	85
25	105	101
25	105	102
25	105	113
25	105	132
25	106	61
25	106	71
25	106	72
25	106	73
25	106	74
25	106	85
25	106	91
25	106	94
25	106	95
25	106	96
25	106	101
25	106	102
25	106	103
25	106	104
25	106	111
25	106	112
25	106	113
25	106	114
25	106	121
25	106	122
25	106	125
25	106	132
25	111	61
25	111	71
25	111	72
25	111	73
25	111	74
25	111	85
25	111	86
25	111	91
25	111	92
25	111	94
25	111	101
25	111	102
25	111	104
25	111	112
25	111	204
25	112	22
25	112	31
25	112	43
25	112	44
25	112	45
25	112	54
25	112	61
25	112	71
25	112	72
25	112	73
25	112	74
25	112	91
25	112	95
25	112	101
25	112	102
25	112	103
25	112	122
25	112	132
25	113	31
25	113	54
25	113	71
25	113	72
25	113	73
25	113	74
25	113	91
25	113	94
25	113	95
25	113	101
25	113	102
25	113	103
25	113	106
25	113	111
25	113	122
25	113	123
25	113	132
25	113	163
25	114	44
25	114	45
25	114	54
25	114	61
25	114	71
25	114	72
25	114	73
25	114	74
25	114	85
25	114	86
25	114	91
25	114	92
25	114	94
25	114	95
25	114	96
25	114	101
25	114	102
25	114	103
25	114	111
25	114	112
25	114	122
25	114	123
25	114	131
25	114	204
25	115	31
25	115	54
25	115	71
25	115	72
25	115	73
25	115	74
25	115	91
25	115	94
25	115	95
25	115	101
25	115	102
25	115	122
25	115	132
25	116	22
25	116	45
25	116	54
25	116	61
25	116	71
25	116	72
25	116	73
25	116	74
25	116	85
25	116	91
25	116	94
25	116	95
25	116	96
25	116	101
25	116	102
25	116	103
25	116	104
25	116	111
25	116	112
25	116	132
25	121	54
25	121	61
25	121	71
25	121	72
25	121	73
25	121	74
25	121	85
25	121	91
25	121	94
25	121	95
25	121	96
25	121	101
25	121	102
25	121	103
25	121	104
25	121	106
25	121	111
25	121	122
25	121	132
25	122	71
25	122	72
25	122	73
25	122	74
25	122	85
25	122	86
25	122	91
25	122	94
25	122	95
25	122	96
25	122	101
25	122	102
25	122	103
25	122	111
25	122	112
25	122	114
25	122	121
25	122	123
25	122	131
25	122	132
25	123	53
25	123	54
25	123	61
25	123	71
25	123	73
25	123	74
25	123	83
25	123	85
25	123	96
25	123	101
25	123	102
25	123	103
25	123	121
25	123	132
25	123	204
25	124	31
25	124	33
25	124	43
25	124	44
25	124	45
25	124	54
25	124	61
25	124	71
25	124	72
25	124	73
25	124	74
25	124	101
25	124	102
25	124	122
25	124	135
25	124	192
25	125	22
25	125	43
25	125	101
25	126	22
25	126	43
25	126	44
25	126	45
25	126	54
25	126	71
25	126	72
25	126	73
25	126	74
25	126	91
25	126	132
25	126	134
25	126	195
25	131	22
25	131	43
25	131	72
25	131	95
25	132	45
25	132	71
25	132	72
25	132	73
25	132	74
25	132	82
25	132	85
25	132	91
25	132	94
25	132	95
25	132	101
25	132	102
25	132	103
25	132	104
25	132	111
25	132	112
25	132	122
25	133	43
25	133	53
25	133	54
25	133	61
25	133	73
25	133	96
25	133	101
25	133	141
25	134	71
25	134	122
25	134	182
25	135	31
25	135	54
25	135	71
25	135	72
25	135	73
25	135	74
25	135	94
25	135	101
25	135	102
25	135	103
25	135	122
25	135	132
25	136	31
25	136	54
25	136	72
25	136	91
25	136	102
25	136	122
25	136	131
25	136	132
25	136	133
25	141	12
25	141	22
25	141	34
25	141	43
25	141	44
25	141	45
25	141	71
25	141	101
25	142	22
25	142	34
25	142	43
25	142	44
25	143	22
25	143	51
25	143	82
25	143	85
25	143	96
25	143	123
25	143	131
25	143	133
25	143	192
25	144	45
25	144	54
25	144	71
25	144	73
25	144	74
25	144	76
25	144	82
25	144	85
25	144	91
25	144	96
25	144	101
25	144	102
25	144	112
25	144	114
25	144	122
25	144	123
25	144	131
25	145	31
25	145	45
25	145	54
25	145	72
25	145	94
25	145	102
25	145	131
25	145	132
25	146	22
25	146	34
25	146	44
25	146	45
25	146	53
25	146	54
25	146	82
25	146	96
25	146	101
25	146	105
25	151	31
25	151	72
25	151	101
25	151	102
25	151	122
25	151	132
25	152	74
25	152	96
25	152	102
25	152	111
25	152	132
25	153	31
25	153	33
25	153	45
25	153	54
25	153	72
25	153	94
25	153	102
25	153	132
25	154	43
25	154	45
25	154	53
25	154	54
25	154	61
25	154	71
25	154	73
25	154	74
25	154	96
25	154	101
25	154	112
25	154	122
25	154	181
25	154	192
25	154	195
25	155	182
25	155	183
25	155	195
25	156	22
25	156	32
25	156	43
25	156	44
25	156	72
25	156	82
25	156	91
25	156	94
25	156	102
25	156	123
25	156	131
25	156	133
25	161	22
25	161	34
25	161	43
25	161	45
25	161	53
25	161	54
25	161	61
25	161	71
25	161	72
25	161	73
25	161	74
25	161	76
25	161	82
25	161	94
25	161	95
25	161	96
25	161	101
25	161	102
25	161	132
25	162	22
25	162	44
25	162	45
25	162	54
25	162	72
25	162	73
25	162	101
25	162	102
25	162	122
25	162	132
25	163	22
25	163	72
25	163	82
25	163	91
25	163	94
25	163	96
25	163	101
25	163	102
25	163	122
25	163	123
25	163	133
25	164	22
25	164	32
25	164	34
25	164	43
25	164	54
25	164	71
25	164	73
25	164	92
25	164	94
25	164	96
25	164	102
25	164	105
25	164	123
25	164	141
25	165	102
25	165	121
25	165	122
25	165	131
25	165	132
25	165	133
25	165	192
25	166	45
25	166	53
25	166	73
25	166	96
25	166	101
25	166	112
25	166	172
25	166	181
25	166	183
25	166	194
25	166	195
25	171	22
25	171	44
25	171	45
25	171	54
25	171	61
25	171	72
25	171	73
25	171	74
25	171	96
25	171	101
25	171	102
25	171	112
25	171	122
25	171	132
25	171	192
25	171	204
25	172	22
25	172	53
25	172	96
25	172	101
25	172	123
25	172	204
25	173	31
25	173	44
25	173	45
25	173	54
25	173	72
25	173	73
25	173	101
25	173	102
25	173	112
25	173	122
25	173	132
25	174	45
25	174	54
25	174	96
25	174	101
25	175	31
25	175	45
25	175	54
25	175	72
25	175	94
25	175	101
25	175	102
25	175	112
25	175	122
25	175	132
25	176	22
25	176	34
25	176	43
25	176	44
25	176	45
25	176	54
25	176	82
25	176	91
25	176	96
25	176	101
25	176	133
25	176	192
25	176	195
25	181	22
25	181	31
25	181	32
25	181	34
25	181	43
25	181	44
25	181	45
25	182	51
25	182	85
25	182	96
25	182	121
25	182	123
25	182	131
25	182	132
25	183	22
25	183	43
25	183	45
25	183	54
25	183	61
25	183	101
25	184	54
25	184	72
25	184	102
25	184	122
25	184	132
25	185	31
25	185	102
25	185	122
25	185	132
25	186	12
25	186	22
25	186	34
25	186	43
25	186	44
25	186	45
25	186	54
25	186	71
25	186	72
25	186	73
25	186	96
25	186	101
25	186	102
25	186	122
25	186	126
25	186	132
25	186	181
25	186	195
25	191	54
25	191	73
25	191	96
25	191	101
25	192	43
25	192	45
25	192	53
25	192	54
25	192	61
25	192	73
25	192	96
25	192	101
25	192	181
25	192	195
25	193	31
25	193	44
25	193	45
25	193	54
25	193	72
25	193	73
25	193	91
25	193	101
25	193	102
25	193	112
25	193	122
25	193	132
25	194	22
25	194	43
25	194	44
25	194	45
25	194	53
25	194	54
25	194	61
25	194	71
25	194	73
25	194	74
25	194	96
25	194	101
25	194	112
25	194	181
25	194	183
25	194	192
25	194	195
25	195	22
25	195	34
25	195	43
25	195	44
25	195	45
25	195	82
25	196	22
25	196	44
25	196	45
25	196	182
25	201	12
25	201	22
25	201	32
25	201	43
25	201	45
25	201	144
25	201	204
25	203	22
25	203	204
25	204	96
25	204	101
25	206	12
25	206	22
25	206	43
25	206	45
25	206	101
