30	11	12
30	11	22
30	11	31
30	12	24
30	12	72
30	12	94
30	12	102
30	13	12
30	14	22
30	14	34
30	14	43
30	14	44
30	15	22
30	15	24
30	15	31
30	15	34
30	15	43
30	15	44
30	15	45
30	16	105
30	16	116
30	16	191
30	21	33
30	21	34
30	21	43
30	21	45
30	21	53
30	21	54
30	21	66
30	21	71
30	21	73
30	21	74
30	21	95
30	22	44
30	22	72
30	22	122
30	22	192
30	23	11
30	23	45
30	23	82
30	23	123
30	23	131
30	23	133
30	23	182
30	24	22
30	25	14
30	25	36
30	25	44
30	25	45
30	25	51
30	25	52
30	25	54
30	25	61
30	25	64
30	25	66
30	25	81
30	25	82
30	25	83
30	25	144
30	26	14
30	26	44
30	26	45
30	26	73
30	26	82
30	26	105
30	31	21
30	31	22
30	31	43
30	31	44
30	31	102
30	32	22
30	32	71
30	32	72
30	32	73
30	32	74
30	32	91
30	32	94
30	32	95
30	32	101
30	32	102
30	32	103
30	32	104
30	32	106
30	32	122
30	32	131
30	32	132
30	33	34
30	35	12
30	35	22
30	35	43
30	35	44
30	35	134
30	35	204
30	36	24
30	36	101
30	36	122
30	41	31
30	41	44
30	41	45
30	41	61
30	41	195
30	42	73
30	42	74
30	42	101
30	42	192
30	42	204
30	43	45
30	43	54
30	43	61
30	43	66
30	43	71
30	43	72
30	43	73
30	43	74
30	43	94
30	43	101
30	43	102
30	44	22
30	44	45
30	44	72
30	44	94
30	44	102
30	44	204
30	45	31
30	46	45
30	46	54
30	46	71
30	46	72
30	46	74
30	46	94
30	46	101
30	46	102
30	51	24
30	51	71
30	51	72
30	51	73
30	51	74
30	51	91
30	51	94
30	51	95
30	51	101
30	51	102
30	51	103
30	51	121
30	51	126
30	51	132
30	51	204
30	52	61
30	52	71
30	52	72
30	52	73
30	52	74
30	52	94
30	52	95
30	52	101
30	52	102
30	52	103
30	52	104
30	52	111
30	52	113
30	52	114
30	52	115
30	52	131
30	52	132
30	53	71
30	53	72
30	53	73
30	53	94
30	53	95
30	53	96
30	53	101
30	53	102
30	53	111
30	53	114
30	53	115
30	53	126
30	53	133
30	53	141
30	53	144
30	54	45
30	54	46
30	54	61
30	54	71
30	54	73
30	54	74
30	54	83
30	54	85
30	54	91
30	54	94
30	54	96
30	54	101
30	54	102
30	54	103
30	54	132
30	55	31
30	55	71
30	55	72
30	55	73
30	55	74
30	55	94
30	55	95
30	55	101
30	55	102
30	55	106
30	55	112
30	55	122
30	55	132
30	56	71
30	56	72
30	56	73
30	56	74
30	56	94
30	56	95
30	56	101
30	56	102
30	56	103
30	56	104
30	56	111
30	56	114
30	56	122
30	56	132
30	61	73
30	61	74
30	61	101
30	61	102
30	61	103
30	61	115
30	61	132
30	63	44
30	63	45
30	63	133
30	64	31
30	64	72
30	64	94
30	64	102
30	64	132
30	65	54
30	65	71
30	65	73
30	65	74
30	65	76
30	65	82
30	65	85
30	65	91
30	65	96
30	65	112
30	65	195
30	66	12
30	66	22
30	66	34
30	66	43
30	66	45
30	71	54
30	72	22
30	72	33
30	72	44
30	72	71
30	72	73
30	72	74
30	72	94
30	72	101
30	72	103
30	72	132
30	72	161
30	73	55
30	73	71
30	73	83
30	73	85
30	73	86
30	73	91
30	73	96
30	73	101
30	73	111
30	73	114
30	73	123
30	74	86
30	74	125
30	74	126
30	75	61
30	75	71
30	75	72
30	75	73
30	75	74
30	75	85
30	75	91
30	75	94
30	75	95
30	75	101
30	75	102
30	75	103
30	75	111
30	75	112
30	75	121
30	75	122
30	75	132
30	75	183
30	76	46
30	76	61
30	76	71
30	76	72
30	76	73
30	76	74
30	76	83
30	76	85
30	76	86
30	76	91
30	76	94
30	76	95
30	76	96
30	76	101
30	76	102
30	76	103
30	76	104
30	76	111
30	76	112
30	76	113
30	76	114
30	76	121
30	76	124
30	76	125
30	76	126
30	76	132
30	81	61
30	81	71
30	81	72
30	81	73
30	81	74
30	81	85
30	81	86
30	81	91
30	81	92
30	81	94
30	81	96
30	81	101
30	81	102
30	81	103
30	81	104
30	81	111
30	81	112
30	81	113
30	81	114
30	81	121
30	81	124
30	81	125
30	81	131
30	81	132
30	82	71
30	82	72
30	82	73
30	82	74
30	82	91
30	82	94
30	82	101
30	82	102
30	82	103
30	82	114
30	82	132
30	82	204
30	83	22
30	83	43
30	83	72
30	83	94
30	83	95
30	83	101
30	83	102
30	83	132
30	83	204
30	84	54
30	84	61
30	84	71
30	84	72
30	84	73
30	84	74
30	84	85
30	84	91
30	84	94
30	84	95
30	84	96
30	84	101
30	84	102
30	84	103
30	84	104
30	84	106
30	84	111
30	84	112
30	84	121
30	84	123
30	84	125
30	84	126
30	84	131
30	84	132
30	85	33
30	85	45
30	85	71
30	85	72
30	85	73
30	85	74
30	85	94
30	85	102
30	85	103
30	85	104
30	85	132
30	86	31
30	86	54
30	86	71
30	86	72
30	86	73
30	86	74
30	86	91
30	86	94
30	86	95
30	86	96
30	86	101
30	86	102
30	86	103
30	86	104
30	86	111
30	86	131
30	91	71
30	91	72
30	91	73
30	91	95
30	91	101
30	91	102
30	91	103
30	91	106
30	91	115
30	91	132
30	92	12
30	92	22
30	92	43
30	92	44
30	92	45
30	92	71
30	92	72
30	92	73
30	93	61
30	93	71
30	93	72
30	93	73
30	93	74
30	93	82
30	93	85
30	93	86
30	93	91
30	93	92
30	93	94
30	93	95
30	93	96
30	93	101
30	93	102
30	93	103
30	93	104
30	93	105
30	93	111
30	93	112
30	93	126
30	94	72
30	94	73
30	94	86
30	94	96
30	94	101
30	94	102
30	94	111
30	94	115
30	94	162
30	95	22
30	96	71
30	96	72
30	96	73
30	96	82
30	96	85
30	96	91
30	96	92
30	96	94
30	96	95
30	96	101
30	96	102
30	96	103
30	96	104
30	96	112
30	96	122
30	96	132
30	101	72
30	101	73
30	101	74
30	101	85
30	101	86
30	101	91
30	101	94
30	101	95
30	101	102
30	101	111
30	101	112
30	101	125
30	101	132
30	102	54
30	102	71
30	102	72
30	102	73
30	102	74
30	102	94
30	102	103
30	102	115
30	102	132
30	103	46
30	103	61
30	103	71
30	103	72
30	103	73
30	103	74
30	103	85
30	103	86
30	103	95
30	103	101
30	103	102
30	103	104
30	103	111
30	103	114
30	104	111
30	105	22
30	105	43
30	105	71
30	105	72
30	105	73
30	105	101
30	105	102
30	105	113
30	105	115
30	106	46
30	106	71
30	106	72
30	106	73
30	106	74
30	106	85
30	106	91
30	106	94
30	106	95
30	106	96
30	106	101
30	106	102
30	106	103
30	106	104
30	106	111
30	106	112
30	106	114
30	106	121
30	106	124
30	106	125
30	106	126
30	111	61
30	111	71
30	111	72
30	111	73
30	111	74
30	111	85
30	111	86
30	111	91
30	111	92
30	111	94
30	111	101
30	111	102
30	111	104
30	111	112
30	111	204
30	112	54
30	112	71
30	112	72
30	112	73
30	112	74
30	112	94
30	112	95
30	112	101
30	112	102
30	112	103
30	112	104
30	112	122
30	112	132
30	113	31
30	113	54
30	113	71
30	113	72
30	113	73
30	113	74
30	113	91
30	113	94
30	113	95
30	113	96
30	113	101
30	113	102
30	113	106
30	113	111
30	113	123
30	113	132
30	113	163
30	114	54
30	114	61
30	114	71
30	114	72
30	114	73
30	114	74
30	114	83
30	114	85
30	114	86
30	114	91
30	114	92
30	114	94
30	114	95
30	114	96
30	114	101
30	114	102
30	114	103
30	114	106
30	114	111
30	114	112
30	114	123
30	114	131
30	115	31
30	115	71
30	115	72
30	115	73
30	115	74
30	115	85
30	115	91
30	115	94
30	115	95
30	115	96
30	115	101
30	115	102
30	115	111
30	115	121
30	115	122
30	115	132
30	115	204
30	116	45
30	116	54
30	116	71
30	116	72
30	116	73
30	116	74
30	116	82
30	116	85
30	116	91
30	116	94
30	116	95
30	116	96
30	116	101
30	116	102
30	116	103
30	116	104
30	116	106
30	116	111
30	116	112
30	116	125
30	116	131
30	116	132
30	121	71
30	121	72
30	121	73
30	121	74
30	121	76
30	121	85
30	121	86
30	121	91
30	121	92
30	121	94
30	121	95
30	121	96
30	121	101
30	121	102
30	121	103
30	121	104
30	121	106
30	121	111
30	121	112
30	121	114
30	121	125
30	121	126
30	121	132
30	122	71
30	122	72
30	122	73
30	122	74
30	122	85
30	122	86
30	122	91
30	122	94
30	122	95
30	122	96
30	122	101
30	122	102
30	122	103
30	122	104
30	122	111
30	122	112
30	122	114
30	122	115
30	122	123
30	122	124
30	122	125
30	122	131
30	123	46
30	123	61
30	123	71
30	123	72
30	123	73
30	123	74
30	123	83
30	123	85
30	123	95
30	123	96
30	123	101
30	123	102
30	123	103
30	123	121
30	123	132
30	124	31
30	124	43
30	124	44
30	124	45
30	124	54
30	124	61
30	124	73
30	124	74
30	124	102
30	124	122
30	124	192
30	125	22
30	125	43
30	126	45
30	126	46
30	126	71
30	126	73
30	126	74
30	126	91
30	126	112
30	131	22
30	131	43
30	131	72
30	131	95
30	132	73
30	132	74
30	132	82
30	132	85
30	132	91
30	132	94
30	132	95
30	132	101
30	132	102
30	132	103
30	132	104
30	132	111
30	132	112
30	133	61
30	133	144
30	134	43
30	134	46
30	134	96
30	134	122
30	134	182
30	135	71
30	135	72
30	135	73
30	135	74
30	135	94
30	135	95
30	135	102
30	135	103
30	135	104
30	135	132
30	135	204
30	136	31
30	136	54
30	136	72
30	136	91
30	136	94
30	136	102
30	136	122
30	136	131
30	136	132
30	136	182
30	141	12
30	141	43
30	141	144
30	142	22
30	142	34
30	142	43
30	143	51
30	143	53
30	143	82
30	143	91
30	143	96
30	143	133
30	143	182
30	144	34
30	144	54
30	144	122
30	144	123
30	144	142
30	144	161
30	145	31
30	145	72
30	145	94
30	145	102
30	145	131
30	145	132
30	146	34
30	146	42
30	146	43
30	146	51
30	146	53
30	146	66
30	146	71
30	146	72
30	146	73
30	146	92
30	146	142
30	151	122
30	151	163
30	152	11
30	152	45
30	152	52
30	152	61
30	152	64
30	152	66
30	152	96
30	152	102
30	152	111
30	152	125
30	152	144
30	152	145
30	152	146
30	153	22
30	153	33
30	153	45
30	153	54
30	153	72
30	153	94
30	153	102
30	153	195
30	154	54
30	154	61
30	154	73
30	154	74
30	154	101
30	154	112
30	154	123
30	154	192
30	155	161
30	155	181
30	155	183
30	155	184
30	155	186
30	156	25
30	156	72
30	156	94
30	156	102
30	156	122
30	156	123
30	156	131
30	156	162
30	156	191
30	161	45
30	161	54
30	161	61
30	161	66
30	161	71
30	161	72
30	161	73
30	161	74
30	161	82
30	161	85
30	161	94
30	161	95
30	161	96
30	161	101
30	161	102
30	161	103
30	161	104
30	161	106
30	161	111
30	162	45
30	162	72
30	162	73
30	162	74
30	162	101
30	162	102
30	162	122
30	162	132
30	163	22
30	163	72
30	163	74
30	163	82
30	163	85
30	163	91
30	163	94
30	163	95
30	163	96
30	163	101
30	163	102
30	163	111
30	163	115
30	163	123
30	163	133
30	163	162
30	164	24
30	164	25
30	164	92
30	164	94
30	164	123
30	164	132
30	164	176
30	165	22
30	165	96
30	165	123
30	165	176
30	166	85
30	166	96
30	166	101
30	166	172
30	166	181
30	166	183
30	171	44
30	171	45
30	171	73
30	171	101
30	171	102
30	171	151
30	172	12
30	172	22
30	172	53
30	172	96
30	172	121
30	172	182
30	172	195
30	173	31
30	173	45
30	173	54
30	173	72
30	173	94
30	173	102
30	173	132
30	174	96
30	174	101
30	174	112
30	174	181
30	175	31
30	175	45
30	175	54
30	175	72
30	175	94
30	175	102
30	175	112
30	175	122
30	176	34
30	176	44
30	176	82
30	176	122
30	176	133
30	176	192
30	181	22
30	181	31
30	181	32
30	181	34
30	181	43
30	182	63
30	182	123
30	182	176
30	183	22
30	183	43
30	183	45
30	183	54
30	183	61
30	183	101
30	184	72
30	184	74
30	184	123
30	184	131
30	184	132
30	185	31
30	185	102
30	186	33
30	186	34
30	186	43
30	186	44
30	186	45
30	186	122
30	186	181
30	191	96
30	191	101
30	192	11
30	193	44
30	193	45
30	193	54
30	193	73
30	193	91
30	193	101
30	193	102
30	193	112
30	193	122
30	193	132
30	194	22
30	194	43
30	194	44
30	194	61
30	194	123
30	194	181
30	195	22
30	195	34
30	195	43
30	195	44
30	195	45
30	195	82
30	196	22
30	196	44
30	196	134
30	201	12
30	201	22
30	201	32
30	201	43
30	201	45
30	201	204
30	203	22
30	205	163
30	206	12
