35	11	12
35	11	31
35	11	53
35	12	24
35	12	94
35	14	22
35	14	32
35	14	43
35	14	146
35	15	21
35	15	22
35	15	24
35	15	31
35	15	34
35	15	43
35	15	44
35	15	45
35	16	96
35	16	101
35	16	105
35	16	116
35	16	122
35	16	181
35	16	191
35	21	33
35	21	34
35	21	43
35	21	45
35	21	82
35	22	44
35	22	111
35	22	114
35	22	192
35	23	11
35	23	92
35	23	121
35	23	123
35	23	131
35	23	133
35	23	162
35	24	22
35	25	14
35	25	36
35	25	44
35	25	45
35	25	51
35	25	52
35	25	53
35	25	61
35	25	81
35	25	82
35	25	83
35	25	85
35	26	36
35	26	52
35	26	63
35	26	82
35	26	105
35	26	164
35	31	21
35	31	22
35	31	43
35	31	104
35	32	25
35	32	44
35	32	72
35	32	76
35	32	82
35	32	85
35	32	91
35	32	92
35	32	94
35	32	101
35	32	102
35	32	103
35	32	104
35	32	105
35	32	106
35	32	122
35	32	132
35	32	192
35	33	163
35	35	22
35	35	43
35	35	102
35	35	126
35	36	24
35	36	101
35	36	122
35	41	31
35	41	43
35	41	44
35	41	45
35	41	61
35	41	195
35	42	101
35	42	192
35	43	45
35	43	54
35	43	61
35	43	66
35	43	73
35	43	94
35	43	102
35	43	126
35	44	22
35	44	34
35	44	45
35	44	71
35	44	74
35	44	94
35	44	102
35	45	31
35	46	45
35	46	54
35	46	71
35	46	72
35	46	73
35	46	74
35	46	94
35	46	101
35	46	102
35	46	135
35	51	24
35	51	71
35	51	72
35	51	73
35	51	74
35	51	91
35	51	94
35	51	95
35	51	101
35	51	102
35	51	103
35	51	111
35	51	114
35	51	121
35	51	124
35	51	126
35	51	131
35	51	132
35	52	23
35	52	65
35	52	71
35	52	72
35	52	73
35	52	74
35	52	94
35	52	95
35	52	96
35	52	101
35	52	102
35	52	103
35	52	104
35	52	106
35	52	111
35	52	114
35	52	116
35	52	131
35	52	132
35	53	61
35	53	71
35	53	72
35	53	73
35	53	96
35	53	101
35	53	102
35	53	111
35	53	113
35	53	114
35	53	115
35	53	126
35	53	131
35	53	133
35	53	141
35	53	144
35	53	182
35	54	46
35	54	61
35	54	71
35	54	72
35	54	73
35	54	74
35	54	76
35	54	83
35	54	85
35	54	86
35	54	91
35	54	94
35	54	95
35	54	96
35	54	101
35	54	102
35	54	103
35	54	104
35	54	111
35	54	114
35	54	115
35	55	71
35	55	72
35	55	73
35	55	74
35	55	91
35	55	94
35	55	95
35	55	101
35	55	102
35	55	103
35	55	104
35	55	106
35	55	132
35	56	55
35	56	71
35	56	72
35	56	73
35	56	74
35	56	85
35	56	94
35	56	95
35	56	96
35	56	101
35	56	102
35	56	103
35	56	104
35	56	111
35	56	114
35	56	132
35	61	73
35	61	101
35	61	102
35	61	103
35	61	114
35	61	131
35	62	105
35	63	163
35	63	182
35	64	24
35	64	25
35	64	31
35	64	52
35	64	63
35	64	91
35	64	105
35	65	36
35	65	52
35	65	54
35	65	82
35	65	164
35	66	12
35	66	22
35	66	31
35	66	34
35	66	43
35	66	44
35	66	45
35	71	22
35	71	44
35	71	52
35	71	53
35	71	54
35	71	61
35	71	126
35	71	183
35	72	45
35	72	73
35	72	74
35	72	94
35	72	101
35	72	103
35	72	132
35	72	161
35	73	52
35	73	82
35	73	83
35	73	85
35	73	86
35	73	111
35	73	113
35	73	114
35	73	116
35	74	85
35	74	86
35	74	103
35	74	105
35	74	111
35	74	124
35	74	125
35	74	126
35	74	141
35	75	46
35	75	61
35	75	71
35	75	72
35	75	73
35	75	74
35	75	85
35	75	91
35	75	94
35	75	95
35	75	96
35	75	101
35	75	102
35	75	103
35	75	104
35	75	111
35	75	124
35	75	125
35	75	183
35	75	194
35	76	61
35	76	71
35	76	72
35	76	73
35	76	74
35	76	85
35	76	86
35	76	91
35	76	94
35	76	95
35	76	96
35	76	101
35	76	102
35	76	103
35	76	104
35	76	106
35	76	111
35	76	112
35	76	113
35	76	114
35	76	121
35	76	123
35	76	124
35	76	125
35	76	126
35	76	131
35	76	132
35	81	61
35	81	71
35	81	72
35	81	73
35	81	74
35	81	85
35	81	86
35	81	91
35	81	92
35	81	94
35	81	95
35	81	96
35	81	101
35	81	102
35	81	103
35	81	104
35	81	106
35	81	111
35	81	112
35	81	113
35	81	114
35	81	121
35	81	122
35	81	123
35	81	124
35	81	125
35	81	131
35	81	132
35	82	45
35	82	71
35	82	72
35	82	73
35	82	74
35	82	91
35	82	94
35	82	101
35	82	102
35	82	103
35	82	112
35	82	132
35	83	22
35	83	43
35	83	72
35	83	94
35	83	95
35	83	101
35	83	102
35	83	111
35	84	71
35	84	72
35	84	73
35	84	74
35	84	91
35	84	94
35	84	95
35	84	101
35	84	102
35	84	103
35	84	104
35	84	106
35	84	112
35	84	121
35	84	123
35	84	125
35	84	126
35	84	131
35	84	132
35	85	33
35	85	45
35	85	71
35	85	72
35	85	73
35	85	74
35	85	94
35	85	102
35	85	103
35	85	104
35	85	132
35	86	31
35	86	71
35	86	72
35	86	73
35	86	74
35	86	91
35	86	94
35	86	95
35	86	101
35	86	102
35	86	103
35	86	104
35	86	131
35	91	72
35	91	73
35	91	95
35	91	102
35	91	115
35	91	132
35	92	12
35	92	22
35	92	43
35	92	45
35	92	72
35	92	115
35	93	61
35	93	71
35	93	72
35	93	73
35	93	74
35	93	82
35	93	85
35	93	86
35	93	91
35	93	92
35	93	94
35	93	95
35	93	101
35	93	102
35	93	103
35	93	104
35	93	105
35	93	106
35	93	111
35	93	112
35	93	124
35	93	125
35	94	72
35	94	73
35	94	74
35	94	86
35	94	96
35	94	101
35	94	115
35	95	21
35	95	22
35	95	43
35	96	71
35	96	72
35	96	73
35	96	74
35	96	85
35	96	92
35	96	94
35	96	95
35	96	101
35	96	102
35	96	103
35	96	104
35	96	105
35	96	112
35	96	132
35	101	72
35	101	73
35	101	74
35	101	85
35	101	86
35	101	91
35	101	94
35	101	95
35	101	111
35	101	124
35	101	125
35	101	162
35	102	54
35	102	71
35	102	73
35	102	74
35	102	95
35	102	96
35	102	115
35	103	46
35	103	55
35	103	61
35	103	72
35	103	73
35	103	85
35	103	96
35	103	101
35	103	102
35	103	104
35	103	112
35	103	113
35	103	114
35	103	126
35	103	131
35	103	141
35	105	43
35	105	72
35	105	73
35	105	101
35	105	121
35	105	132
35	106	71
35	106	72
35	106	73
35	106	74
35	106	85
35	106	86
35	106	91
35	106	92
35	106	94
35	106	95
35	106	96
35	106	101
35	106	102
35	106	103
35	106	104
35	106	111
35	106	112
35	106	121
35	106	123
35	106	124
35	106	125
35	111	71
35	111	72
35	111	73
35	111	74
35	111	85
35	111	86
35	111	91
35	111	92
35	111	94
35	111	101
35	111	102
35	111	104
35	111	112
35	111	126
35	112	72
35	112	73
35	112	74
35	112	94
35	112	95
35	112	101
35	112	102
35	112	103
35	112	104
35	112	106
35	112	132
35	113	31
35	113	71
35	113	72
35	113	73
35	113	74
35	113	91
35	113	94
35	113	95
35	113	96
35	113	101
35	113	102
35	113	106
35	113	111
35	113	123
35	113	132
35	114	71
35	114	72
35	114	73
35	114	74
35	114	82
35	114	85
35	114	86
35	114	91
35	114	92
35	114	94
35	114	95
35	114	96
35	114	101
35	114	102
35	114	103
35	114	104
35	114	106
35	114	111
35	114	112
35	114	123
35	114	131
35	115	31
35	115	51
35	115	71
35	115	72
35	115	73
35	115	74
35	115	85
35	115	91
35	115	94
35	115	95
35	115	96
35	115	101
35	115	102
35	115	103
35	115	106
35	115	111
35	115	114
35	115	121
35	115	123
35	115	124
35	115	132
35	116	45
35	116	54
35	116	71
35	116	72
35	116	73
35	116	74
35	116	82
35	116	85
35	116	86
35	116	91
35	116	94
35	116	95
35	116	101
35	116	102
35	116	103
35	116	104
35	116	106
35	116	111
35	116	112
35	116	125
35	121	34
35	121	71
35	121	72
35	121	73
35	121	74
35	121	85
35	121	86
35	121	91
35	121	92
35	121	94
35	121	95
35	121	96
35	121	101
35	121	102
35	121	103
35	121	104
35	121	111
35	121	112
35	121	114
35	121	123
35	121	124
35	121	125
35	121	126
35	122	71
35	122	72
35	122	73
35	122	74
35	122	76
35	122	85
35	122	86
35	122	91
35	122	92
35	122	94
35	122	95
35	122	96
35	122	101
35	122	102
35	122	103
35	122	104
35	122	111
35	122	112
35	122	114
35	122	123
35	122	124
35	122	125
35	122	131
35	123	46
35	123	61
35	123	71
35	123	72
35	123	73
35	123	74
35	123	83
35	123	96
35	123	101
35	123	102
35	123	103
35	123	104
35	123	121
35	123	131
35	123	132
35	124	43
35	124	45
35	124	74
35	124	94
35	124	102
35	124	122
35	124	123
35	124	192
35	125	22
35	126	46
35	126	51
35	126	74
35	126	111
35	126	121
35	126	125
35	131	22
35	131	43
35	131	95
35	131	182
35	131	192
35	132	73
35	132	74
35	132	82
35	132	85
35	132	91
35	132	92
35	132	95
35	132	103
35	132	111
35	132	112
35	133	61
35	134	23
35	134	25
35	134	46
35	134	64
35	134	65
35	134	131
35	134	133
35	134	154
35	134	182
35	134	183
35	134	194
35	134	195
35	135	31
35	135	71
35	135	72
35	135	73
35	135	74
35	135	94
35	135	95
35	135	96
35	135	101
35	135	102
35	135	103
35	135	104
35	135	132
35	136	31
35	136	72
35	136	94
35	136	102
35	136	106
35	136	131
35	136	154
35	136	182
35	141	23
35	141	43
35	141	46
35	141	61
35	141	64
35	141	65
35	141	82
35	141	122
35	141	144
35	141	192
35	142	12
35	142	21
35	142	22
35	142	34
35	142	43
35	142	44
35	142	192
35	142	195
35	143	22
35	143	33
35	143	34
35	143	51
35	143	71
35	143	92
35	143	103
35	143	134
35	144	31
35	144	54
35	144	73
35	144	76
35	144	95
35	144	106
35	144	111
35	144	112
35	144	122
35	144	134
35	145	31
35	145	42
35	145	54
35	145	71
35	145	72
35	145	73
35	145	74
35	145	94
35	145	102
35	145	106
35	145	131
35	145	132
35	145	195
35	146	142
35	146	161
35	151	21
35	151	25
35	151	116
35	151	163
35	152	52
35	152	54
35	152	81
35	152	82
35	152	83
35	152	161
35	153	31
35	153	33
35	153	45
35	153	54
35	153	72
35	153	94
35	153	106
35	153	195
35	154	23
35	154	44
35	154	52
35	154	61
35	154	65
35	154	83
35	154	116
35	155	172
35	155	183
35	155	184
35	155	186
35	155	194
35	156	24
35	156	25
35	156	92
35	156	94
35	156	123
35	156	124
35	156	162
35	161	52
35	161	54
35	161	66
35	161	71
35	161	72
35	161	73
35	161	74
35	161	94
35	161	95
35	161	101
35	161	102
35	161	103
35	161	106
35	161	164
35	162	102
35	162	122
35	162	132
35	163	11
35	163	22
35	163	23
35	163	43
35	163	52
35	163	65
35	163	71
35	163	72
35	163	85
35	163	94
35	163	96
35	163	101
35	163	102
35	163	105
35	163	162
35	164	21
35	164	24
35	164	25
35	164	72
35	164	91
35	164	92
35	164	94
35	164	102
35	164	103
35	164	104
35	164	105
35	164	114
35	164	122
35	164	123
35	164	124
35	165	53
35	165	176
35	166	96
35	166	101
35	166	172
35	166	181
35	166	183
35	166	184
35	166	186
35	172	22
35	172	116
35	173	31
35	173	34
35	173	94
35	173	102
35	173	106
35	174	96
35	174	101
35	175	31
35	175	54
35	175	72
35	175	94
35	175	102
35	175	106
35	175	166
35	175	171
35	176	36
35	176	45
35	176	52
35	176	81
35	176	154
35	176	192
35	181	22
35	181	24
35	181	31
35	181	32
35	181	43
35	182	94
35	182	96
35	182	102
35	182	121
35	182	123
35	182	124
35	182	125
35	182	131
35	182	133
35	182	195
35	183	22
35	183	43
35	183	61
35	183	74
35	183	101
35	183	163
35	184	45
35	184	52
35	184	54
35	184	123
35	185	36
35	185	52
35	185	113
35	185	115
35	185	122
35	185	146
35	185	166
35	185	171
35	186	24
35	186	43
35	186	45
35	186	181
35	191	101
35	192	25
35	192	41
35	192	176
35	193	101
35	193	102
35	193	112
35	193	122
35	194	12
35	194	22
35	194	24
35	194	44
35	194	61
35	194	123
35	195	12
35	195	22
35	195	34
35	195	43
35	195	44
35	195	45
35	195	82
35	196	22
35	196	134
35	201	12
35	201	22
35	201	32
35	201	43
35	201	45
35	203	22
35	205	163
35	205	192
35	206	102
35	206	104
35	206	131
