40	11	12
40	11	31
40	12	24
40	12	25
40	12	63
40	12	64
40	14	22
40	14	32
40	14	43
40	14	146
40	15	12
40	15	21
40	15	22
40	15	24
40	15	25
40	15	31
40	15	32
40	15	34
40	15	43
40	15	44
40	15	126
40	16	14
40	16	116
40	16	133
40	16	191
40	16	192
40	16	194
40	16	195
40	21	33
40	21	34
40	21	43
40	21	45
40	21	82
40	22	32
40	22	44
40	22	192
40	23	11
40	23	41
40	24	22
40	25	14
40	25	36
40	25	44
40	25	45
40	25	51
40	25	52
40	25	53
40	25	61
40	25	81
40	25	82
40	25	83
40	25	85
40	26	14
40	26	36
40	26	52
40	26	73
40	26	81
40	26	82
40	26	85
40	26	92
40	26	103
40	26	105
40	26	123
40	31	21
40	31	22
40	31	43
40	31	92
40	32	12
40	32	21
40	32	24
40	32	25
40	32	43
40	32	44
40	32	92
40	32	102
40	32	103
40	32	104
40	34	43
40	34	126
40	35	22
40	36	23
40	36	24
40	36	25
40	36	63
40	36	65
40	36	101
40	36	104
40	36	114
40	36	122
40	36	192
40	41	25
40	41	31
40	41	43
40	41	44
40	41	45
40	41	64
40	41	111
40	41	113
40	41	123
40	41	195
40	42	11
40	42	101
40	42	113
40	42	163
40	42	192
40	43	45
40	43	52
40	43	54
40	43	66
40	43	72
40	43	73
40	43	74
40	43	94
40	43	101
40	43	102
40	44	22
40	44	34
40	44	45
40	44	52
40	44	54
40	45	11
40	45	126
40	46	45
40	46	54
40	46	66
40	46	71
40	46	72
40	46	73
40	46	74
40	46	94
40	46	101
40	46	102
40	46	135
40	46	191
40	51	24
40	51	71
40	51	72
40	51	73
40	51	74
40	51	91
40	51	94
40	51	95
40	51	101
40	51	102
40	51	103
40	51	104
40	51	124
40	51	132
40	52	23
40	52	46
40	52	64
40	52	65
40	52	73
40	52	113
40	52	114
40	52	115
40	52	116
40	53	61
40	53	64
40	53	73
40	53	101
40	53	106
40	53	111
40	53	112
40	53	113
40	53	114
40	53	115
40	53	116
40	53	133
40	53	141
40	53	182
40	53	194
40	54	23
40	54	65
40	54	73
40	54	74
40	54	76
40	54	82
40	54	83
40	54	85
40	54	86
40	54	91
40	54	96
40	54	101
40	54	103
40	54	104
40	54	111
40	55	71
40	55	72
40	55	73
40	55	74
40	55	76
40	55	91
40	55	94
40	55	95
40	55	101
40	55	102
40	55	103
40	55	104
40	55	106
40	55	123
40	55	131
40	55	132
40	56	55
40	56	71
40	56	72
40	56	73
40	56	74
40	56	95
40	56	96
40	56	101
40	56	102
40	56	103
40	61	101
40	61	114
40	62	105
40	63	164
40	64	31
40	64	33
40	64	41
40	64	42
40	64	45
40	64	53
40	64	134
40	65	14
40	65	36
40	65	44
40	65	45
40	65	51
40	65	52
40	65	81
40	65	82
40	65	83
40	65	85
40	66	12
40	66	22
40	66	32
40	66	43
40	66	146
40	71	22
40	71	44
40	71	45
40	71	52
40	71	61
40	71	64
40	72	22
40	72	33
40	72	43
40	72	44
40	72	45
40	72	51
40	72	53
40	72	71
40	72	73
40	72	74
40	72	76
40	72	84
40	72	93
40	72	94
40	72	95
40	72	102
40	72	103
40	72	106
40	72	123
40	72	132
40	73	85
40	73	86
40	73	91
40	74	86
40	74	92
40	74	95
40	74	103
40	74	146
40	75	46
40	75	71
40	75	72
40	75	73
40	75	74
40	75	85
40	75	86
40	75	91
40	75	94
40	75	95
40	75	101
40	75	102
40	75	103
40	75	104
40	75	106
40	75	111
40	75	124
40	75	125
40	75	183
40	75	194
40	76	71
40	76	72
40	76	73
40	76	74
40	76	84
40	76	85
40	76	86
40	76	91
40	76	93
40	76	94
40	76	95
40	76	96
40	76	101
40	76	102
40	76	103
40	76	104
40	76	106
40	76	111
40	76	112
40	76	121
40	76	123
40	76	124
40	76	125
40	76	126
40	76	131
40	81	71
40	81	72
40	81	73
40	81	74
40	81	76
40	81	85
40	81	86
40	81	91
40	81	92
40	81	94
40	81	95
40	81	96
40	81	101
40	81	102
40	81	103
40	81	104
40	81	106
40	81	111
40	81	112
40	81	114
40	81	121
40	81	123
40	81	124
40	81	125
40	81	126
40	81	131
40	81	132
40	82	71
40	82	72
40	82	73
40	82	74
40	82	91
40	82	94
40	82	101
40	82	102
40	82	103
40	83	22
40	83	43
40	83	72
40	83	94
40	83	95
40	83	101
40	83	102
40	83	111
40	84	71
40	84	72
40	84	73
40	84	74
40	84	91
40	84	94
40	84	95
40	84	96
40	84	101
40	84	102
40	84	103
40	84	104
40	84	106
40	84	121
40	84	123
40	84	126
40	84	131
40	84	132
40	85	71
40	85	72
40	85	73
40	85	74
40	85	94
40	85	101
40	85	102
40	85	103
40	85	104
40	86	71
40	86	72
40	86	73
40	86	74
40	86	76
40	86	91
40	86	94
40	86	95
40	86	96
40	86	101
40	86	102
40	86	103
40	86	104
40	86	123
40	91	72
40	91	73
40	91	74
40	91	95
40	91	101
40	91	102
40	91	106
40	91	115
40	91	132
40	91	163
40	92	12
40	92	22
40	92	43
40	92	72
40	92	73
40	92	115
40	93	71
40	93	72
40	93	73
40	93	74
40	93	82
40	93	85
40	93	86
40	93	91
40	93	92
40	93	94
40	93	95
40	93	96
40	93	101
40	93	102
40	93	103
40	93	104
40	93	105
40	93	106
40	93	111
40	93	112
40	93	123
40	93	124
40	93	125
40	94	73
40	94	74
40	94	86
40	94	96
40	94	101
40	94	102
40	94	105
40	94	111
40	94	115
40	95	21
40	95	22
40	95	43
40	95	92
40	96	71
40	96	72
40	96	73
40	96	74
40	96	85
40	96	91
40	96	92
40	96	94
40	96	95
40	96	101
40	96	102
40	96	103
40	96	104
40	96	105
40	101	25
40	101	36
40	101	72
40	101	73
40	101	74
40	101	85
40	101	86
40	101	91
40	101	95
40	101	103
40	101	105
40	101	111
40	101	162
40	102	71
40	102	73
40	102	74
40	102	95
40	102	115
40	103	23
40	103	46
40	103	55
40	103	61
40	103	65
40	103	72
40	103	73
40	103	96
40	103	101
40	103	114
40	103	123
40	103	141
40	104	124
40	105	22
40	105	43
40	106	71
40	106	72
40	106	73
40	106	74
40	106	76
40	106	83
40	106	84
40	106	85
40	106	86
40	106	91
40	106	92
40	106	93
40	106	94
40	106	95
40	106	96
40	106	101
40	106	102
40	106	103
40	106	104
40	106	111
40	106	112
40	106	114
40	106	121
40	106	123
40	106	124
40	106	125
40	106	126
40	111	71
40	111	72
40	111	73
40	111	74
40	111	85
40	111	86
40	111	91
40	111	92
40	111	94
40	111	101
40	111	102
40	111	104
40	111	112
40	111	124
40	111	125
40	112	72
40	112	73
40	112	74
40	112	86
40	112	95
40	112	101
40	112	102
40	112	103
40	112	105
40	112	106
40	112	132
40	113	31
40	113	71
40	113	72
40	113	73
40	113	74
40	113	94
40	113	95
40	113	101
40	113	102
40	113	103
40	113	106
40	113	123
40	113	124
40	113	132
40	114	36
40	114	61
40	114	71
40	114	72
40	114	73
40	114	74
40	114	82
40	114	85
40	114	86
40	114	91
40	114	92
40	114	94
40	114	95
40	114	96
40	114	101
40	114	102
40	114	103
40	114	104
40	114	106
40	114	111
40	114	112
40	114	123
40	114	131
40	115	71
40	115	72
40	115	73
40	115	74
40	115	85
40	115	91
40	115	92
40	115	94
40	115	95
40	115	96
40	115	101
40	115	102
40	115	103
40	115	104
40	115	106
40	115	111
40	115	123
40	115	124
40	115	125
40	116	45
40	116	54
40	116	71
40	116	72
40	116	73
40	116	74
40	116	76
40	116	82
40	116	85
40	116	86
40	116	91
40	116	94
40	116	95
40	116	101
40	116	102
40	116	103
40	116	104
40	116	106
40	116	111
40	116	112
40	116	124
40	116	125
40	121	71
40	121	72
40	121	73
40	121	74
40	121	85
40	121	86
40	121	91
40	121	92
40	121	94
40	121	95
40	121	101
40	121	102
40	121	103
40	121	104
40	121	111
40	121	112
40	121	114
40	121	123
40	121	124
40	121	125
40	121	126
40	121	145
40	122	74
40	122	82
40	122	85
40	122	86
40	122	91
40	122	94
40	122	95
40	122	101
40	122	111
40	122	112
40	122	113
40	122	114
40	122	116
40	122	124
40	122	125
40	122	146
40	123	72
40	123	73
40	123	83
40	123	84
40	123	85
40	123	93
40	123	96
40	123	101
40	123	103
40	123	111
40	123	113
40	123	114
40	123	121
40	124	23
40	124	45
40	124	46
40	124	61
40	124	64
40	124	65
40	124	112
40	124	114
40	124	116
40	124	122
40	124	192
40	125	22
40	126	23
40	126	65
40	126	74
40	126	95
40	126	112
40	126	114
40	126	115
40	131	22
40	131	43
40	131	95
40	131	192
40	132	74
40	132	82
40	132	85
40	132	86
40	132	91
40	132	92
40	132	95
40	132	103
40	132	111
40	132	112
40	132	113
40	132	114
40	133	23
40	133	65
40	133	116
40	133	141
40	133	146
40	133	182
40	134	64
40	134	66
40	134	144
40	134	154
40	134	172
40	134	182
40	134	183
40	134	184
40	134	186
40	134	194
40	135	64
40	135	71
40	135	72
40	135	73
40	135	74
40	135	94
40	135	95
40	135	96
40	135	101
40	135	102
40	135	103
40	135	104
40	135	105
40	135	106
40	135	121
40	135	123
40	135	124
40	135	125
40	135	126
40	135	131
40	135	132
40	136	31
40	136	133
40	136	154
40	141	12
40	141	23
40	141	43
40	141	46
40	141	61
40	141	64
40	141	65
40	141	144
40	142	22
40	142	32
40	142	43
40	142	146
40	143	51
40	143	134
40	144	31
40	144	54
40	144	73
40	144	76
40	144	95
40	144	106
40	144	111
40	144	112
40	144	122
40	144	134
40	145	72
40	145	94
40	145	95
40	145	106
40	145	123
40	145	132
40	146	142
40	146	161
40	151	24
40	151	25
40	151	163
40	151	183
40	153	22
40	153	33
40	153	45
40	153	52
40	153	54
40	153	106
40	153	195
40	154	23
40	154	43
40	154	46
40	154	61
40	154	65
40	154	101
40	154	116
40	154	192
40	154	194
40	156	21
40	156	24
40	156	25
40	156	72
40	156	91
40	156	92
40	156	94
40	156	102
40	156	103
40	156	104
40	156	105
40	156	114
40	156	122
40	156	123
40	156	124
40	156	126
40	156	151
40	156	162
40	161	45
40	161	52
40	161	54
40	161	66
40	161	71
40	161	72
40	161	73
40	161	74
40	161	94
40	161	95
40	161	102
40	161	103
40	161	106
40	161	123
40	161	164
40	162	152
40	163	23
40	163	46
40	163	65
40	163	74
40	163	76
40	163	105
40	163	162
40	163	195
40	164	21
40	164	24
40	164	25
40	164	72
40	164	91
40	164	92
40	164	94
40	164	102
40	164	103
40	164	104
40	164	105
40	164	114
40	164	122
40	164	123
40	164	124
40	165	176
40	166	163
40	166	172
40	166	181
40	166	184
40	166	186
40	171	23
40	171	65
40	171	163
40	172	12
40	172	22
40	172	32
40	172	132
40	172	135
40	172	182
40	174	101
40	174	163
40	174	176
40	175	166
40	175	171
40	176	71
40	176	191
40	176	195
40	181	12
40	181	22
40	181	24
40	181	31
40	181	32
40	181	43
40	181	126
40	181	192
40	182	195
40	183	22
40	183	43
40	183	45
40	183	54
40	183	61
40	183	101
40	183	124
40	185	21
40	185	146
40	186	24
40	186	43
40	186	45
40	186	66
40	186	163
40	186	181
40	191	96
40	191	101
40	192	24
40	192	25
40	192	31
40	192	41
40	192	183
40	193	22
40	193	122
40	194	12
40	194	22
40	194	24
40	194	25
40	194	43
40	194	44
40	194	45
40	194	63
40	194	92
40	194	141
40	195	22
40	195	34
40	195	43
40	195	44
40	195	45
40	195	82
40	196	22
40	196	86
40	201	12
40	201	22
40	201	32
40	201	43
40	201	103
40	201	104
40	203	22
40	204	61
