45	11	12
45	11	31
45	11	92
45	12	24
45	12	25
45	12	43
45	12	63
45	12	64
45	13	12
45	14	12
45	14	22
45	14	32
45	14	43
45	14	126
45	14	146
45	15	12
45	15	22
45	15	24
45	15	25
45	15	31
45	15	32
45	15	34
45	15	43
45	15	44
45	15	45
45	15	126
45	16	14
45	16	116
45	16	133
45	16	191
45	16	192
45	16	194
45	16	195
45	21	33
45	21	34
45	21	43
45	21	45
45	21	82
45	22	32
45	22	43
45	22	44
45	22	192
45	23	11
45	23	41
45	24	22
45	25	14
45	25	36
45	25	44
45	25	45
45	25	51
45	25	52
45	25	53
45	25	61
45	25	81
45	25	82
45	25	83
45	25	85
45	26	14
45	26	36
45	26	105
45	26	122
45	26	123
45	31	21
45	31	22
45	31	43
45	31	92
45	32	12
45	32	21
45	32	24
45	32	25
45	32	43
45	32	44
45	32	104
45	32	105
45	32	124
45	32	163
45	33	102
45	33	126
45	33	192
45	34	126
45	34	146
45	35	22
45	35	43
45	36	21
45	36	23
45	36	24
45	36	25
45	36	63
45	36	65
45	36	101
45	36	116
45	36	164
45	36	192
45	41	25
45	41	31
45	41	44
45	41	45
45	41	64
45	41	195
45	42	11
45	42	23
45	42	65
45	42	101
45	42	112
45	42	113
45	42	114
45	42	116
45	42	192
45	43	34
45	43	45
45	43	52
45	43	54
45	43	66
45	44	22
45	44	34
45	44	52
45	45	22
45	45	146
45	46	54
45	46	66
45	46	71
45	46	72
45	46	73
45	46	74
45	46	101
45	46	102
45	46	115
45	51	24
45	51	25
45	51	71
45	51	72
45	51	73
45	51	74
45	51	94
45	51	95
45	51	101
45	51	102
45	51	106
45	51	116
45	51	123
45	51	124
45	51	132
45	52	23
45	52	46
45	52	64
45	52	65
45	52	71
45	52	73
45	52	113
45	52	114
45	52	116
45	52	191
45	53	61
45	53	64
45	53	73
45	53	76
45	53	101
45	53	106
45	53	111
45	53	112
45	53	114
45	53	115
45	53	116
45	53	141
45	54	23
45	54	46
45	54	61
45	54	65
45	55	23
45	55	46
45	55	64
45	55	65
45	55	71
45	55	72
45	55	73
45	55	74
45	55	76
45	55	94
45	55	95
45	55	101
45	55	102
45	55	103
45	55	105
45	55	106
45	55	126
45	55	132
45	56	55
45	56	116
45	62	41
45	63	164
45	64	53
45	65	11
45	65	14
45	65	36
45	65	44
45	65	45
45	65	51
45	65	52
45	65	61
45	65	81
45	65	82
45	65	83
45	65	85
45	66	12
45	66	22
45	66	32
45	66	43
45	66	146
45	71	11
45	71	44
45	71	52
45	71	81
45	71	161
45	72	22
45	72	33
45	72	34
45	72	43
45	72	44
45	72	45
45	72	51
45	72	53
45	72	54
45	72	71
45	72	84
45	72	93
45	73	85
45	73	86
45	74	23
45	74	65
45	74	85
45	74	86
45	74	103
45	74	104
45	74	146
45	75	71
45	75	72
45	75	73
45	75	74
45	75	76
45	75	85
45	75	91
45	75	92
45	75	94
45	75	95
45	75	101
45	75	102
45	75	103
45	75	104
45	75	106
45	75	111
45	75	112
45	75	124
45	75	141
45	75	183
45	75	184
45	75	186
45	75	194
45	76	64
45	76	71
45	76	72
45	76	73
45	76	74
45	76	86
45	76	91
45	76	94
45	76	95
45	76	96
45	76	101
45	76	102
45	76	103
45	76	104
45	76	106
45	76	111
45	76	112
45	76	124
45	76	125
45	76	132
45	81	71
45	81	72
45	81	73
45	81	74
45	81	85
45	81	86
45	81	91
45	81	92
45	81	94
45	81	95
45	81	96
45	81	101
45	81	102
45	81	103
45	81	104
45	81	106
45	81	111
45	81	112
45	81	114
45	81	121
45	81	123
45	81	124
45	81	125
45	81	126
45	82	54
45	82	71
45	82	72
45	82	73
45	82	74
45	82	91
45	82	94
45	82	101
45	82	102
45	82	103
45	82	125
45	83	22
45	83	43
45	83	94
45	83	95
45	83	102
45	83	124
45	84	64
45	84	71
45	84	72
45	84	73
45	84	74
45	84	94
45	84	95
45	84	96
45	84	101
45	84	102
45	84	103
45	84	104
45	84	106
45	84	121
45	84	123
45	84	124
45	84	125
45	84	126
45	84	131
45	84	132
45	85	52
45	85	66
45	85	71
45	85	72
45	85	73
45	85	74
45	85	94
45	85	102
45	85	103
45	85	104
45	86	31
45	86	71
45	86	72
45	86	73
45	86	74
45	86	76
45	86	94
45	86	95
45	86	96
45	86	101
45	86	102
45	86	103
45	86	121
45	86	122
45	86	123
45	91	72
45	91	73
45	91	74
45	91	95
45	91	101
45	91	102
45	91	106
45	91	115
45	91	132
45	91	163
45	92	12
45	92	22
45	92	31
45	92	43
45	92	72
45	92	115
45	93	71
45	93	72
45	93	74
45	93	82
45	93	85
45	93	86
45	93	91
45	93	92
45	93	94
45	93	95
45	93	101
45	93	103
45	93	105
45	93	111
45	93	112
45	93	113
45	93	114
45	93	116
45	94	43
45	94	73
45	94	74
45	94	86
45	94	96
45	94	111
45	94	114
45	95	21
45	95	22
45	95	43
45	95	92
45	96	71
45	96	72
45	96	73
45	96	74
45	96	85
45	96	86
45	96	91
45	96	92
45	96	94
45	96	95
45	96	101
45	96	103
45	96	105
45	96	111
45	96	112
45	96	114
45	96	123
45	101	25
45	101	36
45	101	72
45	101	74
45	101	85
45	101	86
45	101	91
45	101	94
45	101	95
45	101	103
45	101	105
45	101	111
45	101	112
45	101	114
45	101	124
45	101	125
45	101	162
45	102	73
45	102	114
45	102	115
45	103	23
45	103	61
45	103	65
45	103	101
45	103	113
45	103	114
45	103	116
45	105	22
45	105	43
45	105	113
45	105	126
45	106	71
45	106	72
45	106	74
45	106	81
45	106	82
45	106	83
45	106	84
45	106	85
45	106	86
45	106	91
45	106	93
45	106	94
45	106	95
45	106	96
45	106	103
45	106	104
45	106	111
45	106	124
45	106	125
45	106	145
45	106	146
45	111	71
45	111	72
45	111	73
45	111	74
45	111	85
45	111	86
45	111	91
45	111	92
45	111	94
45	111	101
45	111	102
45	111	103
45	111	104
45	111	112
45	111	116
45	111	124
45	111	125
45	111	133
45	111	162
45	112	31
45	112	72
45	112	73
45	112	74
45	112	95
45	112	101
45	112	102
45	112	103
45	112	104
45	112	105
45	112	106
45	112	122
45	112	124
45	112	125
45	112	131
45	112	132
45	113	31
45	113	64
45	113	71
45	113	72
45	113	73
45	113	74
45	113	76
45	113	94
45	113	95
45	113	96
45	113	101
45	113	102
45	113	103
45	113	105
45	113	106
45	113	123
45	113	124
45	113	125
45	113	131
45	113	132
45	114	36
45	114	71
45	114	72
45	114	73
45	114	74
45	114	82
45	114	85
45	114	86
45	114	91
45	114	92
45	114	94
45	114	95
45	114	96
45	114	101
45	114	102
45	114	103
45	114	104
45	114	106
45	114	123
45	114	131
45	115	51
45	115	71
45	115	72
45	115	73
45	115	74
45	115	76
45	115	85
45	115	86
45	115	91
45	115	92
45	115	94
45	115	95
45	115	96
45	115	101
45	115	102
45	115	103
45	115	104
45	115	111
45	115	123
45	115	124
45	115	125
45	115	126
45	116	52
45	116	54
45	116	66
45	116	71
45	116	72
45	116	73
45	116	74
45	116	85
45	116	86
45	116	91
45	116	94
45	116	95
45	116	101
45	116	102
45	116	103
45	116	104
45	116	106
45	116	111
45	116	112
45	116	124
45	116	125
45	121	71
45	121	72
45	121	73
45	121	74
45	121	85
45	121	86
45	121	91
45	121	92
45	121	94
45	121	95
45	121	101
45	121	102
45	121	103
45	121	104
45	121	105
45	121	111
45	121	112
45	121	114
45	121	116
45	121	123
45	121	124
45	121	125
45	121	126
45	121	145
45	122	72
45	122	74
45	122	85
45	122	86
45	122	91
45	122	94
45	122	95
45	122	111
45	122	112
45	122	113
45	122	114
45	122	124
45	122	125
45	122	146
45	123	111
45	123	113
45	123	114
45	124	23
45	124	43
45	124	45
45	124	46
45	124	61
45	124	64
45	124	65
45	124	74
45	124	114
45	124	115
45	124	116
45	124	122
45	124	123
45	124	132
45	124	183
45	124	192
45	124	194
45	126	23
45	126	65
45	126	74
45	126	112
45	126	114
45	126	115
45	126	132
45	131	22
45	131	43
45	131	192
45	132	74
45	132	82
45	132	85
45	132	86
45	132	91
45	132	92
45	132	95
45	132	103
45	132	104
45	132	111
45	132	112
45	132	113
45	132	114
45	133	23
45	133	65
45	133	116
45	133	146
45	134	124
45	134	131
45	134	133
45	134	135
45	134	141
45	134	151
45	134	154
45	134	172
45	134	181
45	134	182
45	134	183
45	134	184
45	134	186
45	134	194
45	134	195
45	135	64
45	135	72
45	135	73
45	135	74
45	135	94
45	135	96
45	135	101
45	135	102
45	135	103
45	135	104
45	135	105
45	135	121
45	135	123
45	135	124
45	135	125
45	135	126
45	135	131
45	135	132
45	136	31
45	136	131
45	136	133
45	136	154
45	141	144
45	141	151
45	141	161
45	142	12
45	142	22
45	142	32
45	142	36
45	142	43
45	142	126
45	142	146
45	143	51
45	143	134
45	144	31
45	144	54
45	144	73
45	144	76
45	144	95
45	144	106
45	144	111
45	144	112
45	144	122
45	144	134
45	145	22
45	145	94
45	145	102
45	145	106
45	145	123
45	145	131
45	145	133
45	146	142
45	146	161
45	151	24
45	151	25
45	151	163
45	151	183
45	153	11
45	153	22
45	153	33
45	153	34
45	153	45
45	153	52
45	153	54
45	154	23
45	154	43
45	154	46
45	154	61
45	154	65
45	154	101
45	154	116
45	154	192
45	154	194
45	156	21
45	156	24
45	156	25
45	156	72
45	156	91
45	156	92
45	156	94
45	156	102
45	156	103
45	156	104
45	156	105
45	156	114
45	156	122
45	156	123
45	156	124
45	156	126
45	156	151
45	156	162
45	161	11
45	161	33
45	161	34
45	161	52
45	161	54
45	161	71
45	161	74
45	161	94
45	161	102
45	161	106
45	161	164
45	162	152
45	162	204
45	163	162
45	163	182
45	163	195
45	164	21
45	164	24
45	164	25
45	164	72
45	164	91
45	164	92
45	164	94
45	164	102
45	164	103
45	164	104
45	164	105
45	164	114
45	164	122
45	164	123
45	164	124
45	165	176
45	166	163
45	166	172
45	166	181
45	166	184
45	166	186
45	171	144
45	172	12
45	172	22
45	172	32
45	172	43
45	172	44
45	172	61
45	174	101
45	174	163
45	174	176
45	175	132
45	175	166
45	175	171
45	176	71
45	176	191
45	176	195
45	181	12
45	181	14
45	181	22
45	181	24
45	181	25
45	181	32
45	181	34
45	181	43
45	181	126
45	181	192
45	182	195
45	183	22
45	183	43
45	183	61
45	185	21
45	185	146
45	186	25
45	186	163
45	186	181
45	193	132
45	194	24
45	194	25
45	194	63
45	194	64
45	195	22
45	195	32
45	195	34
45	195	43
45	195	44
45	196	22
45	196	86
45	196	124
45	201	12
45	201	32
45	201	43
45	201	102
45	201	104
45	201	125
45	203	22
45	204	96
45	206	43
