50	11	12
50	11	22
50	11	31
50	11	34
50	11	41
50	11	43
50	11	45
50	11	92
50	12	24
50	12	25
50	12	43
50	12	44
50	12	63
50	12	64
50	13	12
50	14	12
50	14	22
50	14	32
50	14	43
50	14	126
50	14	146
50	15	12
50	15	22
50	15	24
50	15	25
50	15	31
50	15	32
50	15	34
50	15	43
50	15	44
50	15	45
50	15	126
50	15	146
50	16	14
50	16	116
50	16	133
50	16	191
50	16	192
50	16	194
50	16	195
50	21	33
50	21	34
50	21	43
50	21	45
50	21	82
50	22	32
50	22	43
50	22	44
50	22	192
50	23	11
50	23	41
50	24	22
50	25	44
50	25	45
50	25	51
50	25	52
50	25	53
50	25	61
50	25	76
50	25	81
50	25	82
50	25	83
50	25	161
50	25	181
50	26	14
50	26	32
50	26	36
50	31	21
50	31	22
50	31	43
50	31	92
50	31	104
50	32	12
50	32	22
50	32	43
50	32	44
50	32	61
50	32	81
50	32	82
50	32	105
50	33	102
50	33	126
50	33	192
50	34	32
50	34	146
50	35	12
50	35	22
50	35	43
50	36	23
50	36	24
50	36	25
50	36	43
50	36	63
50	36	65
50	36	116
50	36	164
50	41	24
50	41	25
50	41	31
50	41	44
50	41	45
50	41	64
50	41	66
50	41	115
50	41	144
50	42	23
50	42	65
50	42	101
50	42	113
50	42	114
50	42	116
50	42	192
50	43	34
50	43	45
50	43	52
50	43	54
50	43	63
50	44	22
50	44	34
50	44	52
50	45	32
50	45	126
50	45	146
50	46	45
50	46	64
50	46	66
50	46	71
50	46	72
50	46	73
50	46	101
50	46	163
50	51	24
50	51	25
50	51	63
50	51	71
50	51	72
50	51	73
50	51	74
50	51	94
50	51	95
50	51	101
50	51	116
50	52	23
50	52	46
50	52	61
50	52	64
50	52	65
50	52	114
50	52	116
50	52	191
50	52	192
50	52	194
50	53	61
50	53	64
50	53	73
50	53	101
50	53	106
50	53	115
50	53	116
50	53	141
50	54	23
50	54	46
50	54	61
50	54	65
50	55	23
50	55	65
50	55	71
50	55	72
50	55	73
50	55	74
50	55	76
50	55	94
50	55	95
50	55	101
50	55	102
50	55	103
50	55	104
50	55	105
50	55	106
50	55	126
50	55	132
50	56	14
50	56	55
50	56	116
50	56	191
50	56	192
50	56	194
50	62	41
50	63	164
50	64	53
50	65	11
50	65	14
50	65	36
50	65	44
50	65	45
50	65	51
50	65	52
50	65	61
50	65	81
50	65	82
50	65	83
50	65	85
50	66	22
50	66	32
50	66	43
50	66	45
50	66	82
50	66	126
50	66	146
50	71	11
50	71	44
50	71	52
50	71	81
50	71	161
50	72	33
50	72	34
50	72	45
50	72	51
50	72	53
50	72	71
50	72	76
50	72	84
50	72	93
50	73	76
50	73	86
50	73	91
50	74	86
50	74	104
50	74	112
50	74	146
50	75	71
50	75	72
50	75	73
50	75	74
50	75	94
50	75	95
50	75	101
50	75	102
50	75	103
50	75	106
50	75	124
50	75	141
50	75	183
50	75	184
50	75	186
50	75	194
50	76	64
50	76	71
50	76	72
50	76	73
50	76	74
50	76	86
50	76	94
50	76	95
50	76	101
50	76	102
50	76	103
50	76	105
50	76	106
50	76	111
50	76	112
50	76	124
50	76	125
50	76	126
50	76	132
50	76	145
50	81	71
50	81	72
50	81	73
50	81	74
50	81	85
50	81	86
50	81	91
50	81	94
50	81	95
50	81	96
50	81	101
50	81	102
50	81	103
50	81	106
50	81	111
50	81	112
50	81	121
50	81	123
50	81	124
50	81	125
50	81	126
50	81	131
50	82	11
50	82	72
50	82	73
50	82	74
50	82	91
50	82	101
50	82	102
50	83	22
50	83	43
50	83	94
50	83	95
50	83	102
50	84	23
50	84	46
50	84	64
50	84	65
50	84	71
50	84	72
50	84	73
50	84	74
50	84	76
50	84	94
50	84	95
50	84	96
50	84	101
50	84	102
50	84	103
50	84	104
50	84	105
50	84	106
50	84	121
50	84	123
50	84	124
50	84	125
50	84	126
50	84	132
50	85	52
50	85	71
50	85	72
50	85	73
50	85	74
50	85	82
50	85	94
50	85	102
50	85	103
50	86	54
50	86	71
50	86	72
50	86	73
50	86	74
50	86	76
50	86	91
50	86	94
50	86	95
50	86	101
50	86	102
50	86	103
50	86	105
50	91	72
50	91	73
50	91	74
50	91	95
50	91	101
50	91	102
50	91	106
50	91	115
50	91	126
50	91	132
50	91	163
50	92	12
50	92	22
50	92	31
50	92	43
50	93	71
50	93	72
50	93	73
50	93	74
50	93	82
50	93	85
50	93	91
50	93	92
50	93	94
50	93	95
50	93	101
50	93	103
50	93	104
50	93	105
50	93	111
50	93	112
50	93	113
50	93	114
50	93	116
50	93	122
50	93	146
50	94	43
50	94	73
50	94	74
50	94	86
50	94	96
50	94	111
50	94	114
50	95	21
50	95	22
50	95	43
50	95	92
50	96	71
50	96	72
50	96	73
50	96	74
50	96	82
50	96	85
50	96	86
50	96	91
50	96	92
50	96	94
50	96	95
50	96	101
50	96	102
50	96	103
50	96	104
50	96	105
50	96	111
50	96	112
50	96	113
50	96	114
50	96	131
50	101	25
50	101	36
50	101	85
50	101	86
50	101	91
50	101	103
50	101	105
50	101	111
50	101	112
50	101	114
50	101	116
50	101	124
50	101	125
50	101	162
50	102	73
50	102	115
50	103	23
50	103	65
50	103	101
50	103	114
50	103	116
50	105	22
50	105	32
50	105	43
50	105	126
50	105	146
50	106	71
50	106	72
50	106	74
50	106	76
50	106	81
50	106	82
50	106	85
50	106	86
50	106	91
50	106	94
50	106	95
50	106	96
50	106	101
50	106	102
50	106	103
50	106	104
50	106	111
50	106	112
50	106	114
50	106	123
50	106	124
50	106	125
50	106	146
50	106	162
50	111	71
50	111	72
50	111	73
50	111	74
50	111	85
50	111	86
50	111	91
50	111	92
50	111	94
50	111	101
50	111	102
50	111	103
50	111	104
50	111	112
50	111	116
50	111	124
50	111	125
50	111	131
50	111	133
50	111	162
50	112	31
50	112	72
50	112	73
50	112	74
50	112	76
50	112	86
50	112	101
50	112	102
50	112	103
50	112	104
50	112	105
50	112	121
50	112	124
50	112	125
50	112	126
50	112	131
50	113	64
50	113	71
50	113	72
50	113	73
50	113	74
50	113	76
50	113	94
50	113	95
50	113	96
50	113	101
50	113	102
50	113	103
50	113	104
50	113	105
50	113	106
50	113	123
50	113	124
50	113	126
50	113	131
50	113	132
50	114	36
50	114	71
50	114	72
50	114	73
50	114	74
50	114	85
50	114	91
50	114	92
50	114	94
50	114	95
50	114	96
50	114	101
50	114	102
50	114	103
50	114	104
50	114	106
50	114	123
50	114	124
50	114	126
50	114	131
50	115	71
50	115	72
50	115	73
50	115	74
50	115	85
50	115	91
50	115	92
50	115	94
50	115	95
50	115	96
50	115	101
50	115	102
50	115	103
50	115	104
50	115	105
50	115	111
50	115	112
50	115	121
50	115	123
50	115	124
50	115	125
50	115	126
50	116	52
50	116	54
50	116	66
50	116	71
50	116	72
50	116	73
50	116	74
50	116	82
50	116	91
50	116	94
50	116	95
50	116	102
50	116	103
50	116	104
50	116	106
50	116	111
50	116	124
50	116	125
50	121	71
50	121	72
50	121	73
50	121	74
50	121	85
50	121	91
50	121	92
50	121	94
50	121	95
50	121	101
50	121	102
50	121	103
50	121	104
50	121	105
50	121	111
50	121	112
50	121	116
50	121	122
50	121	126
50	121	145
50	122	72
50	122	74
50	122	82
50	122	91
50	122	94
50	122	95
50	122	111
50	122	112
50	122	123
50	122	124
50	122	125
50	122	146
50	122	162
50	123	132
50	123	135
50	124	23
50	124	43
50	124	45
50	124	46
50	124	61
50	124	64
50	124	65
50	124	66
50	124	74
50	124	114
50	124	115
50	124	116
50	124	122
50	124	123
50	124	132
50	124	141
50	124	144
50	124	183
50	124	192
50	124	194
50	125	12
50	125	43
50	126	23
50	126	43
50	126	46
50	126	51
50	126	65
50	126	112
50	126	113
50	126	114
50	126	115
50	126	132
50	126	141
50	131	22
50	131	43
50	131	82
50	131	192
50	132	74
50	132	82
50	132	85
50	132	91
50	132	92
50	132	95
50	132	103
50	132	111
50	132	112
50	132	116
50	133	23
50	133	65
50	133	116
50	133	141
50	133	146
50	134	131
50	134	182
50	135	72
50	135	96
50	135	101
50	135	102
50	135	103
50	135	104
50	135	105
50	135	121
50	135	123
50	135	124
50	135	125
50	135	126
50	135	131
50	135	132
50	135	133
50	136	106
50	136	114
50	136	131
50	136	132
50	136	154
50	136	182
50	136	192
50	141	151
50	142	12
50	142	22
50	142	32
50	142	36
50	142	43
50	142	126
50	142	146
50	143	51
50	143	134
50	144	31
50	144	54
50	144	73
50	144	76
50	144	95
50	144	106
50	144	111
50	144	112
50	144	122
50	144	134
50	145	131
50	146	142
50	146	161
50	151	163
50	151	181
50	151	182
50	151	183
50	153	11
50	153	22
50	153	33
50	153	34
50	153	45
50	153	52
50	153	54
50	154	23
50	154	43
50	154	46
50	154	61
50	154	65
50	154	101
50	154	116
50	154	192
50	154	194
50	156	21
50	156	24
50	156	25
50	156	72
50	156	91
50	156	92
50	156	94
50	156	102
50	156	103
50	156	104
50	156	105
50	156	114
50	156	122
50	156	123
50	156	124
50	156	126
50	156	151
50	156	162
50	161	11
50	161	22
50	161	33
50	161	34
50	161	45
50	161	52
50	161	54
50	161	94
50	161	95
50	161	164
50	162	152
50	162	204
50	163	162
50	164	21
50	164	24
50	164	25
50	164	72
50	164	91
50	164	92
50	164	94
50	164	102
50	164	103
50	164	104
50	164	105
50	164	114
50	164	122
50	164	123
50	164	124
50	165	176
50	166	163
50	166	172
50	166	181
50	166	184
50	166	186
50	171	191
50	172	12
50	172	22
50	172	32
50	172	43
50	172	44
50	172	61
50	174	101
50	174	163
50	174	176
50	175	106
50	175	132
50	175	166
50	175	171
50	175	192
50	176	71
50	176	191
50	176	195
50	181	12
50	181	14
50	181	22
50	181	24
50	181	25
50	181	32
50	181	34
50	181	43
50	181	126
50	181	192
50	182	195
50	183	22
50	185	21
50	185	135
50	185	146
50	186	66
50	186	181
50	193	31
50	193	45
50	193	64
50	194	181
50	194	183
50	195	22
50	195	32
50	195	34
50	195	43
50	195	44
50	195	192
50	196	22
50	196	113
50	201	12
50	201	32
50	201	34
50	201	43
50	201	102
50	201	125
50	201	144
50	203	22
50	204	96
50	204	101
50	206	43
