55	11	12
55	11	22
55	11	31
55	11	34
55	11	41
55	11	43
55	11	45
55	11	92
55	12	24
55	12	25
55	12	43
55	12	44
55	12	63
55	12	64
55	13	12
55	13	22
55	14	12
55	14	22
55	14	32
55	14	43
55	14	126
55	14	146
55	15	12
55	15	22
55	15	24
55	15	25
55	15	31
55	15	32
55	15	34
55	15	43
55	15	44
55	15	45
55	15	126
55	15	146
55	16	14
55	16	116
55	16	133
55	16	191
55	16	192
55	16	194
55	16	195
55	21	33
55	21	34
55	21	43
55	21	45
55	21	82
55	22	32
55	22	43
55	22	44
55	22	192
55	23	11
55	23	41
55	24	22
55	26	14
55	26	32
55	26	36
55	31	21
55	31	22
55	31	43
55	31	92
55	31	104
55	32	12
55	32	22
55	32	43
55	32	44
55	32	61
55	32	101
55	33	102
55	33	126
55	33	192
55	34	32
55	34	126
55	34	146
55	35	22
55	35	32
55	35	43
55	35	126
55	35	146
55	36	12
55	36	23
55	36	24
55	36	25
55	36	32
55	36	43
55	36	61
55	36	63
55	36	65
55	36	101
55	36	116
55	36	192
55	36	194
55	41	24
55	41	25
55	41	31
55	41	44
55	41	45
55	41	64
55	41	66
55	41	115
55	41	144
55	42	11
55	42	23
55	42	65
55	42	101
55	42	113
55	42	114
55	42	116
55	42	192
55	43	45
55	43	52
55	43	54
55	43	66
55	43	72
55	43	94
55	43	95
55	44	22
55	44	34
55	44	45
55	44	52
55	44	72
55	45	32
55	45	126
55	45	146
55	46	45
55	46	54
55	46	64
55	46	66
55	46	71
55	46	72
55	46	124
55	51	23
55	51	24
55	51	25
55	51	63
55	51	65
55	51	101
55	51	105
55	51	116
55	51	122
55	51	124
55	51	132
55	52	14
55	52	23
55	52	46
55	52	61
55	52	64
55	52	65
55	52	66
55	52	116
55	52	144
55	52	191
55	52	192
55	52	194
55	53	31
55	53	44
55	53	61
55	53	64
55	53	101
55	53	106
55	53	115
55	53	116
55	53	141
55	54	23
55	54	46
55	54	61
55	54	65
55	55	23
55	55	46
55	55	65
55	55	71
55	55	74
55	55	76
55	55	83
55	55	94
55	55	101
55	55	102
55	55	106
55	56	14
55	56	55
55	56	116
55	56	191
55	56	192
55	56	194
55	61	101
55	62	41
55	63	164
55	64	53
55	65	11
55	65	14
55	65	36
55	65	44
55	65	45
55	65	51
55	65	52
55	65	61
55	65	81
55	65	82
55	65	83
55	65	85
55	66	22
55	66	32
55	66	43
55	66	45
55	66	82
55	66	126
55	66	146
55	71	44
55	71	52
55	71	54
55	71	81
55	71	82
55	71	83
55	71	161
55	72	33
55	72	34
55	72	44
55	72	45
55	72	51
55	72	53
55	72	71
55	72	76
55	72	84
55	72	93
55	73	76
55	73	86
55	73	91
55	74	86
55	74	112
55	74	146
55	74	162
55	75	74
55	75	95
55	75	116
55	75	122
55	75	141
55	75	146
55	75	181
55	75	183
55	75	184
55	75	186
55	75	194
55	76	72
55	76	74
55	76	86
55	76	94
55	76	95
55	76	111
55	76	112
55	76	114
55	76	123
55	76	124
55	76	125
55	76	145
55	76	146
55	76	162
55	81	72
55	81	73
55	81	74
55	81	85
55	81	86
55	81	91
55	81	95
55	81	101
55	81	111
55	81	112
55	81	114
55	81	116
55	81	122
55	81	124
55	81	125
55	81	145
55	81	146
55	82	11
55	82	72
55	82	73
55	82	74
55	82	91
55	82	95
55	83	22
55	83	43
55	83	94
55	83	95
55	84	31
55	84	64
55	84	66
55	84	71
55	84	72
55	84	73
55	84	74
55	84	76
55	84	83
55	84	92
55	84	94
55	84	95
55	84	96
55	84	101
55	84	102
55	84	103
55	84	104
55	84	105
55	84	106
55	84	115
55	84	121
55	84	123
55	84	124
55	84	125
55	84	126
55	84	131
55	84	132
55	84	144
55	85	11
55	85	52
55	85	72
55	85	73
55	85	74
55	85	82
55	85	102
55	86	23
55	86	54
55	86	65
55	86	72
55	86	73
55	86	74
55	86	76
55	86	94
55	86	95
55	86	96
55	86	101
55	86	102
55	86	106
55	91	73
55	91	101
55	91	102
55	91	106
55	91	115
55	91	121
55	91	123
55	91	126
55	91	132
55	91	163
55	92	12
55	92	24
55	92	31
55	92	43
55	93	71
55	93	72
55	93	73
55	93	74
55	93	82
55	93	85
55	93	86
55	93	91
55	93	92
55	93	94
55	93	95
55	93	101
55	93	102
55	93	103
55	93	104
55	93	105
55	93	111
55	93	112
55	93	113
55	93	114
55	93	116
55	93	122
55	94	43
55	94	73
55	94	74
55	94	86
55	94	96
55	94	111
55	94	114
55	94	192
55	95	22
55	95	32
55	95	43
55	95	92
55	95	146
55	96	71
55	96	72
55	96	73
55	96	74
55	96	81
55	96	82
55	96	85
55	96	91
55	96	92
55	96	94
55	96	95
55	96	101
55	96	102
55	96	103
55	96	104
55	96	105
55	96	111
55	96	123
55	96	162
55	101	25
55	101	36
55	101	82
55	101	85
55	101	86
55	101	91
55	101	103
55	101	104
55	101	105
55	101	111
55	101	114
55	101	116
55	101	122
55	101	124
55	101	162
55	102	73
55	102	83
55	102	115
55	103	23
55	103	61
55	103	65
55	103	101
55	103	114
55	103	116
55	105	22
55	105	32
55	105	43
55	105	126
55	105	146
55	106	71
55	106	72
55	106	74
55	106	81
55	106	82
55	106	85
55	106	86
55	106	91
55	106	92
55	106	94
55	106	95
55	106	96
55	106	101
55	106	103
55	106	104
55	106	111
55	106	112
55	106	113
55	106	114
55	106	123
55	106	124
55	106	125
55	106	146
55	106	162
55	111	25
55	111	51
55	111	64
55	111	71
55	111	72
55	111	73
55	111	74
55	111	85
55	111	86
55	111	91
55	111	92
55	111	94
55	111	101
55	111	102
55	111	104
55	111	112
55	111	113
55	111	114
55	111	116
55	111	121
55	111	124
55	111	125
55	111	133
55	111	162
55	112	73
55	112	86
55	112	96
55	112	101
55	112	102
55	112	103
55	112	104
55	112	105
55	112	121
55	112	124
55	112	125
55	112	131
55	112	132
55	113	71
55	113	72
55	113	73
55	113	74
55	113	76
55	113	94
55	113	95
55	113	96
55	113	101
55	113	102
55	113	103
55	113	104
55	113	105
55	113	106
55	113	121
55	113	123
55	113	124
55	113	125
55	113	126
55	113	131
55	113	132
55	114	14
55	114	36
55	114	64
55	114	71
55	114	72
55	114	73
55	114	76
55	114	85
55	114	92
55	114	94
55	114	95
55	114	96
55	114	101
55	114	102
55	114	103
55	114	104
55	114	121
55	114	123
55	114	124
55	114	125
55	114	126
55	114	131
55	114	163
55	115	85
55	115	86
55	115	91
55	115	101
55	115	102
55	115	103
55	115	104
55	115	112
55	115	121
55	115	125
55	115	126
55	116	33
55	116	52
55	116	54
55	116	71
55	116	72
55	116	73
55	116	74
55	116	94
55	116	95
55	116	102
55	116	103
55	116	104
55	116	124
55	116	125
55	121	71
55	121	72
55	121	73
55	121	74
55	121	91
55	121	94
55	121	95
55	121	106
55	121	123
55	121	126
55	121	145
55	122	71
55	122	72
55	122	74
55	122	82
55	122	85
55	122	91
55	122	94
55	122	95
55	122	123
55	122	162
55	123	132
55	123	135
55	123	182
55	124	23
55	124	43
55	124	45
55	124	46
55	124	61
55	124	64
55	124	65
55	124	66
55	124	114
55	124	115
55	124	116
55	124	122
55	124	123
55	124	132
55	124	141
55	124	144
55	124	183
55	124	192
55	124	194
55	125	12
55	125	43
55	126	23
55	126	43
55	126	46
55	126	65
55	126	114
55	126	115
55	126	132
55	126	141
55	131	22
55	131	43
55	131	82
55	131	192
55	132	71
55	132	74
55	132	82
55	132	85
55	132	91
55	132	92
55	132	95
55	132	103
55	132	111
55	132	112
55	132	116
55	132	121
55	133	23
55	133	65
55	133	116
55	133	141
55	133	144
55	133	146
55	134	131
55	134	182
55	136	114
55	136	122
55	136	124
55	136	131
55	136	132
55	136	133
55	136	135
55	136	141
55	136	154
55	136	182
55	136	192
55	141	151
55	142	12
55	142	22
55	142	32
55	142	36
55	142	43
55	142	126
55	142	146
55	143	51
55	143	134
55	144	31
55	144	54
55	144	73
55	144	76
55	144	95
55	144	106
55	144	111
55	144	112
55	144	122
55	144	134
55	145	131
55	146	142
55	146	161
55	151	163
55	153	11
55	153	22
55	153	33
55	153	34
55	153	45
55	153	52
55	153	54
55	154	23
55	154	43
55	154	46
55	154	61
55	154	65
55	154	101
55	154	116
55	154	192
55	154	194
55	156	21
55	156	24
55	156	25
55	156	72
55	156	91
55	156	92
55	156	94
55	156	102
55	156	103
55	156	104
55	156	105
55	156	114
55	156	122
55	156	123
55	156	124
55	156	126
55	156	151
55	156	162
55	161	11
55	161	22
55	161	33
55	161	34
55	161	45
55	161	52
55	161	54
55	161	94
55	161	95
55	161	164
55	162	22
55	162	32
55	162	41
55	162	152
55	162	191
55	162	204
55	163	162
55	164	21
55	164	24
55	164	25
55	164	72
55	164	91
55	164	92
55	164	94
55	164	102
55	164	103
55	164	104
55	164	105
55	164	114
55	164	122
55	164	123
55	164	124
55	165	176
55	166	163
55	166	172
55	166	181
55	166	184
55	166	186
55	171	191
55	172	12
55	172	22
55	172	32
55	172	43
55	172	44
55	172	61
55	174	101
55	174	163
55	174	176
55	175	166
55	175	171
55	176	71
55	176	191
55	176	195
55	181	12
55	181	14
55	181	22
55	181	24
55	181	25
55	181	32
55	181	34
55	181	43
55	181	126
55	181	192
55	182	195
55	183	22
55	183	52
55	185	21
55	185	135
55	185	146
55	186	33
55	186	34
55	186	66
55	186	172
55	191	101
55	191	176
55	193	41
55	193	162
55	193	183
55	194	181
55	194	183
55	195	22
55	195	32
55	195	34
55	195	43
55	195	44
55	195	82
55	195	192
55	196	22
55	196	113
55	201	12
55	201	24
55	201	32
55	201	43
55	201	144
55	203	22
55	204	85
55	204	96
55	204	101
55	205	163
55	205	176
55	206	12
55	206	43
