60	11	12
60	11	22
60	11	31
60	11	41
60	11	43
60	11	45
60	11	92
60	12	24
60	12	25
60	12	43
60	12	44
60	12	63
60	12	64
60	12	66
60	12	144
60	13	12
60	13	22
60	14	12
60	14	22
60	14	32
60	14	43
60	14	126
60	14	146
60	15	12
60	15	22
60	15	24
60	15	25
60	15	31
60	15	32
60	15	34
60	15	43
60	15	44
60	15	45
60	15	126
60	15	146
60	16	14
60	16	116
60	16	133
60	16	191
60	16	192
60	16	194
60	16	195
60	21	33
60	21	34
60	21	43
60	21	45
60	21	82
60	22	32
60	22	43
60	22	44
60	22	192
60	23	11
60	23	41
60	24	22
60	26	14
60	26	32
60	26	36
60	31	21
60	31	22
60	31	43
60	31	92
60	31	104
60	32	12
60	32	22
60	32	43
60	32	44
60	32	61
60	32	101
60	33	102
60	33	126
60	33	192
60	34	32
60	34	126
60	34	146
60	35	22
60	35	32
60	35	43
60	35	126
60	35	146
60	36	12
60	36	23
60	36	24
60	36	25
60	36	32
60	36	43
60	36	61
60	36	63
60	36	65
60	36	101
60	36	116
60	36	192
60	36	194
60	41	24
60	41	25
60	41	31
60	41	44
60	41	45
60	41	64
60	41	66
60	41	115
60	41	144
60	42	11
60	42	23
60	42	65
60	42	101
60	42	113
60	42	114
60	42	116
60	42	192
60	43	45
60	43	52
60	43	54
60	43	66
60	43	72
60	43	94
60	43	95
60	44	22
60	44	34
60	44	45
60	44	52
60	44	72
60	45	32
60	45	43
60	45	126
60	45	146
60	46	45
60	46	54
60	46	64
60	46	66
60	46	71
60	46	124
60	51	23
60	51	24
60	51	25
60	51	63
60	51	65
60	51	101
60	51	105
60	51	114
60	51	116
60	51	122
60	51	132
60	52	14
60	52	23
60	52	46
60	52	61
60	52	64
60	52	65
60	52	66
60	52	116
60	52	144
60	52	191
60	52	192
60	52	194
60	53	44
60	53	61
60	53	64
60	53	115
60	53	116
60	53	141
60	54	23
60	54	46
60	54	61
60	54	65
60	55	76
60	55	83
60	55	96
60	55	101
60	55	102
60	55	106
60	55	132
60	56	14
60	56	55
60	56	116
60	56	191
60	56	192
60	56	194
60	61	101
60	62	41
60	64	53
60	65	11
60	65	14
60	65	36
60	65	44
60	65	45
60	65	51
60	65	52
60	65	61
60	65	81
60	65	82
60	65	83
60	65	85
60	66	22
60	66	32
60	66	36
60	66	43
60	66	126
60	66	146
60	71	44
60	71	52
60	71	54
60	71	81
60	71	82
60	71	83
60	71	161
60	72	22
60	72	33
60	72	34
60	72	51
60	72	53
60	72	71
60	72	84
60	72	93
60	72	95
60	73	76
60	73	86
60	73	91
60	74	86
60	74	162
60	75	74
60	75	94
60	75	95
60	75	162
60	75	172
60	75	181
60	75	183
60	75	184
60	75	186
60	75	194
60	76	72
60	76	74
60	76	82
60	76	94
60	76	95
60	76	111
60	76	114
60	76	123
60	76	124
60	76	125
60	76	145
60	76	146
60	76	162
60	81	72
60	81	73
60	81	74
60	81	85
60	81	86
60	81	91
60	81	94
60	81	95
60	81	111
60	81	112
60	81	114
60	81	124
60	81	125
60	81	145
60	81	146
60	82	11
60	82	52
60	82	73
60	82	74
60	82	95
60	83	22
60	83	43
60	83	94
60	83	95
60	84	31
60	84	64
60	84	66
60	84	71
60	84	72
60	84	73
60	84	74
60	84	76
60	84	83
60	84	94
60	84	95
60	84	96
60	84	101
60	84	102
60	84	103
60	84	104
60	84	105
60	84	106
60	84	115
60	84	121
60	84	123
60	84	124
60	84	125
60	84	126
60	84	131
60	84	132
60	84	141
60	84	144
60	85	11
60	85	33
60	85	52
60	85	72
60	85	73
60	85	102
60	85	134
60	86	54
60	86	72
60	86	73
60	86	74
60	86	76
60	86	83
60	86	94
60	86	101
60	86	102
60	86	106
60	91	101
60	91	102
60	91	106
60	91	115
60	91	132
60	91	163
60	92	12
60	92	24
60	92	31
60	92	43
60	93	71
60	93	72
60	93	73
60	93	74
60	93	82
60	93	85
60	93	86
60	93	91
60	93	92
60	93	94
60	93	95
60	93	101
60	93	102
60	93	103
60	93	104
60	93	105
60	93	111
60	93	112
60	93	114
60	93	116
60	93	122
60	93	162
60	94	43
60	94	74
60	94	86
60	94	96
60	94	111
60	94	192
60	95	12
60	95	22
60	95	32
60	95	43
60	95	126
60	95	146
60	96	81
60	96	82
60	96	85
60	96	91
60	96	92
60	96	94
60	96	101
60	96	102
60	96	103
60	96	105
60	96	111
60	96	123
60	96	162
60	101	25
60	101	32
60	101	36
60	101	85
60	101	86
60	101	91
60	101	103
60	101	105
60	101	124
60	101	132
60	101	162
60	102	73
60	102	83
60	103	23
60	103	61
60	103	65
60	103	101
60	103	116
60	105	12
60	105	22
60	105	32
60	105	43
60	105	126
60	105	146
60	106	71
60	106	72
60	106	74
60	106	81
60	106	82
60	106	85
60	106	86
60	106	91
60	106	92
60	106	94
60	106	95
60	106	96
60	106	101
60	106	103
60	106	111
60	106	112
60	106	113
60	106	114
60	106	123
60	106	124
60	106	125
60	106	146
60	106	162
60	111	25
60	111	51
60	111	64
60	111	71
60	111	72
60	111	85
60	111	86
60	111	91
60	111	92
60	111	94
60	111	101
60	111	103
60	111	104
60	111	112
60	111	113
60	111	114
60	111	116
60	111	121
60	111	124
60	111	125
60	111	133
60	111	162
60	112	83
60	112	86
60	112	101
60	112	102
60	112	103
60	112	104
60	112	124
60	112	125
60	113	72
60	113	73
60	113	74
60	113	76
60	113	83
60	113	94
60	113	95
60	113	96
60	113	101
60	113	102
60	113	103
60	113	104
60	113	105
60	113	106
60	113	121
60	113	123
60	113	124
60	113	125
60	113	126
60	113	131
60	113	132
60	113	141
60	114	14
60	114	36
60	114	64
60	114	66
60	114	73
60	114	85
60	114	92
60	114	102
60	114	103
60	114	104
60	114	121
60	114	123
60	114	126
60	114	131
60	114	144
60	114	163
60	115	101
60	115	102
60	115	103
60	115	104
60	115	121
60	115	123
60	115	124
60	115	125
60	115	126
60	115	162
60	116	33
60	116	34
60	116	52
60	116	54
60	116	71
60	116	72
60	116	73
60	116	74
60	116	82
60	116	94
60	116	95
60	121	71
60	121	72
60	121	73
60	121	74
60	121	91
60	121	94
60	121	95
60	121	106
60	121	123
60	121	126
60	121	145
60	122	71
60	122	72
60	122	74
60	122	82
60	122	85
60	122	91
60	122	94
60	122	95
60	122	123
60	122	162
60	123	11
60	123	113
60	123	114
60	123	121
60	123	131
60	123	132
60	123	135
60	123	182
60	124	23
60	124	43
60	124	45
60	124	46
60	124	61
60	124	64
60	124	65
60	124	66
60	124	114
60	124	115
60	124	116
60	124	122
60	124	123
60	124	132
60	124	141
60	124	144
60	124	183
60	124	192
60	124	194
60	125	12
60	125	22
60	125	43
60	126	23
60	126	43
60	126	46
60	126	64
60	126	65
60	126	114
60	126	115
60	126	121
60	126	132
60	126	141
60	126	195
60	131	22
60	131	43
60	131	122
60	131	192
60	132	64
60	132	71
60	132	74
60	132	82
60	132	85
60	132	91
60	132	92
60	132	95
60	132	103
60	132	112
60	132	116
60	132	121
60	132	126
60	132	141
60	133	23
60	133	65
60	133	116
60	133	141
60	133	144
60	133	146
60	134	131
60	134	182
60	136	124
60	136	125
60	136	131
60	136	133
60	136	134
60	136	135
60	136	154
60	136	182
60	141	151
60	142	12
60	142	22
60	142	32
60	142	36
60	142	43
60	142	126
60	142	146
60	143	51
60	143	134
60	144	31
60	144	54
60	144	73
60	144	76
60	144	95
60	144	106
60	144	111
60	144	112
60	144	122
60	144	134
60	145	131
60	146	142
60	146	161
60	151	163
60	153	11
60	153	22
60	153	33
60	153	34
60	153	45
60	153	52
60	153	54
60	154	23
60	154	43
60	154	46
60	154	61
60	154	65
60	154	101
60	154	116
60	154	192
60	154	194
60	156	21
60	156	24
60	156	25
60	156	72
60	156	91
60	156	92
60	156	94
60	156	102
60	156	103
60	156	104
60	156	105
60	156	114
60	156	122
60	156	123
60	156	124
60	156	126
60	156	151
60	156	162
60	161	11
60	161	22
60	161	33
60	161	34
60	161	45
60	161	52
60	161	54
60	161	94
60	161	95
60	161	164
60	162	12
60	162	22
60	162	32
60	162	152
60	162	191
60	162	204
60	163	162
60	164	21
60	164	24
60	164	25
60	164	72
60	164	91
60	164	92
60	164	94
60	164	102
60	164	103
60	164	104
60	164	105
60	164	114
60	164	122
60	164	123
60	164	124
60	165	176
60	166	101
60	166	163
60	166	172
60	166	181
60	166	184
60	166	186
60	171	191
60	172	12
60	172	22
60	172	32
60	172	43
60	172	44
60	172	61
60	174	101
60	174	163
60	174	176
60	175	166
60	175	171
60	176	71
60	176	191
60	176	195
60	181	12
60	181	14
60	181	22
60	181	24
60	181	25
60	181	32
60	181	34
60	181	43
60	181	126
60	181	192
60	182	195
60	183	22
60	183	23
60	183	52
60	183	65
60	185	21
60	185	135
60	185	146
60	186	33
60	186	34
60	186	43
60	186	66
60	186	172
60	191	101
60	191	176
60	193	53
60	193	55
60	193	162
60	193	183
60	194	181
60	194	183
60	195	22
60	195	32
60	195	34
60	195	43
60	195	44
60	195	82
60	195	192
60	196	22
60	196	44
60	196	45
60	201	12
60	201	24
60	201	32
60	201	43
60	201	144
60	203	11
60	203	22
60	204	85
60	204	96
60	204	101
60	205	163
60	205	176
60	206	12
60	206	22
60	206	43
