10	11	45
10	11	91
10	11	94
10	11	95
10	11	102
10	11	111
10	12	45
10	12	74
10	12	94
10	12	95
10	12	102
10	13	45
10	13	94
10	13	95
10	13	102
10	14	45
10	14	94
10	14	95
10	14	102
10	15	45
10	15	74
10	15	94
10	15	95
10	15	102
10	15	111
10	16	45
10	16	94
10	16	95
10	16	102
10	16	151
10	21	94
10	21	95
10	21	102
10	21	151
10	22	45
10	22	94
10	22	95
10	22	102
10	22	151
10	23	94
10	23	95
10	23	102
10	23	151
10	24	94
10	24	95
10	24	102
10	24	111
10	24	151
10	25	94
10	25	95
10	25	102
10	25	151
10	26	94
10	26	95
10	26	102
10	26	151
10	31	45
10	31	74
10	31	94
10	31	95
10	31	102
10	31	111
10	32	45
10	32	94
10	32	95
10	32	102
10	33	74
10	33	94
10	33	95
10	33	102
10	33	111
10	34	45
10	34	74
10	34	94
10	34	95
10	34	102
10	34	111
10	35	45
10	35	94
10	35	95
10	35	102
10	35	111
10	36	45
10	36	74
10	36	94
10	36	95
10	36	102
10	41	74
10	41	94
10	41	95
10	41	102
10	41	105
10	42	94
10	42	95
10	42	102
10	42	111
10	43	74
10	43	94
10	43	95
10	43	102
10	43	111
10	44	74
10	44	94
10	44	95
10	44	102
10	44	111
10	45	74
10	45	94
10	45	95
10	45	102
10	45	111
10	46	94
10	46	95
10	46	102
10	46	111
10	51	45
10	51	74
10	51	94
10	51	95
10	51	102
10	51	111
10	52	94
10	52	95
10	52	102
10	52	151
10	53	45
10	53	94
10	53	95
10	53	102
10	53	111
10	54	45
10	54	74
10	54	94
10	54	95
10	54	102
10	54	111
10	55	45
10	55	94
10	55	95
10	55	102
10	55	111
10	55	151
10	56	45
10	56	74
10	56	94
10	56	95
10	56	102
10	56	151
10	61	94
10	61	95
10	61	102
10	61	111
10	62	94
10	62	95
10	62	102
10	62	151
10	63	45
10	63	94
10	63	95
10	63	102
10	63	111
10	64	94
10	64	95
10	64	102
10	65	45
10	65	74
10	65	94
10	65	95
10	65	102
10	65	111
10	66	45
10	66	74
10	66	94
10	66	95
10	66	102
10	71	45
10	71	94
10	71	95
10	71	102
10	71	111
10	72	45
10	72	94
10	72	95
10	72	131
10	73	45
10	73	94
10	73	95
10	73	102
10	73	111
10	74	45
10	74	94
10	74	95
10	74	102
10	74	111
10	75	45
10	75	74
10	75	94
10	75	95
10	75	102
10	75	111
10	76	45
10	76	94
10	76	95
10	76	102
10	76	111
10	81	45
10	81	74
10	81	91
10	81	94
10	81	95
10	81	102
10	81	111
10	82	45
10	82	94
10	82	95
10	82	102
10	82	111
10	83	45
10	83	94
10	83	95
10	83	102
10	83	111
10	84	45
10	84	74
10	84	94
10	84	95
10	84	102
10	84	111
10	85	32
10	85	95
10	85	102
10	85	105
10	86	45
10	86	74
10	86	94
10	86	95
10	86	102
10	86	105
10	91	45
10	91	74
10	91	102
10	91	131
10	92	45
10	92	74
10	92	95
10	92	102
10	92	105
10	92	111
10	93	45
10	93	74
10	93	91
10	93	94
10	93	95
10	93	102
10	93	105
10	93	111
10	94	45
10	94	74
10	94	95
10	94	102
10	94	105
10	95	45
10	95	74
10	95	94
10	95	102
10	96	74
10	96	91
10	96	94
10	96	95
10	96	102
10	96	105
10	96	111
10	101	45
10	101	74
10	101	95
10	101	102
10	102	45
10	102	74
10	102	94
10	102	95
10	103	45
10	103	94
10	103	95
10	103	102
10	104	45
10	104	94
10	104	95
10	104	102
10	105	45
10	105	74
10	105	94
10	105	95
10	105	102
10	105	111
10	106	94
10	106	95
10	106	102
10	106	111
10	111	45
10	111	74
10	111	105
10	112	45
10	112	94
10	112	111
10	112	161
10	113	45
10	113	74
10	113	94
10	113	95
10	113	102
10	113	105
10	113	111
10	114	45
10	114	74
10	114	94
10	114	95
10	114	102
10	114	111
10	114	131
10	115	45
10	115	94
10	115	95
10	115	102
10	116	45
10	116	94
10	116	95
10	116	102
10	116	111
10	121	45
10	121	94
10	121	95
10	121	102
10	121	111
10	122	45
10	122	94
10	122	95
10	122	102
10	122	111
10	123	45
10	123	94
10	123	95
10	123	102
10	124	45
10	124	74
10	124	94
10	124	95
10	124	102
10	125	45
10	125	74
10	125	94
10	125	95
10	125	102
10	126	45
10	126	74
10	126	94
10	126	95
10	126	102
10	126	111
10	131	45
10	131	94
10	131	95
10	131	102
10	132	45
10	132	74
10	132	94
10	132	95
10	132	102
10	133	45
10	133	94
10	133	95
10	133	102
10	134	94
10	134	95
10	134	102
10	134	151
10	135	45
10	135	94
10	135	95
10	135	102
10	135	111
10	135	141
10	136	94
10	136	95
10	136	102
10	141	45
10	141	74
10	141	94
10	141	95
10	141	102
10	141	111
10	142	45
10	142	94
10	142	95
10	142	102
10	142	111
10	143	94
10	143	95
10	143	102
10	143	151
10	144	45
10	144	94
10	144	95
10	144	102
10	144	151
10	145	45
10	145	94
10	145	95
10	145	102
10	146	94
10	146	95
10	146	102
10	151	45
10	151	94
10	151	95
10	151	102
10	152	45
10	152	94
10	152	95
10	152	102
10	152	111
10	153	94
10	153	95
10	153	102
10	154	45
10	154	74
10	154	94
10	154	95
10	154	102
10	154	111
10	154	151
10	155	94
10	155	95
10	155	102
10	156	45
10	156	74
10	156	94
10	156	95
10	156	102
10	156	105
10	156	111
10	161	45
10	161	74
10	161	94
10	161	95
10	161	102
10	161	111
10	162	45
10	162	94
10	162	95
10	162	102
10	162	111
10	163	45
10	163	94
10	163	95
10	163	102
10	164	45
10	164	94
10	164	95
10	164	102
10	165	94
10	165	95
10	165	102
10	165	151
10	166	45
10	166	74
10	166	94
10	166	95
10	166	102
10	166	111
10	171	45
10	171	94
10	171	95
10	171	102
10	171	111
10	171	164
10	171	194
10	172	45
10	172	94
10	172	95
10	172	102
10	173	45
10	173	94
10	173	95
10	173	102
10	173	151
10	174	45
10	174	94
10	174	95
10	174	102
10	174	151
10	175	94
10	175	95
10	175	102
10	176	94
10	176	95
10	176	102
10	181	45
10	181	74
10	181	94
10	181	95
10	181	102
10	181	111
10	182	94
10	182	95
10	182	102
10	182	151
10	183	45
10	183	94
10	183	95
10	183	102
10	183	111
10	184	94
10	184	95
10	184	102
10	185	94
10	185	95
10	185	102
10	185	151
10	186	45
10	186	94
10	186	95
10	186	102
10	186	163
10	191	45
10	191	94
10	191	95
10	191	102
10	192	45
10	192	94
10	192	95
10	192	102
10	193	45
10	193	94
10	193	95
10	193	102
10	194	45
10	194	94
10	194	95
10	194	102
10	195	45
10	195	74
10	195	94
10	195	95
10	195	102
10	195	111
10	196	45
10	196	94
10	196	95
10	196	102
10	196	111
10	201	45
10	201	94
10	201	95
10	201	102
10	203	94
10	203	95
10	203	102
10	203	111
10	204	45
10	204	94
10	204	95
10	204	102
10	205	45
10	205	94
10	205	95
10	205	102
10	205	105
10	205	111
10	206	94
10	206	95
10	206	102
10	206	111
