15	11	16
15	11	24
15	11	43
15	11	91
15	11	94
15	11	101
15	11	142
15	11	151
15	12	43
15	12	45
15	12	46
15	12	102
15	14	91
15	14	94
15	14	151
15	15	24
15	15	41
15	15	46
15	15	151
15	16	95
15	16	102
15	21	16
15	21	86
15	21	95
15	21	102
15	21	184
15	22	41
15	22	91
15	23	86
15	23	91
15	23	95
15	23	102
15	23	113
15	23	131
15	23	132
15	23	184
15	24	102
15	25	32
15	25	62
15	25	74
15	25	76
15	25	82
15	25	94
15	25	95
15	25	101
15	25	102
15	25	103
15	26	16
15	26	102
15	32	45
15	32	74
15	32	91
15	32	94
15	32	95
15	32	101
15	32	102
15	32	105
15	34	24
15	35	16
15	36	45
15	36	102
15	41	16
15	41	23
15	41	24
15	41	94
15	41	95
15	41	102
15	41	105
15	42	41
15	42	94
15	42	95
15	42	105
15	42	111
15	42	191
15	43	16
15	43	62
15	43	86
15	43	95
15	43	102
15	44	74
15	44	94
15	44	95
15	44	102
15	46	54
15	46	94
15	46	95
15	46	101
15	46	102
15	51	45
15	51	82
15	51	91
15	51	94
15	51	95
15	51	101
15	51	102
15	51	105
15	51	131
15	51	151
15	52	36
15	52	94
15	52	95
15	52	102
15	53	94
15	53	95
15	53	102
15	53	131
15	54	45
15	54	94
15	54	95
15	54	102
15	55	45
15	55	54
15	55	76
15	55	82
15	55	83
15	55	91
15	55	94
15	55	95
15	55	101
15	55	102
15	55	103
15	55	124
15	55	125
15	56	32
15	56	44
15	56	45
15	56	51
15	56	52
15	56	54
15	56	94
15	56	95
15	56	102
15	61	85
15	61	94
15	61	95
15	61	101
15	62	94
15	62	95
15	62	102
15	63	95
15	63	102
15	64	16
15	64	102
15	64	146
15	65	74
15	65	82
15	65	95
15	65	102
15	66	41
15	66	74
15	71	41
15	71	45
15	71	54
15	71	95
15	71	102
15	72	41
15	72	42
15	72	45
15	72	94
15	72	95
15	73	41
15	73	45
15	73	102
15	74	91
15	74	95
15	74	102
15	75	74
15	75	85
15	75	94
15	75	95
15	75	102
15	76	71
15	76	72
15	76	91
15	76	94
15	76	95
15	76	102
15	76	111
15	76	124
15	81	83
15	81	84
15	81	85
15	81	91
15	81	92
15	81	94
15	81	95
15	81	101
15	81	102
15	81	103
15	81	104
15	81	111
15	81	122
15	81	123
15	81	124
15	81	125
15	81	126
15	81	131
15	81	132
15	81	151
15	82	76
15	82	83
15	82	85
15	82	94
15	82	95
15	82	101
15	82	111
15	82	151
15	83	41
15	83	91
15	83	94
15	83	111
15	84	71
15	84	76
15	84	85
15	84	91
15	84	94
15	84	95
15	84	102
15	84	104
15	84	111
15	84	123
15	84	124
15	84	125
15	84	151
15	85	84
15	85	91
15	85	95
15	85	102
15	85	105
15	85	123
15	85	124
15	86	45
15	86	76
15	86	82
15	86	83
15	86	84
15	86	85
15	86	91
15	86	94
15	86	95
15	86	101
15	86	102
15	86	103
15	86	105
15	86	124
15	86	125
15	91	44
15	91	45
15	91	76
15	91	102
15	91	103
15	91	111
15	91	125
15	91	151
15	92	41
15	92	42
15	92	44
15	92	45
15	92	91
15	92	105
15	92	111
15	93	71
15	93	85
15	93	91
15	93	92
15	93	94
15	93	101
15	93	111
15	93	125
15	94	45
15	94	95
15	94	105
15	95	41
15	95	85
15	95	94
15	95	101
15	96	83
15	96	84
15	96	85
15	96	91
15	96	92
15	96	94
15	96	95
15	96	101
15	96	102
15	96	103
15	96	105
15	96	111
15	96	125
15	101	102
15	101	103
15	101	124
15	101	125
15	101	151
15	102	41
15	102	42
15	102	45
15	102	74
15	102	84
15	102	85
15	102	94
15	102	95
15	102	105
15	103	91
15	103	94
15	103	95
15	103	102
15	104	11
15	104	41
15	104	45
15	104	91
15	105	41
15	105	94
15	106	71
15	106	83
15	106	84
15	106	85
15	106	91
15	106	92
15	106	94
15	106	95
15	106	101
15	106	102
15	106	103
15	106	111
15	106	123
15	106	124
15	106	125
15	106	131
15	106	132
15	106	151
15	111	83
15	111	84
15	111	91
15	111	92
15	111	105
15	111	151
15	112	16
15	112	45
15	112	94
15	112	125
15	112	161
15	113	45
15	113	62
15	113	76
15	113	82
15	113	83
15	113	84
15	113	85
15	113	91
15	113	94
15	113	95
15	113	101
15	113	102
15	113	111
15	114	44
15	114	45
15	114	74
15	114	82
15	114	85
15	114	91
15	114	94
15	114	95
15	114	101
15	114	102
15	114	105
15	114	111
15	114	123
15	115	45
15	115	83
15	115	85
15	115	91
15	115	94
15	115	95
15	115	101
15	115	102
15	115	103
15	115	123
15	115	125
15	116	45
15	116	62
15	116	71
15	116	83
15	116	85
15	116	91
15	116	94
15	116	95
15	116	101
15	116	102
15	116	111
15	116	124
15	121	45
15	121	85
15	121	91
15	121	94
15	121	95
15	121	102
15	121	103
15	121	104
15	122	72
15	122	73
15	122	85
15	122	91
15	122	94
15	122	95
15	122	102
15	122	111
15	122	124
15	122	151
15	123	16
15	123	45
15	123	95
15	123	102
15	124	41
15	124	45
15	124	46
15	124	74
15	124	95
15	124	102
15	125	11
15	125	41
15	126	94
15	126	102
15	126	124
15	131	41
15	131	91
15	131	94
15	132	85
15	132	91
15	132	94
15	132	95
15	132	102
15	133	95
15	133	102
15	133	124
15	133	181
15	134	54
15	134	131
15	134	151
15	134	161
15	134	181
15	135	94
15	135	95
15	135	102
15	135	141
15	135	151
15	135	184
15	136	102
15	136	181
15	141	16
15	141	54
15	141	95
15	141	102
15	142	41
15	143	16
15	143	41
15	143	45
15	143	102
15	144	41
15	144	45
15	144	62
15	144	73
15	144	74
15	144	76
15	144	82
15	144	83
15	144	85
15	144	91
15	144	94
15	144	95
15	144	102
15	144	111
15	144	123
15	144	124
15	144	125
15	144	131
15	144	133
15	145	41
15	145	42
15	145	45
15	145	46
15	145	74
15	145	86
15	145	102
15	146	95
15	146	102
15	146	143
15	151	16
15	151	95
15	151	102
15	152	95
15	152	102
15	152	151
15	153	16
15	153	45
15	153	62
15	153	86
15	153	95
15	153	102
15	154	16
15	154	45
15	154	95
15	154	102
15	155	72
15	155	95
15	155	102
15	156	94
15	156	102
15	156	151
15	156	172
15	161	45
15	161	46
15	161	62
15	161	82
15	161	85
15	161	91
15	161	94
15	161	95
15	161	102
15	162	102
15	163	41
15	163	45
15	163	95
15	163	102
15	163	172
15	164	94
15	164	95
15	164	102
15	165	16
15	165	102
15	165	181
15	166	41
15	166	45
15	166	95
15	166	191
15	171	95
15	171	102
15	171	194
15	172	16
15	172	41
15	172	42
15	172	45
15	172	54
15	172	102
15	173	41
15	173	45
15	173	95
15	173	102
15	173	184
15	174	41
15	174	45
15	174	95
15	174	151
15	175	102
15	176	41
15	176	46
15	176	94
15	176	95
15	176	102
15	176	184
15	181	24
15	181	44
15	181	46
15	181	61
15	182	95
15	182	102
15	183	102
15	184	16
15	184	102
15	184	181
15	185	16
15	185	102
15	186	41
15	186	86
15	186	102
15	186	163
15	191	41
15	191	45
15	191	95
15	192	102
15	192	151
15	193	16
15	193	41
15	193	45
15	193	95
15	193	102
15	194	102
15	195	41
15	195	151
15	201	11
15	201	46
15	201	146
15	201	151
15	201	161
15	203	23
15	203	151
15	204	94
15	204	154
15	205	45
15	205	151
15	205	191
15	206	41
15	206	151
