20	11	24
20	11	71
20	11	81
20	11	142
20	11	151
20	12	46
20	12	111
20	12	114
20	12	181
20	14	91
20	14	151
20	15	24
20	15	46
20	15	151
20	21	16
20	21	52
20	21	54
20	21	86
20	22	41
20	22	91
20	23	76
20	23	95
20	23	121
20	23	126
20	23	151
20	23	184
20	24	45
20	24	46
20	24	54
20	25	32
20	25	61
20	25	62
20	25	64
20	25	73
20	25	74
20	25	75
20	25	76
20	25	81
20	25	82
20	25	94
20	25	95
20	25	101
20	25	102
20	25	103
20	25	123
20	25	124
20	25	125
20	26	41
20	26	45
20	26	54
20	26	84
20	26	105
20	31	74
20	31	94
20	32	44
20	32	45
20	32	91
20	32	92
20	32	94
20	32	95
20	32	101
20	32	103
20	32	104
20	32	105
20	32	125
20	33	24
20	34	24
20	35	41
20	35	141
20	36	45
20	36	181
20	41	16
20	41	94
20	41	154
20	42	41
20	42	101
20	42	105
20	43	42
20	43	62
20	43	74
20	43	102
20	44	62
20	44	74
20	45	11
20	46	52
20	46	54
20	46	101
20	51	91
20	51	94
20	51	95
20	51	101
20	51	105
20	51	124
20	51	131
20	51	151
20	52	36
20	52	45
20	52	54
20	52	95
20	53	44
20	53	51
20	53	71
20	53	94
20	53	95
20	53	131
20	54	46
20	54	66
20	55	54
20	55	71
20	55	76
20	55	83
20	55	85
20	55	91
20	55	92
20	55	94
20	55	95
20	55	101
20	55	103
20	55	104
20	55	111
20	55	121
20	55	123
20	55	124
20	55	125
20	56	32
20	56	44
20	56	51
20	56	54
20	56	94
20	56	95
20	56	101
20	61	85
20	61	91
20	61	94
20	61	95
20	61	101
20	61	191
20	62	44
20	63	85
20	63	94
20	63	95
20	63	102
20	63	151
20	64	43
20	64	101
20	65	74
20	65	82
20	65	181
20	66	11
20	66	41
20	66	42
20	66	74
20	66	144
20	71	41
20	71	42
20	71	45
20	71	46
20	71	54
20	71	62
20	72	43
20	72	44
20	72	45
20	72	46
20	72	94
20	73	41
20	73	45
20	73	181
20	74	54
20	74	91
20	75	71
20	75	83
20	75	85
20	75	91
20	75	92
20	75	94
20	75	101
20	75	124
20	75	181
20	76	71
20	76	72
20	76	84
20	76	85
20	76	91
20	76	92
20	76	94
20	76	95
20	76	101
20	76	102
20	76	103
20	76	104
20	76	111
20	76	123
20	76	124
20	76	125
20	76	126
20	76	132
20	76	154
20	81	83
20	81	84
20	81	85
20	81	91
20	81	92
20	81	94
20	81	95
20	81	101
20	81	103
20	81	104
20	81	111
20	81	122
20	81	123
20	81	124
20	81	125
20	81	126
20	81	132
20	82	45
20	82	76
20	82	83
20	82	91
20	82	94
20	82	101
20	82	103
20	82	111
20	82	122
20	82	123
20	82	124
20	82	125
20	82	151
20	83	41
20	83	91
20	83	94
20	83	101
20	83	111
20	84	33
20	84	71
20	84	76
20	84	85
20	84	91
20	84	94
20	84	95
20	84	101
20	84	103
20	84	104
20	84	111
20	84	123
20	84	124
20	84	125
20	84	126
20	84	132
20	85	44
20	85	84
20	85	91
20	85	95
20	85	101
20	85	102
20	85	123
20	85	124
20	86	76
20	86	82
20	86	83
20	86	84
20	86	85
20	86	91
20	86	94
20	86	95
20	86	101
20	86	102
20	86	103
20	86	104
20	86	123
20	86	124
20	86	125
20	91	44
20	91	45
20	91	103
20	91	151
20	92	24
20	92	42
20	92	44
20	92	45
20	92	91
20	92	105
20	92	111
20	92	151
20	92	164
20	93	71
20	93	83
20	93	85
20	93	91
20	93	92
20	93	94
20	93	101
20	93	103
20	93	104
20	93	111
20	93	123
20	93	124
20	93	125
20	93	126
20	93	132
20	94	45
20	95	11
20	95	85
20	95	94
20	95	101
20	96	71
20	96	83
20	96	84
20	96	85
20	96	91
20	96	92
20	96	94
20	96	101
20	96	103
20	96	104
20	96	111
20	96	123
20	96	124
20	96	125
20	96	151
20	101	83
20	101	91
20	101	103
20	101	104
20	101	123
20	101	124
20	101	125
20	101	126
20	102	42
20	102	45
20	102	51
20	102	71
20	102	84
20	102	85
20	102	94
20	103	83
20	104	11
20	105	41
20	105	44
20	105	151
20	106	71
20	106	83
20	106	85
20	106	91
20	106	92
20	106	94
20	106	95
20	106	101
20	106	103
20	106	104
20	106	111
20	106	123
20	106	124
20	106	125
20	106	126
20	106	131
20	106	132
20	111	71
20	111	83
20	111	84
20	111	86
20	111	91
20	111	92
20	111	105
20	111	126
20	112	41
20	112	44
20	112	45
20	112	76
20	112	82
20	112	94
20	112	101
20	112	125
20	112	161
20	113	71
20	113	76
20	113	82
20	113	83
20	113	84
20	113	85
20	113	91
20	113	92
20	113	94
20	113	95
20	113	101
20	113	102
20	113	103
20	113	111
20	113	125
20	114	44
20	114	45
20	114	46
20	114	74
20	114	76
20	114	82
20	114	84
20	114	85
20	114	91
20	114	92
20	114	94
20	114	95
20	114	101
20	114	105
20	114	111
20	115	71
20	115	76
20	115	83
20	115	84
20	115	85
20	115	91
20	115	92
20	115	94
20	115	95
20	115	101
20	115	103
20	115	104
20	115	121
20	115	123
20	115	124
20	115	125
20	115	126
20	115	132
20	116	62
20	116	71
20	116	82
20	116	83
20	116	85
20	116	91
20	116	92
20	116	94
20	116	101
20	116	102
20	116	103
20	116	111
20	116	123
20	116	124
20	116	125
20	116	132
20	121	45
20	121	71
20	121	83
20	121	85
20	121	91
20	121	92
20	121	94
20	121	95
20	121	101
20	121	103
20	121	104
20	121	125
20	122	71
20	122	72
20	122	83
20	122	84
20	122	85
20	122	91
20	122	94
20	122	101
20	122	111
20	122	113
20	122	123
20	122	124
20	122	125
20	122	151
20	122	154
20	123	16
20	123	41
20	123	42
20	123	45
20	123	76
20	123	95
20	124	41
20	124	45
20	124	46
20	124	86
20	124	141
20	124	151
20	124	191
20	125	11
20	125	41
20	125	91
20	125	141
20	126	33
20	126	124
20	131	91
20	131	94
20	131	101
20	132	71
20	132	83
20	132	85
20	132	91
20	132	94
20	132	101
20	132	103
20	132	104
20	132	131
20	133	41
20	133	181
20	134	54
20	134	181
20	135	91
20	135	141
20	135	146
20	135	151
20	136	23
20	136	84
20	136	111
20	136	181
20	141	16
20	141	54
20	142	11
20	142	41
20	143	16
20	143	41
20	143	42
20	143	45
20	143	181
20	144	41
20	144	44
20	144	45
20	144	46
20	144	51
20	144	73
20	144	74
20	144	76
20	144	81
20	144	83
20	144	85
20	144	91
20	144	92
20	144	94
20	144	123
20	144	124
20	144	125
20	144	133
20	144	135
20	145	41
20	145	42
20	145	45
20	145	46
20	145	74
20	145	86
20	146	41
20	146	95
20	146	111
20	146	143
20	146	144
20	151	23
20	151	161
20	152	54
20	153	16
20	153	36
20	153	43
20	153	45
20	153	46
20	153	62
20	153	71
20	153	83
20	153	102
20	154	16
20	154	45
20	154	71
20	154	72
20	154	91
20	155	52
20	155	184
20	156	181
20	161	44
20	161	45
20	161	46
20	161	62
20	161	71
20	161	73
20	161	82
20	161	85
20	161	91
20	161	94
20	161	95
20	161	101
20	161	102
20	162	41
20	162	112
20	162	114
20	162	144
20	162	186
20	164	102
20	164	184
20	164	195
20	165	42
20	165	54
20	165	111
20	165	181
20	166	41
20	166	45
20	166	46
20	166	85
20	166	191
20	171	194
20	172	41
20	172	42
20	172	45
20	172	54
20	173	181
20	173	184
20	173	191
20	174	41
20	174	45
20	174	54
20	175	72
20	175	83
20	175	85
20	175	92
20	176	41
20	181	24
20	181	44
20	181	46
20	181	61
20	181	103
20	181	186
20	182	44
20	182	46
20	182	95
20	182	102
20	183	41
20	183	45
20	183	181
20	184	41
20	184	42
20	185	16
20	185	105
20	186	41
20	186	42
20	186	163
20	191	45
20	191	52
20	191	101
20	191	151
20	192	16
20	192	181
20	193	41
20	193	45
20	193	102
20	193	144
20	193	181
20	194	71
20	194	72
20	194	181
20	195	151
20	195	161
20	196	85
20	196	181
20	201	11
20	201	46
20	201	146
20	201	151
20	201	161
20	203	61
20	203	151
20	204	23
20	204	144
20	204	154
20	205	151
20	205	161
20	206	23
20	206	41
20	206	151
