25	11	16
25	11	24
25	11	71
25	11	81
25	11	82
25	11	83
25	11	112
25	12	186
25	13	103
25	14	11
25	14	146
25	15	24
25	15	41
25	15	46
25	15	71
25	16	75
25	16	133
25	21	16
25	21	115
25	21	174
25	21	183
25	22	41
25	22	91
25	23	12
25	23	53
25	23	93
25	23	134
25	23	174
25	24	34
25	24	44
25	25	32
25	25	61
25	25	62
25	25	64
25	25	73
25	25	74
25	25	81
25	25	82
25	25	102
25	26	45
25	26	62
25	26	146
25	31	41
25	31	74
25	31	124
25	31	125
25	32	16
25	32	33
25	32	45
25	32	86
25	32	91
25	32	92
25	32	93
25	32	94
25	32	95
25	32	101
25	32	102
25	32	103
25	32	104
25	32	105
25	32	106
25	32	115
25	32	124
25	32	125
25	33	72
25	33	122
25	34	11
25	34	24
25	34	92
25	35	11
25	35	16
25	35	41
25	36	181
25	41	16
25	41	52
25	42	41
25	42	105
25	42	113
25	42	114
25	43	41
25	43	42
25	43	62
25	44	62
25	44	74
25	44	76
25	46	52
25	46	101
25	51	44
25	51	94
25	51	95
25	51	101
25	51	103
25	51	105
25	51	121
25	51	124
25	51	125
25	52	22
25	52	31
25	52	54
25	52	75
25	52	82
25	52	94
25	52	133
25	52	186
25	53	44
25	53	51
25	53	61
25	53	71
25	53	84
25	53	85
25	53	91
25	53	94
25	53	101
25	53	131
25	53	171
25	54	21
25	54	31
25	54	41
25	54	72
25	54	106
25	54	165
25	54	182
25	55	52
25	55	71
25	55	75
25	55	76
25	55	82
25	55	83
25	55	84
25	55	85
25	55	91
25	55	92
25	55	94
25	55	95
25	55	101
25	55	103
25	55	104
25	55	111
25	55	121
25	55	123
25	55	124
25	55	125
25	55	132
25	56	32
25	56	52
25	56	54
25	56	62
25	56	76
25	56	82
25	56	101
25	61	33
25	61	85
25	61	91
25	61	94
25	61	95
25	61	101
25	62	32
25	62	75
25	62	86
25	62	94
25	62	95
25	62	104
25	62	115
25	62	123
25	64	106
25	64	204
25	65	71
25	65	74
25	65	121
25	65	181
25	66	11
25	66	41
25	66	74
25	71	41
25	71	42
25	71	45
25	71	62
25	71	64
25	71	113
25	72	16
25	72	74
25	73	16
25	73	41
25	73	54
25	74	54
25	74	91
25	74	124
25	75	71
25	75	83
25	75	85
25	75	91
25	75	92
25	75	94
25	75	101
25	75	123
25	75	124
25	75	125
25	75	133
25	75	181
25	76	71
25	76	84
25	76	85
25	76	91
25	76	92
25	76	94
25	76	95
25	76	101
25	76	102
25	76	103
25	76	104
25	76	111
25	76	122
25	76	123
25	76	124
25	76	125
25	76	126
25	76	132
25	76	133
25	81	83
25	81	84
25	81	85
25	81	91
25	81	92
25	81	94
25	81	95
25	81	101
25	81	103
25	81	104
25	81	111
25	81	122
25	81	123
25	81	124
25	81	125
25	81	126
25	81	132
25	81	133
25	82	45
25	82	62
25	82	76
25	82	83
25	82	85
25	82	86
25	82	91
25	82	92
25	82	94
25	82	95
25	82	101
25	82	102
25	82	103
25	82	111
25	82	122
25	82	123
25	82	124
25	83	41
25	83	91
25	83	94
25	83	101
25	83	111
25	83	125
25	83	132
25	84	71
25	84	76
25	84	85
25	84	91
25	84	92
25	84	94
25	84	95
25	84	101
25	84	103
25	84	104
25	84	111
25	84	123
25	84	124
25	84	125
25	84	126
25	84	131
25	84	132
25	84	181
25	85	44
25	85	84
25	85	91
25	85	94
25	85	95
25	85	101
25	85	102
25	85	103
25	85	104
25	85	123
25	85	124
25	85	126
25	85	171
25	86	16
25	86	71
25	86	75
25	86	76
25	86	82
25	86	83
25	86	84
25	86	85
25	86	91
25	86	92
25	86	94
25	86	95
25	86	101
25	86	102
25	86	103
25	86	104
25	86	121
25	86	123
25	86	124
25	86	125
25	86	126
25	91	44
25	91	45
25	91	85
25	91	92
25	91	101
25	91	103
25	91	111
25	91	151
25	92	24
25	92	41
25	92	42
25	92	44
25	92	45
25	92	91
25	92	105
25	92	111
25	92	151
25	92	164
25	92	182
25	93	71
25	93	83
25	93	84
25	93	85
25	93	91
25	93	92
25	93	94
25	93	101
25	93	103
25	93	104
25	93	111
25	93	123
25	93	124
25	93	125
25	93	126
25	93	132
25	93	133
25	94	85
25	94	91
25	94	101
25	94	111
25	95	11
25	95	41
25	95	85
25	95	112
25	96	71
25	96	72
25	96	83
25	96	84
25	96	85
25	96	91
25	96	92
25	96	94
25	96	101
25	96	103
25	96	111
25	96	123
25	96	124
25	96	125
25	96	133
25	101	71
25	101	83
25	101	85
25	101	91
25	101	95
25	101	103
25	101	105
25	101	123
25	101	124
25	101	125
25	102	42
25	102	51
25	102	71
25	102	84
25	102	85
25	102	94
25	102	101
25	102	114
25	103	184
25	103	186
25	103	191
25	104	11
25	104	85
25	104	101
25	105	44
25	105	94
25	105	95
25	105	101
25	105	103
25	105	125
25	106	71
25	106	83
25	106	84
25	106	85
25	106	91
25	106	92
25	106	94
25	106	95
25	106	101
25	106	103
25	106	111
25	106	113
25	106	123
25	106	124
25	106	125
25	106	126
25	106	131
25	106	132
25	106	133
25	111	83
25	111	85
25	111	91
25	111	92
25	111	101
25	111	105
25	111	121
25	111	124
25	111	126
25	112	54
25	112	76
25	112	82
25	112	83
25	112	94
25	112	101
25	112	103
25	112	124
25	112	125
25	112	161
25	112	204
25	113	71
25	113	76
25	113	83
25	113	84
25	113	85
25	113	91
25	113	92
25	113	94
25	113	95
25	113	101
25	113	103
25	113	111
25	113	123
25	113	124
25	113	125
25	113	171
25	114	44
25	114	71
25	114	72
25	114	76
25	114	82
25	114	83
25	114	84
25	114	85
25	114	86
25	114	91
25	114	92
25	114	94
25	114	95
25	114	101
25	114	103
25	114	111
25	114	123
25	115	71
25	115	76
25	115	83
25	115	84
25	115	85
25	115	91
25	115	92
25	115	94
25	115	95
25	115	101
25	115	103
25	115	104
25	115	111
25	115	121
25	115	123
25	115	124
25	115	125
25	115	126
25	115	132
25	115	133
25	116	62
25	116	71
25	116	76
25	116	82
25	116	83
25	116	85
25	116	86
25	116	91
25	116	92
25	116	94
25	116	101
25	116	102
25	116	103
25	116	111
25	116	123
25	116	124
25	116	125
25	116	126
25	116	132
25	116	133
25	121	45
25	121	71
25	121	72
25	121	73
25	121	82
25	121	83
25	121	84
25	121	85
25	121	86
25	121	91
25	121	92
25	121	94
25	121	95
25	121	101
25	121	103
25	121	104
25	121	111
25	121	125
25	121	126
25	121	171
25	122	71
25	122	72
25	122	83
25	122	84
25	122	85
25	122	91
25	122	94
25	122	95
25	122	101
25	122	103
25	122	111
25	122	112
25	122	113
25	122	115
25	122	123
25	122	124
25	122	125
25	122	126
25	123	43
25	123	74
25	123	76
25	123	82
25	123	86
25	123	94
25	123	95
25	123	101
25	123	103
25	123	134
25	123	172
25	124	52
25	124	86
25	124	115
25	124	165
25	125	41
25	125	151
25	126	16
25	126	33
25	126	124
25	126	125
25	131	11
25	131	85
25	131	91
25	131	94
25	131	101
25	131	132
25	132	71
25	132	73
25	132	83
25	132	85
25	132	91
25	132	101
25	132	103
25	132	104
25	132	121
25	132	123
25	132	125
25	132	131
25	133	82
25	133	122
25	133	135
25	133	181
25	134	54
25	134	82
25	134	111
25	134	112
25	134	181
25	135	112
25	135	113
25	135	114
25	136	111
25	136	181
25	141	54
25	142	11
25	142	41
25	142	85
25	143	16
25	143	41
25	143	42
25	143	54
25	143	111
25	143	181
25	144	45
25	144	72
25	144	74
25	144	76
25	144	83
25	144	123
25	144	125
25	144	132
25	144	133
25	144	135
25	144	146
25	144	184
25	145	31
25	145	45
25	145	46
25	145	86
25	145	94
25	145	181
25	146	24
25	146	36
25	146	76
25	146	86
25	146	115
25	146	143
25	146	144
25	146	163
25	151	146
25	151	165
25	151	181
25	152	36
25	152	75
25	152	105
25	152	183
25	153	31
25	153	45
25	153	46
25	153	62
25	153	64
25	153	71
25	153	74
25	154	16
25	154	24
25	154	86
25	154	91
25	154	115
25	154	122
25	154	133
25	154	184
25	155	134
25	155	135
25	155	172
25	155	195
25	156	93
25	156	115
25	156	154
25	156	181
25	161	44
25	161	45
25	161	62
25	161	64
25	161	74
25	161	76
25	161	82
25	161	84
25	161	94
25	161	95
25	161	101
25	161	102
25	161	103
25	161	184
25	162	41
25	162	45
25	162	111
25	162	114
25	162	126
25	162	186
25	163	73
25	163	113
25	163	114
25	163	122
25	163	131
25	163	133
25	163	171
25	163	172
25	163	174
25	163	182
25	164	34
25	164	43
25	164	61
25	164	93
25	164	102
25	164	115
25	164	184
25	164	194
25	164	195
25	165	54
25	165	111
25	165	181
25	166	184
25	166	191
25	171	72
25	171	85
25	171	101
25	171	181
25	172	11
25	172	41
25	172	42
25	172	43
25	172	45
25	172	63
25	172	111
25	173	36
25	173	102
25	173	146
25	173	181
25	173	182
25	173	184
25	173	191
25	174	41
25	174	45
25	174	54
25	175	85
25	175	181
25	175	195
25	176	64
25	176	95
25	176	102
25	176	115
25	176	135
25	176	165
25	176	172
25	176	181
25	176	191
25	176	195
25	181	24
25	181	44
25	181	71
25	181	103
25	181	104
25	182	64
25	182	82
25	182	95
25	182	102
25	182	106
25	182	115
25	182	172
25	182	184
25	182	195
25	183	16
25	183	41
25	183	45
25	183	62
25	184	71
25	184	146
25	185	21
25	185	64
25	185	73
25	185	135
25	185	182
25	186	52
25	186	54
25	186	85
25	186	111
25	191	45
25	191	52
25	191	63
25	191	101
25	192	72
25	192	111
25	192	181
25	193	41
25	193	102
25	193	181
25	194	71
25	194	72
25	194	181
25	196	61
25	196	62
25	196	74
25	196	85
25	196	104
25	196	126
25	196	181
25	201	11
25	201	46
25	201	103
25	203	45
25	203	61
25	203	62
25	203	151
25	203	161
25	205	72
25	206	41
25	206	72
25	206	103
25	206	104
25	206	151
25	206	161
