30	11	24
30	12	165
30	13	103
30	14	11
30	15	24
30	15	34
30	15	61
30	16	23
30	16	133
30	16	172
30	16	186
30	16	195
30	16	204
30	21	16
30	22	41
30	23	12
30	23	33
30	24	184
30	25	32
30	25	62
30	25	64
30	25	102
30	31	41
30	31	124
30	31	125
30	32	24
30	32	91
30	32	93
30	32	94
30	32	101
30	32	141
30	33	16
30	33	122
30	33	146
30	34	24
30	35	16
30	35	41
30	36	85
30	36	204
30	41	16
30	41	26
30	41	165
30	42	105
30	42	113
30	42	114
30	43	16
30	43	31
30	43	41
30	43	42
30	43	45
30	43	51
30	43	62
30	43	71
30	43	81
30	44	46
30	44	62
30	44	64
30	44	82
30	44	174
30	45	165
30	46	45
30	46	52
30	46	54
30	46	62
30	46	82
30	46	94
30	46	95
30	46	101
30	51	94
30	51	95
30	51	101
30	51	103
30	51	105
30	51	121
30	51	123
30	51	124
30	51	125
30	52	22
30	52	23
30	52	36
30	52	54
30	52	133
30	52	172
30	52	186
30	52	195
30	52	204
30	53	11
30	53	44
30	53	45
30	53	51
30	53	66
30	53	76
30	53	83
30	53	84
30	53	94
30	53	95
30	53	101
30	53	103
30	53	121
30	53	134
30	53	171
30	54	165
30	54	181
30	55	71
30	55	75
30	55	76
30	55	82
30	55	83
30	55	84
30	55	85
30	55	91
30	55	94
30	55	95
30	55	101
30	55	102
30	55	103
30	55	104
30	55	111
30	55	115
30	55	121
30	55	123
30	55	124
30	55	125
30	55	126
30	56	22
30	56	23
30	56	51
30	56	52
30	56	54
30	56	66
30	56	75
30	61	33
30	61	94
30	61	95
30	61	101
30	62	32
30	63	146
30	63	191
30	64	163
30	64	172
30	64	184
30	64	186
30	64	195
30	64	204
30	65	64
30	65	181
30	66	41
30	71	54
30	71	62
30	71	64
30	71	73
30	71	81
30	71	82
30	71	102
30	72	31
30	72	41
30	72	42
30	72	45
30	72	71
30	72	74
30	72	76
30	72	81
30	72	184
30	73	11
30	73	41
30	73	106
30	74	54
30	74	123
30	74	124
30	74	126
30	75	71
30	75	84
30	75	85
30	75	91
30	75	94
30	75	95
30	75	101
30	75	133
30	75	135
30	75	181
30	76	71
30	76	72
30	76	84
30	76	85
30	76	91
30	76	92
30	76	93
30	76	111
30	76	113
30	76	115
30	76	122
30	76	123
30	76	124
30	76	125
30	76	126
30	76	131
30	76	132
30	76	133
30	81	84
30	81	85
30	81	91
30	81	92
30	81	93
30	81	101
30	81	111
30	81	115
30	81	122
30	81	123
30	81	124
30	81	125
30	81	126
30	81	131
30	81	132
30	81	133
30	82	45
30	82	62
30	82	76
30	82	83
30	82	85
30	82	86
30	82	91
30	82	92
30	82	94
30	82	95
30	82	101
30	82	102
30	82	103
30	82	111
30	82	123
30	82	125
30	82	126
30	82	171
30	83	11
30	83	41
30	83	91
30	83	94
30	83	95
30	83	103
30	83	125
30	84	44
30	84	45
30	84	54
30	84	75
30	84	76
30	84	94
30	84	95
30	84	101
30	84	102
30	84	103
30	84	104
30	84	106
30	84	115
30	84	123
30	84	124
30	84	125
30	84	126
30	84	135
30	85	44
30	85	45
30	85	52
30	85	54
30	85	64
30	85	75
30	85	82
30	85	86
30	85	94
30	85	95
30	85	101
30	85	102
30	85	103
30	85	104
30	85	123
30	85	124
30	85	126
30	86	71
30	86	75
30	86	76
30	86	82
30	86	83
30	86	84
30	86	85
30	86	91
30	86	94
30	86	95
30	86	101
30	86	102
30	86	103
30	86	104
30	86	106
30	86	115
30	86	123
30	86	124
30	86	125
30	86	126
30	86	174
30	91	44
30	91	45
30	91	76
30	91	101
30	91	103
30	91	125
30	92	24
30	92	41
30	92	44
30	92	105
30	93	85
30	93	91
30	93	92
30	93	94
30	93	115
30	93	124
30	93	133
30	94	111
30	95	112
30	95	165
30	96	72
30	96	85
30	96	91
30	96	92
30	96	93
30	96	94
30	96	101
30	96	111
30	96	112
30	96	115
30	96	123
30	96	131
30	96	133
30	96	186
30	101	91
30	101	115
30	101	124
30	101	125
30	101	133
30	102	42
30	102	51
30	102	84
30	102	85
30	102	94
30	102	95
30	102	114
30	103	122
30	104	11
30	104	45
30	104	75
30	104	85
30	104	191
30	105	76
30	106	71
30	106	73
30	106	85
30	106	91
30	106	92
30	106	111
30	106	115
30	106	122
30	106	123
30	106	124
30	106	125
30	106	126
30	106	131
30	106	132
30	106	133
30	111	71
30	111	76
30	111	83
30	111	84
30	111	85
30	111	91
30	111	92
30	111	94
30	111	101
30	111	103
30	111	105
30	111	121
30	111	123
30	111	124
30	111	126
30	111	132
30	112	42
30	112	54
30	112	71
30	112	75
30	112	76
30	112	82
30	112	83
30	112	91
30	112	94
30	112	101
30	112	103
30	112	123
30	112	124
30	112	125
30	113	71
30	113	74
30	113	75
30	113	76
30	113	82
30	113	83
30	113	84
30	113	85
30	113	91
30	113	94
30	113	95
30	113	101
30	113	102
30	113	103
30	113	104
30	113	106
30	113	111
30	113	115
30	113	123
30	113	124
30	113	125
30	114	42
30	114	52
30	114	71
30	114	76
30	114	84
30	114	85
30	114	86
30	114	91
30	114	92
30	114	93
30	114	94
30	114	95
30	114	101
30	115	71
30	115	72
30	115	83
30	115	84
30	115	85
30	115	91
30	115	92
30	115	93
30	115	94
30	115	95
30	115	101
30	115	103
30	115	104
30	115	123
30	115	124
30	115	125
30	115	126
30	115	131
30	115	132
30	115	133
30	116	45
30	116	62
30	116	64
30	116	71
30	116	74
30	116	76
30	116	83
30	116	85
30	116	86
30	116	91
30	116	92
30	116	94
30	116	101
30	116	123
30	116	125
30	116	133
30	121	71
30	121	84
30	121	85
30	121	86
30	121	91
30	121	92
30	121	93
30	121	94
30	121	95
30	121	101
30	121	103
30	121	111
30	121	115
30	121	125
30	122	11
30	122	71
30	122	72
30	122	73
30	122	83
30	122	85
30	122	91
30	122	101
30	122	111
30	122	112
30	122	115
30	122	123
30	122	124
30	122	125
30	122	135
30	123	76
30	123	134
30	124	34
30	124	54
30	124	86
30	124	113
30	124	115
30	124	122
30	124	131
30	124	132
30	124	133
30	124	165
30	126	16
30	126	33
30	126	82
30	131	11
30	131	85
30	131	91
30	131	94
30	131	101
30	131	132
30	132	26
30	132	73
30	132	85
30	132	101
30	132	104
30	132	115
30	132	121
30	132	126
30	132	131
30	132	134
30	132	165
30	133	11
30	133	122
30	134	54
30	134	111
30	134	112
30	134	181
30	135	165
30	136	16
30	136	111
30	136	181
30	141	11
30	141	54
30	141	115
30	141	132
30	142	41
30	143	41
30	143	42
30	143	54
30	143	106
30	143	161
30	144	32
30	144	62
30	144	76
30	144	81
30	144	82
30	144	83
30	144	92
30	144	94
30	144	111
30	144	113
30	144	114
30	144	122
30	144	123
30	144	124
30	144	125
30	144	126
30	144	133
30	144	142
30	145	31
30	145	42
30	145	46
30	145	52
30	145	86
30	145	115
30	146	143
30	146	144
30	146	154
30	151	165
30	151	171
30	151	174
30	153	31
30	153	41
30	153	45
30	153	62
30	153	64
30	153	74
30	153	81
30	153	82
30	154	16
30	154	24
30	154	113
30	154	122
30	154	133
30	154	184
30	155	32
30	155	134
30	155	184
30	155	194
30	156	93
30	156	94
30	156	115
30	156	154
30	156	181
30	161	31
30	161	45
30	161	62
30	161	64
30	161	74
30	161	76
30	161	82
30	161	84
30	161	94
30	161	101
30	162	16
30	162	85
30	162	111
30	162	186
30	163	171
30	163	172
30	163	182
30	163	183
30	163	191
30	164	86
30	164	91
30	164	92
30	164	93
30	164	94
30	164	95
30	164	102
30	164	105
30	164	115
30	164	195
30	165	95
30	165	102
30	165	104
30	165	106
30	165	115
30	165	181
30	166	101
30	166	146
30	166	174
30	166	181
30	166	184
30	166	191
30	171	181
30	172	11
30	172	41
30	172	42
30	172	44
30	172	45
30	172	63
30	172	106
30	173	16
30	173	174
30	173	182
30	173	184
30	173	191
30	173	194
30	175	16
30	175	165
30	175	181
30	176	171
30	176	172
30	176	186
30	176	195
30	176	204
30	181	24
30	181	44
30	181	61
30	182	95
30	182	102
30	182	104
30	182	106
30	182	161
30	182	184
30	183	16
30	183	41
30	183	62
30	184	182
30	184	186
30	185	16
30	185	62
30	185	64
30	185	102
30	185	163
30	186	31
30	186	85
30	186	174
30	191	51
30	191	75
30	191	105
30	192	24
30	192	181
30	193	165
30	193	181
30	194	85
30	194	111
30	194	112
30	194	165
30	194	181
30	194	184
30	195	41
30	196	45
30	196	62
30	196	74
30	196	81
30	196	85
30	196	123
30	196	124
30	196	126
30	201	11
30	201	41
30	201	103
30	201	121
30	203	45
30	203	61
30	203	62
30	203	181
30	205	105
30	205	174
30	206	24
30	206	41
30	206	72
30	206	103
30	206	104
