35	11	24
35	12	33
35	12	186
35	14	165
35	15	24
35	16	23
35	16	133
35	16	172
35	16	186
35	16	195
35	16	204
35	21	16
35	22	41
35	23	12
35	23	33
35	24	184
35	25	32
35	25	62
35	25	64
35	25	102
35	31	93
35	31	125
35	32	11
35	32	24
35	32	41
35	32	44
35	32	45
35	32	72
35	33	16
35	33	45
35	33	122
35	33	146
35	34	24
35	35	16
35	36	165
35	41	26
35	41	105
35	41	165
35	42	54
35	42	75
35	42	105
35	42	114
35	42	191
35	43	31
35	43	45
35	43	51
35	43	62
35	43	64
35	43	74
35	43	102
35	44	62
35	44	64
35	44	82
35	44	174
35	45	165
35	46	45
35	46	52
35	46	62
35	46	82
35	46	94
35	46	95
35	46	101
35	46	103
35	51	94
35	51	95
35	51	101
35	51	105
35	51	115
35	51	121
35	51	122
35	51	124
35	51	125
35	51	134
35	51	165
35	52	22
35	52	23
35	52	36
35	52	133
35	52	172
35	52	186
35	52	195
35	52	204
35	53	11
35	53	44
35	53	51
35	53	66
35	53	76
35	53	83
35	53	94
35	53	101
35	53	134
35	55	75
35	55	76
35	55	82
35	55	83
35	55	84
35	55	94
35	55	101
35	55	103
35	55	105
35	55	111
35	55	125
35	56	22
35	56	23
35	56	32
35	56	51
35	56	66
35	56	133
35	56	186
35	61	75
35	61	101
35	61	174
35	61	191
35	62	32
35	63	181
35	65	64
35	65	73
35	65	81
35	65	82
35	71	33
35	71	54
35	71	62
35	71	64
35	71	73
35	71	74
35	71	81
35	71	82
35	71	102
35	72	31
35	72	41
35	72	42
35	72	45
35	72	71
35	72	74
35	72	81
35	73	11
35	73	72
35	73	83
35	74	115
35	74	124
35	74	126
35	74	191
35	75	71
35	75	84
35	75	85
35	75	91
35	75	92
35	75	93
35	75	115
35	75	133
35	75	164
35	75	165
35	75	181
35	76	71
35	76	72
35	76	84
35	76	85
35	76	86
35	76	91
35	76	92
35	76	93
35	76	94
35	76	115
35	81	83
35	81	85
35	81	91
35	81	92
35	81	93
35	81	101
35	81	111
35	81	115
35	81	122
35	81	123
35	81	124
35	81	125
35	81	126
35	81	131
35	81	132
35	81	133
35	82	45
35	82	62
35	82	64
35	82	74
35	82	76
35	82	83
35	82	85
35	82	86
35	82	91
35	82	92
35	82	94
35	82	101
35	82	102
35	82	103
35	82	104
35	82	115
35	82	122
35	82	123
35	82	124
35	82	125
35	83	91
35	83	94
35	83	95
35	83	101
35	83	103
35	83	105
35	83	125
35	83	146
35	84	44
35	84	74
35	84	75
35	84	76
35	84	85
35	84	91
35	84	94
35	84	95
35	84	101
35	84	102
35	84	103
35	84	104
35	84	106
35	84	115
35	84	123
35	84	124
35	84	125
35	84	126
35	84	135
35	85	44
35	85	64
35	85	75
35	85	82
35	85	84
35	85	86
35	85	94
35	85	95
35	85	101
35	85	102
35	85	103
35	85	104
35	85	123
35	85	124
35	85	126
35	86	16
35	86	32
35	86	62
35	86	75
35	86	76
35	86	82
35	86	83
35	86	84
35	86	94
35	86	101
35	86	103
35	86	105
35	86	125
35	91	76
35	91	101
35	91	103
35	91	104
35	92	24
35	92	41
35	92	44
35	92	45
35	92	105
35	93	84
35	93	85
35	93	91
35	93	92
35	93	94
35	93	101
35	93	111
35	93	112
35	93	115
35	93	123
35	93	124
35	93	133
35	94	111
35	94	122
35	95	165
35	96	84
35	96	85
35	96	91
35	96	92
35	96	93
35	96	94
35	96	101
35	96	111
35	96	112
35	96	115
35	96	131
35	96	132
35	96	133
35	101	91
35	101	115
35	101	133
35	102	42
35	102	51
35	102	75
35	102	84
35	102	85
35	102	94
35	102	101
35	102	114
35	103	24
35	103	122
35	104	11
35	104	45
35	104	75
35	104	174
35	104	191
35	106	71
35	106	72
35	106	73
35	106	85
35	106	91
35	106	92
35	106	93
35	106	111
35	106	113
35	106	115
35	106	121
35	106	122
35	106	123
35	106	124
35	106	125
35	106	126
35	106	131
35	106	132
35	106	133
35	111	76
35	111	83
35	111	84
35	111	85
35	111	91
35	111	92
35	111	93
35	111	94
35	111	101
35	111	103
35	111	105
35	111	106
35	111	121
35	111	124
35	111	126
35	111	133
35	112	74
35	112	75
35	112	76
35	112	82
35	112	83
35	112	84
35	112	85
35	112	91
35	112	94
35	112	95
35	112	101
35	112	103
35	112	115
35	112	123
35	112	124
35	112	125
35	112	126
35	113	74
35	113	75
35	113	76
35	113	82
35	113	83
35	113	84
35	113	91
35	113	94
35	113	95
35	113	101
35	113	103
35	113	104
35	113	106
35	113	111
35	113	124
35	113	125
35	113	126
35	114	75
35	114	76
35	114	84
35	114	85
35	114	86
35	114	91
35	114	92
35	114	93
35	114	94
35	114	95
35	114	101
35	114	115
35	114	133
35	115	75
35	115	86
35	115	94
35	115	95
35	115	101
35	115	103
35	115	104
35	115	105
35	115	123
35	115	124
35	115	125
35	115	126
35	115	131
35	115	141
35	116	45
35	116	62
35	116	64
35	116	71
35	116	73
35	116	83
35	116	86
35	116	91
35	116	92
35	116	94
35	116	111
35	116	123
35	116	125
35	116	133
35	121	71
35	121	75
35	121	84
35	121	85
35	121	91
35	121	92
35	121	93
35	121	94
35	121	95
35	121	101
35	121	103
35	121	104
35	121	111
35	121	115
35	121	131
35	122	11
35	122	71
35	122	72
35	122	73
35	122	83
35	122	85
35	122	91
35	122	101
35	122	111
35	122	115
35	122	121
35	122	123
35	122	124
35	122	125
35	122	135
35	123	76
35	123	121
35	123	134
35	124	16
35	124	34
35	124	46
35	124	54
35	124	86
35	124	113
35	124	115
35	124	122
35	124	123
35	124	125
35	124	131
35	124	132
35	124	133
35	124	165
35	125	41
35	125	105
35	126	16
35	126	114
35	126	123
35	126	124
35	126	134
35	131	85
35	131	91
35	131	132
35	132	26
35	132	71
35	132	85
35	132	101
35	132	104
35	132	115
35	132	121
35	132	123
35	132	125
35	132	126
35	132	131
35	132	134
35	132	165
35	133	11
35	133	122
35	134	54
35	134	86
35	134	115
35	134	131
35	134	141
35	134	146
35	134	165
35	135	11
35	135	83
35	135	143
35	135	146
35	135	154
35	135	191
35	136	131
35	136	135
35	136	141
35	136	146
35	136	164
35	136	171
35	141	11
35	141	54
35	141	83
35	141	103
35	141	115
35	141	131
35	141	132
35	142	41
35	142	105
35	143	36
35	143	41
35	143	44
35	143	45
35	143	46
35	143	54
35	143	151
35	143	161
35	144	32
35	144	62
35	144	71
35	144	74
35	144	76
35	144	81
35	144	82
35	144	83
35	144	92
35	144	94
35	144	103
35	144	114
35	144	123
35	144	125
35	144	133
35	145	31
35	145	32
35	145	33
35	145	42
35	145	43
35	145	44
35	145	46
35	145	52
35	145	62
35	145	76
35	145	86
35	145	94
35	145	101
35	145	103
35	145	115
35	145	125
35	145	141
35	145	184
35	146	143
35	146	144
35	146	154
35	153	31
35	153	41
35	153	45
35	153	62
35	153	64
35	153	74
35	153	81
35	153	82
35	154	16
35	154	24
35	154	113
35	154	122
35	154	133
35	154	184
35	155	32
35	156	86
35	156	93
35	156	94
35	156	105
35	156	115
35	156	144
35	156	163
35	156	181
35	161	31
35	161	45
35	161	62
35	161	64
35	161	74
35	161	82
35	161	94
35	161	101
35	162	41
35	162	85
35	162	111
35	162	165
35	162	181
35	162	186
35	163	171
35	163	172
35	163	182
35	164	86
35	164	91
35	164	92
35	164	93
35	164	94
35	164	95
35	164	102
35	164	105
35	164	115
35	164	195
35	166	51
35	166	75
35	166	135
35	166	174
35	166	181
35	166	191
35	171	181
35	171	184
35	172	24
35	172	133
35	173	16
35	173	171
35	173	174
35	173	191
35	173	204
35	174	51
35	174	75
35	174	101
35	175	154
35	175	191
35	176	171
35	176	172
35	176	186
35	176	195
35	176	204
35	181	24
35	181	44
35	181	61
35	182	72
35	182	95
35	182	102
35	182	103
35	182	104
35	182	106
35	182	121
35	182	123
35	182	124
35	182	126
35	182	161
35	182	184
35	183	16
35	183	45
35	183	62
35	185	163
35	185	181
35	186	31
35	186	165
35	186	171
35	186	174
35	191	45
35	191	51
35	191	52
35	191	63
35	191	75
35	191	105
35	192	24
35	192	182
35	193	91
35	193	95
35	193	102
35	193	115
35	193	165
35	193	181
35	194	165
35	194	181
35	195	41
35	196	61
35	196	62
35	196	74
35	196	81
35	196	174
35	196	181
35	201	11
35	201	24
35	201	41
35	201	44
35	201	103
35	203	45
35	203	61
35	203	62
35	203	181
35	205	174
35	205	191
35	206	24
35	206	41
35	206	103
