40	11	24
40	12	33
40	12	186
40	13	41
40	13	105
40	14	165
40	15	24
40	16	23
40	16	133
40	16	172
40	16	186
40	16	195
40	16	204
40	21	16
40	22	41
40	23	12
40	23	33
40	24	184
40	25	32
40	25	33
40	25	62
40	25	64
40	25	73
40	25	74
40	25	81
40	25	82
40	25	102
40	31	93
40	32	11
40	32	24
40	32	41
40	32	44
40	32	45
40	32	72
40	33	16
40	33	122
40	33	146
40	34	24
40	35	16
40	36	122
40	41	26
40	41	34
40	41	105
40	41	165
40	42	54
40	42	75
40	42	101
40	42	111
40	42	113
40	42	114
40	42	174
40	42	191
40	43	31
40	43	45
40	43	51
40	43	62
40	43	64
40	43	74
40	43	81
40	43	82
40	43	102
40	43	106
40	44	62
40	44	64
40	44	174
40	45	165
40	46	45
40	46	52
40	46	62
40	46	82
40	46	94
40	46	95
40	46	101
40	46	102
40	46	174
40	51	75
40	51	94
40	51	95
40	51	101
40	51	105
40	51	115
40	51	134
40	51	165
40	52	22
40	52	23
40	52	36
40	52	133
40	52	172
40	52	186
40	52	195
40	52	204
40	53	76
40	53	83
40	53	134
40	55	32
40	55	62
40	55	76
40	55	82
40	55	83
40	55	91
40	55	92
40	55	94
40	55	101
40	55	103
40	56	22
40	56	23
40	56	32
40	56	51
40	56	66
40	56	133
40	56	186
40	61	75
40	61	85
40	61	101
40	61	174
40	61	191
40	62	32
40	63	16
40	63	143
40	63	146
40	65	61
40	65	62
40	65	64
40	65	73
40	65	74
40	65	81
40	65	82
40	65	102
40	66	74
40	71	33
40	71	54
40	71	62
40	71	64
40	71	73
40	71	74
40	71	81
40	71	82
40	71	102
40	72	31
40	72	42
40	72	45
40	72	71
40	72	74
40	73	11
40	73	72
40	73	83
40	74	121
40	74	122
40	74	126
40	75	83
40	75	85
40	75	91
40	75	92
40	75	93
40	75	115
40	75	131
40	75	133
40	75	165
40	75	181
40	76	71
40	76	72
40	76	85
40	76	86
40	76	91
40	76	95
40	76	102
40	76	115
40	81	85
40	81	86
40	81	91
40	81	92
40	81	95
40	81	101
40	81	102
40	81	115
40	81	131
40	81	132
40	81	133
40	82	45
40	82	62
40	82	64
40	82	74
40	82	76
40	82	83
40	82	86
40	82	91
40	82	101
40	82	102
40	82	103
40	82	115
40	82	123
40	82	125
40	83	91
40	83	94
40	83	95
40	83	101
40	83	103
40	83	105
40	83	125
40	84	44
40	84	74
40	84	75
40	84	76
40	84	85
40	84	91
40	84	94
40	84	95
40	84	101
40	84	102
40	84	103
40	84	104
40	84	106
40	84	115
40	84	123
40	84	124
40	84	125
40	84	126
40	84	135
40	85	64
40	85	75
40	85	82
40	85	84
40	85	86
40	85	94
40	85	95
40	85	101
40	85	102
40	85	103
40	85	104
40	85	123
40	85	124
40	85	125
40	85	126
40	86	32
40	86	62
40	86	74
40	86	75
40	86	76
40	86	82
40	86	83
40	86	84
40	86	85
40	86	92
40	86	94
40	86	95
40	86	101
40	86	103
40	86	105
40	91	45
40	91	51
40	91	76
40	91	92
40	91	94
40	91	101
40	91	174
40	91	191
40	92	24
40	92	42
40	92	44
40	92	45
40	93	71
40	93	72
40	93	84
40	93	85
40	93	86
40	93	91
40	93	92
40	93	94
40	93	101
40	93	115
40	93	133
40	94	122
40	95	165
40	96	85
40	96	86
40	96	91
40	96	92
40	96	93
40	96	94
40	96	101
40	96	112
40	96	115
40	96	123
40	96	131
40	96	132
40	96	133
40	101	104
40	101	115
40	101	124
40	101	131
40	101	132
40	101	133
40	102	41
40	102	42
40	102	45
40	102	51
40	102	75
40	102	113
40	102	114
40	103	16
40	103	24
40	103	122
40	104	11
40	104	45
40	104	75
40	104	174
40	104	191
40	106	71
40	106	72
40	106	73
40	106	83
40	106	85
40	106	86
40	106	91
40	106	104
40	106	115
40	106	122
40	106	123
40	106	124
40	106	125
40	106	126
40	111	74
40	111	76
40	111	83
40	111	84
40	111	85
40	111	91
40	111	92
40	111	93
40	111	94
40	111	95
40	111	101
40	111	103
40	111	105
40	111	106
40	111	121
40	111	133
40	111	134
40	111	165
40	112	45
40	112	74
40	112	75
40	112	76
40	112	82
40	112	83
40	112	84
40	112	85
40	112	91
40	112	94
40	112	95
40	112	101
40	112	103
40	112	104
40	112	115
40	112	123
40	112	124
40	112	125
40	112	126
40	113	32
40	113	62
40	113	71
40	113	74
40	113	76
40	113	82
40	113	83
40	113	84
40	113	85
40	113	91
40	113	94
40	113	101
40	113	103
40	113	104
40	113	106
40	113	121
40	113	123
40	113	124
40	113	125
40	113	126
40	114	32
40	114	62
40	114	74
40	114	76
40	114	84
40	114	85
40	114	86
40	114	91
40	114	92
40	114	93
40	114	94
40	114	95
40	114	101
40	114	102
40	114	103
40	114	111
40	114	115
40	114	125
40	115	131
40	115	141
40	116	31
40	116	45
40	116	62
40	116	64
40	116	86
40	116	91
40	116	92
40	116	94
40	116	111
40	116	123
40	116	125
40	116	133
40	121	32
40	121	62
40	121	76
40	121	86
40	121	91
40	121	92
40	121	93
40	121	94
40	121	101
40	121	103
40	121	104
40	121	115
40	121	125
40	121	131
40	121	132
40	121	133
40	122	83
40	122	101
40	122	111
40	122	121
40	122	123
40	122	124
40	122	125
40	122	126
40	122	135
40	123	114
40	123	131
40	123	134
40	124	16
40	124	34
40	124	46
40	124	54
40	124	86
40	124	113
40	124	115
40	124	122
40	124	123
40	124	125
40	124	131
40	124	132
40	124	133
40	124	165
40	125	11
40	125	41
40	125	105
40	126	16
40	126	113
40	126	114
40	126	123
40	126	134
40	131	11
40	132	26
40	132	104
40	132	115
40	132	121
40	132	123
40	132	125
40	132	126
40	132	131
40	132	134
40	132	165
40	133	11
40	133	122
40	134	52
40	134	54
40	134	135
40	134	141
40	134	146
40	136	131
40	136	135
40	136	141
40	136	146
40	141	24
40	141	54
40	141	143
40	141	146
40	142	41
40	143	151
40	143	161
40	144	32
40	144	62
40	144	71
40	144	74
40	144	76
40	144	81
40	144	82
40	144	83
40	144	92
40	144	94
40	144	103
40	144	114
40	144	123
40	144	125
40	144	133
40	145	31
40	145	43
40	145	52
40	145	63
40	145	86
40	145	94
40	145	95
40	145	102
40	145	104
40	145	115
40	145	141
40	145	142
40	146	143
40	146	144
40	146	154
40	153	31
40	153	41
40	153	43
40	153	45
40	153	62
40	153	64
40	153	74
40	153	81
40	153	82
40	154	16
40	154	24
40	154	113
40	154	122
40	154	133
40	154	184
40	155	32
40	156	86
40	156	91
40	156	92
40	156	93
40	156	94
40	156	95
40	156	102
40	156	105
40	156	115
40	156	144
40	156	154
40	156	172
40	161	31
40	161	45
40	161	62
40	161	64
40	161	74
40	161	81
40	161	82
40	162	16
40	162	24
40	162	41
40	162	186
40	163	171
40	163	172
40	163	182
40	164	86
40	164	91
40	164	92
40	164	93
40	164	94
40	164	95
40	164	102
40	164	105
40	164	115
40	164	195
40	166	51
40	166	75
40	166	101
40	166	174
40	166	191
40	171	164
40	171	184
40	172	11
40	172	24
40	172	41
40	172	45
40	172	72
40	173	16
40	173	171
40	173	174
40	173	191
40	173	204
40	174	51
40	174	75
40	174	101
40	176	171
40	176	172
40	176	186
40	176	195
40	176	204
40	181	23
40	181	24
40	181	44
40	181	61
40	182	184
40	183	16
40	183	45
40	183	62
40	183	64
40	183	122
40	185	163
40	185	181
40	186	31
40	186	51
40	186	86
40	186	165
40	186	174
40	191	45
40	191	51
40	191	52
40	191	63
40	191	75
40	192	24
40	192	42
40	193	91
40	193	115
40	193	165
40	194	165
40	194	181
40	195	41
40	195	91
40	196	45
40	196	62
40	196	64
40	196	74
40	196	81
40	196	114
40	196	134
40	196	174
40	201	11
40	201	24
40	201	41
40	201	103
40	203	16
40	203	45
40	203	62
40	203	71
40	203	181
40	204	75
40	204	174
40	205	51
40	205	75
40	205	101
40	205	174
40	205	191
40	206	24
40	206	41
40	206	103
