45	11	24
45	12	23
45	12	33
45	12	34
45	12	61
45	12	105
45	12	186
45	13	11
45	13	105
45	15	24
45	16	23
45	16	133
45	16	172
45	16	186
45	16	195
45	16	204
45	21	16
45	22	41
45	22	76
45	23	12
45	23	33
45	24	184
45	25	32
45	31	93
45	32	11
45	32	24
45	32	41
45	32	44
45	32	45
45	32	72
45	33	16
45	33	122
45	34	24
45	35	16
45	36	23
45	36	34
45	36	122
45	36	133
45	41	24
45	41	34
45	41	46
45	41	61
45	41	105
45	41	186
45	42	54
45	42	75
45	42	101
45	42	111
45	42	113
45	42	114
45	42	174
45	42	191
45	43	31
45	43	45
45	43	51
45	43	62
45	43	64
45	43	73
45	43	74
45	43	81
45	43	82
45	43	86
45	44	62
45	44	64
45	44	74
45	44	174
45	45	165
45	46	45
45	46	52
45	46	62
45	46	82
45	46	101
45	46	174
45	51	115
45	51	131
45	51	132
45	51	134
45	51	165
45	52	22
45	52	23
45	52	36
45	52	133
45	52	172
45	52	186
45	52	195
45	52	204
45	53	11
45	53	83
45	53	113
45	53	114
45	53	121
45	53	134
45	56	22
45	56	23
45	56	32
45	56	51
45	56	66
45	56	133
45	56	186
45	61	75
45	61	101
45	61	174
45	61	191
45	62	32
45	63	16
45	65	61
45	71	33
45	71	62
45	71	64
45	71	73
45	71	74
45	71	81
45	71	82
45	71	102
45	72	16
45	72	31
45	72	41
45	72	42
45	72	45
45	72	71
45	72	74
45	72	81
45	73	11
45	73	72
45	73	83
45	74	121
45	74	122
45	74	125
45	74	126
45	75	92
45	75	135
45	75	164
45	75	165
45	75	172
45	75	181
45	75	184
45	75	191
45	75	194
45	75	195
45	76	71
45	76	72
45	76	73
45	81	72
45	81	83
45	81	84
45	81	85
45	81	86
45	81	91
45	81	94
45	81	95
45	81	102
45	81	104
45	81	115
45	82	31
45	82	33
45	82	45
45	82	62
45	82	64
45	82	74
45	82	76
45	82	86
45	82	94
45	82	101
45	82	102
45	82	103
45	83	91
45	83	94
45	83	95
45	83	101
45	83	103
45	83	105
45	84	32
45	84	62
45	84	71
45	84	74
45	84	76
45	84	91
45	84	94
45	84	103
45	84	104
45	84	106
45	84	121
45	84	123
45	84	124
45	84	125
45	84	126
45	84	135
45	84	146
45	85	64
45	85	75
45	85	82
45	85	84
45	85	86
45	85	94
45	85	95
45	85	101
45	85	102
45	85	103
45	85	123
45	85	126
45	85	161
45	86	32
45	86	62
45	86	75
45	86	76
45	86	82
45	86	83
45	86	91
45	86	92
45	86	94
45	86	95
45	86	101
45	86	103
45	86	105
45	91	45
45	91	51
45	91	76
45	91	92
45	91	94
45	91	101
45	91	111
45	91	174
45	91	191
45	92	24
45	92	41
45	92	42
45	92	44
45	92	45
45	92	105
45	93	85
45	93	91
45	93	92
45	93	94
45	93	101
45	93	111
45	94	75
45	94	191
45	95	165
45	96	84
45	96	85
45	96	91
45	96	92
45	96	93
45	96	94
45	96	101
45	96	111
45	101	86
45	101	103
45	101	104
45	101	105
45	101	115
45	101	124
45	101	125
45	102	41
45	102	42
45	102	45
45	102	51
45	102	75
45	102	113
45	102	114
45	103	16
45	103	24
45	103	122
45	104	11
45	104	45
45	104	75
45	104	174
45	104	191
45	106	71
45	106	72
45	106	73
45	106	85
45	106	86
45	106	91
45	106	95
45	106	101
45	106	102
45	106	111
45	106	115
45	106	121
45	106	122
45	106	123
45	106	124
45	106	125
45	106	126
45	106	135
45	111	71
45	111	75
45	111	76
45	111	84
45	111	85
45	111	91
45	111	92
45	111	93
45	111	94
45	111	95
45	111	105
45	111	106
45	111	121
45	111	125
45	111	134
45	111	165
45	112	32
45	112	44
45	112	45
45	112	62
45	112	74
45	112	76
45	112	82
45	112	83
45	112	91
45	112	92
45	112	101
45	112	103
45	112	125
45	113	32
45	113	62
45	113	71
45	113	74
45	113	76
45	113	82
45	113	83
45	113	84
45	113	85
45	113	91
45	113	92
45	113	94
45	113	101
45	113	103
45	113	125
45	114	84
45	114	85
45	114	86
45	114	91
45	114	92
45	114	93
45	114	94
45	114	95
45	114	102
45	114	104
45	114	111
45	114	115
45	116	31
45	116	45
45	116	62
45	116	64
45	116	74
45	116	81
45	116	82
45	121	32
45	121	62
45	121	71
45	121	74
45	121	76
45	121	81
45	121	82
45	121	83
45	121	92
45	121	94
45	121	103
45	121	104
45	121	125
45	121	151
45	121	161
45	122	113
45	122	121
45	122	131
45	122	132
45	123	113
45	123	114
45	123	121
45	123	131
45	123	132
45	123	134
45	124	16
45	124	34
45	124	46
45	124	54
45	124	86
45	124	113
45	124	115
45	124	122
45	124	123
45	124	125
45	124	131
45	124	132
45	124	133
45	124	165
45	125	11
45	125	41
45	125	105
45	126	16
45	126	114
45	126	115
45	126	122
45	126	134
45	126	165
45	126	204
45	131	11
45	132	26
45	132	85
45	132	101
45	132	115
45	132	121
45	132	131
45	132	134
45	132	165
45	133	11
45	133	122
45	134	135
45	134	141
45	134	146
45	136	131
45	136	135
45	136	141
45	136	146
45	141	83
45	141	143
45	141	146
45	143	151
45	143	161
45	144	32
45	144	62
45	144	71
45	144	74
45	144	76
45	144	81
45	144	82
45	144	83
45	144	92
45	144	94
45	144	103
45	144	114
45	144	123
45	144	125
45	144	133
45	145	141
45	145	142
45	146	143
45	146	144
45	146	154
45	153	31
45	153	41
45	153	43
45	153	45
45	153	62
45	153	64
45	153	74
45	153	81
45	153	82
45	154	16
45	154	24
45	154	113
45	154	122
45	154	133
45	154	184
45	155	32
45	156	86
45	156	91
45	156	92
45	156	93
45	156	94
45	156	95
45	156	102
45	156	105
45	156	115
45	156	144
45	156	154
45	156	172
45	161	31
45	161	45
45	161	62
45	161	64
45	161	74
45	161	81
45	161	82
45	162	16
45	162	24
45	162	41
45	162	186
45	163	171
45	163	172
45	163	182
45	164	86
45	164	91
45	164	92
45	164	93
45	164	94
45	164	95
45	164	102
45	164	105
45	164	115
45	164	195
45	166	51
45	166	75
45	166	101
45	166	174
45	166	191
45	171	164
45	171	181
45	172	11
45	172	24
45	172	41
45	172	45
45	172	72
45	173	16
45	173	182
45	173	191
45	174	51
45	174	75
45	174	101
45	176	171
45	176	172
45	176	186
45	176	195
45	176	204
45	181	23
45	181	24
45	181	61
45	182	184
45	183	16
45	183	45
45	183	62
45	183	64
45	183	122
45	185	163
45	185	181
45	186	16
45	186	31
45	186	52
45	186	63
45	186	86
45	186	174
45	186	204
45	191	45
45	191	51
45	191	52
45	191	63
45	191	75
45	193	24
45	193	86
45	193	91
45	193	101
45	193	115
45	193	165
45	194	165
45	194	181
45	195	41
45	195	91
45	196	12
45	196	45
45	196	62
45	196	64
45	196	71
45	196	74
45	196	81
45	196	111
45	196	114
45	196	134
45	196	174
45	201	11
45	201	24
45	201	41
45	201	42
45	201	103
45	203	16
45	203	45
45	203	61
45	203	62
45	203	71
45	203	181
45	203	184
45	204	51
45	204	75
45	204	101
45	204	174
45	205	51
45	205	75
45	205	101
45	205	174
45	205	191
45	206	24
45	206	41
