50	11	24
50	12	23
50	12	33
50	12	34
50	12	61
50	12	105
50	12	186
50	13	11
50	13	105
50	15	24
50	16	23
50	16	133
50	16	172
50	16	186
50	16	195
50	16	204
50	21	16
50	22	41
50	22	76
50	23	12
50	23	33
50	24	184
50	25	32
50	31	93
50	32	11
50	32	24
50	32	41
50	32	44
50	32	45
50	32	72
50	33	16
50	33	122
50	34	24
50	35	11
50	35	16
50	35	41
50	36	23
50	36	34
50	36	44
50	36	122
50	36	133
50	41	24
50	41	34
50	41	46
50	41	61
50	41	105
50	41	186
50	42	54
50	42	75
50	42	101
50	42	111
50	42	113
50	42	114
50	42	174
50	42	191
50	43	31
50	43	45
50	43	51
50	43	62
50	43	64
50	43	73
50	43	74
50	43	81
50	43	82
50	43	86
50	44	62
50	44	64
50	44	74
50	44	174
50	45	165
50	46	45
50	46	52
50	46	62
50	46	75
50	46	94
50	46	101
50	46	111
50	46	174
50	46	191
50	51	115
50	51	131
50	51	132
50	51	134
50	51	165
50	52	22
50	52	23
50	52	36
50	52	133
50	52	172
50	52	186
50	52	195
50	52	204
50	53	16
50	53	24
50	53	34
50	53	43
50	53	51
50	53	66
50	53	112
50	53	113
50	53	114
50	53	121
50	53	122
50	53	131
50	53	133
50	53	134
50	53	184
50	56	22
50	56	23
50	56	32
50	56	51
50	56	66
50	56	133
50	56	186
50	61	75
50	61	85
50	61	101
50	61	174
50	61	191
50	62	32
50	63	16
50	63	72
50	65	54
50	71	33
50	71	62
50	71	64
50	71	73
50	71	74
50	71	81
50	71	82
50	71	102
50	71	111
50	71	112
50	72	16
50	72	31
50	72	41
50	72	42
50	72	45
50	72	71
50	72	74
50	72	81
50	73	11
50	73	72
50	73	83
50	74	154
50	74	191
50	75	83
50	75	92
50	75	135
50	75	164
50	75	165
50	75	172
50	75	181
50	75	184
50	75	191
50	75	194
50	75	195
50	76	71
50	76	72
50	76	73
50	81	71
50	81	72
50	81	83
50	81	84
50	81	85
50	82	12
50	82	31
50	82	33
50	82	41
50	82	45
50	82	62
50	82	64
50	82	74
50	82	76
50	84	32
50	84	62
50	84	74
50	84	76
50	84	81
50	84	82
50	84	83
50	84	85
50	84	91
50	84	92
50	84	94
50	84	95
50	84	101
50	84	102
50	84	103
50	84	104
50	84	106
50	84	161
50	84	182
50	85	31
50	85	64
50	85	74
50	85	82
50	85	84
50	85	102
50	85	161
50	86	75
50	86	82
50	86	84
50	86	85
50	86	94
50	86	95
50	86	101
50	86	105
50	86	111
50	86	112
50	86	126
50	91	45
50	91	51
50	91	92
50	91	101
50	91	174
50	91	191
50	92	24
50	92	34
50	92	41
50	92	42
50	92	45
50	92	105
50	93	85
50	93	91
50	93	92
50	93	101
50	93	111
50	94	51
50	94	75
50	94	174
50	94	191
50	95	165
50	96	84
50	96	85
50	96	91
50	96	92
50	96	93
50	96	94
50	96	101
50	96	111
50	101	86
50	101	103
50	101	104
50	101	105
50	101	115
50	101	124
50	101	125
50	102	51
50	102	75
50	102	114
50	102	174
50	102	191
50	103	16
50	103	24
50	103	122
50	103	184
50	104	11
50	104	45
50	104	75
50	104	174
50	104	191
50	106	72
50	106	85
50	106	86
50	106	91
50	106	94
50	106	95
50	106	101
50	106	102
50	106	103
50	106	104
50	106	115
50	106	123
50	106	124
50	106	125
50	106	131
50	106	132
50	111	91
50	111	93
50	111	104
50	111	105
50	111	106
50	111	113
50	111	121
50	111	122
50	111	124
50	111	134
50	111	165
50	111	182
50	112	32
50	112	62
50	112	74
50	112	76
50	112	81
50	112	82
50	112	83
50	112	84
50	112	91
50	112	92
50	112	94
50	112	101
50	112	103
50	112	104
50	112	125
50	113	71
50	113	72
50	113	84
50	113	103
50	113	104
50	113	121
50	113	124
50	113	125
50	114	84
50	114	85
50	114	86
50	114	91
50	114	92
50	114	93
50	114	94
50	114	95
50	114	102
50	114	104
50	114	111
50	114	115
50	116	16
50	116	31
50	116	41
50	116	45
50	116	62
50	116	64
50	116	74
50	116	81
50	116	82
50	121	32
50	121	62
50	121	71
50	121	74
50	121	76
50	121	81
50	121	82
50	121	83
50	121	92
50	121	94
50	121	103
50	121	104
50	121	125
50	121	151
50	121	161
50	122	111
50	122	112
50	122	113
50	122	121
50	122	131
50	122	132
50	123	113
50	123	114
50	123	121
50	123	131
50	123	132
50	123	134
50	124	16
50	124	34
50	124	46
50	124	54
50	124	86
50	124	113
50	124	115
50	124	122
50	124	123
50	124	125
50	124	131
50	124	132
50	124	133
50	124	165
50	125	11
50	125	41
50	125	105
50	126	16
50	126	22
50	126	115
50	126	122
50	126	134
50	126	165
50	126	204
50	132	16
50	132	26
50	132	94
50	132	115
50	132	121
50	132	131
50	132	133
50	132	134
50	132	165
50	133	11
50	133	122
50	134	131
50	134	141
50	136	131
50	136	135
50	136	141
50	136	146
50	141	132
50	141	143
50	141	146
50	143	151
50	143	161
50	144	32
50	144	62
50	144	71
50	144	74
50	144	76
50	144	81
50	144	82
50	144	83
50	144	92
50	144	94
50	144	103
50	144	114
50	144	123
50	144	125
50	144	133
50	145	141
50	145	142
50	146	143
50	146	144
50	146	154
50	153	31
50	153	41
50	153	43
50	153	45
50	153	62
50	153	64
50	153	74
50	153	81
50	153	82
50	154	16
50	154	24
50	154	113
50	154	122
50	154	133
50	154	184
50	155	32
50	156	86
50	156	91
50	156	92
50	156	93
50	156	94
50	156	95
50	156	102
50	156	105
50	156	115
50	156	144
50	156	154
50	156	172
50	161	31
50	161	45
50	161	62
50	161	64
50	161	74
50	161	81
50	161	82
50	162	11
50	162	16
50	162	24
50	162	41
50	162	44
50	162	186
50	163	171
50	163	172
50	163	182
50	164	86
50	164	91
50	164	92
50	164	93
50	164	94
50	164	95
50	164	102
50	164	105
50	164	115
50	164	195
50	166	51
50	166	75
50	166	101
50	166	174
50	166	191
50	171	164
50	171	181
50	172	11
50	172	24
50	172	41
50	172	45
50	172	72
50	173	182
50	173	191
50	174	51
50	174	75
50	174	101
50	176	171
50	176	172
50	176	186
50	176	195
50	176	204
50	181	23
50	181	24
50	181	44
50	181	61
50	182	184
50	183	16
50	183	45
50	183	62
50	183	64
50	183	122
50	185	163
50	185	181
50	186	31
50	186	52
50	186	63
50	186	86
50	186	174
50	186	204
50	191	45
50	191	51
50	191	52
50	191	63
50	191	75
50	193	24
50	193	92
50	193	165
50	193	171
50	194	165
50	194	181
50	195	41
50	195	91
50	196	12
50	196	45
50	196	62
50	196	64
50	196	71
50	196	74
50	196	81
50	196	114
50	196	134
50	196	174
50	201	11
50	201	24
50	201	42
50	201	103
50	203	16
50	203	45
50	203	62
50	203	64
50	203	71
50	203	74
50	203	81
50	203	184
50	204	51
50	204	75
50	204	101
50	204	174
50	205	51
50	205	75
50	205	101
50	205	174
50	205	191
50	206	11
50	206	24
50	206	41
