55	11	24
55	12	23
55	12	33
55	12	34
55	12	61
55	12	105
55	12	186
55	13	11
55	13	105
55	15	24
55	16	23
55	16	133
55	16	172
55	16	186
55	16	195
55	16	204
55	21	16
55	22	41
55	22	76
55	23	12
55	23	33
55	25	32
55	31	93
55	32	11
55	32	24
55	32	41
55	32	44
55	32	45
55	32	72
55	33	16
55	33	72
55	34	24
55	35	16
55	36	23
55	36	24
55	36	34
55	36	45
55	36	63
55	36	113
55	36	122
55	36	133
55	36	184
55	41	24
55	41	34
55	41	46
55	41	61
55	41	105
55	41	186
55	42	54
55	42	75
55	42	101
55	42	111
55	42	113
55	42	114
55	42	174
55	42	191
55	43	16
55	43	31
55	43	33
55	43	45
55	43	51
55	43	62
55	43	64
55	43	74
55	43	81
55	43	82
55	43	86
55	44	62
55	44	64
55	44	74
55	44	81
55	44	82
55	45	165
55	46	45
55	46	52
55	46	62
55	46	75
55	46	92
55	46	94
55	46	101
55	46	111
55	46	174
55	46	191
55	51	33
55	51	61
55	51	94
55	51	115
55	51	131
55	51	132
55	51	134
55	51	165
55	52	22
55	52	23
55	52	36
55	52	133
55	52	172
55	52	186
55	52	195
55	52	204
55	53	16
55	53	24
55	53	34
55	53	43
55	53	51
55	53	66
55	53	112
55	53	113
55	53	114
55	53	121
55	53	122
55	53	131
55	53	133
55	53	134
55	53	184
55	56	22
55	56	23
55	56	32
55	56	51
55	56	66
55	56	133
55	56	186
55	61	75
55	61	85
55	61	101
55	61	174
55	61	191
55	62	32
55	63	72
55	65	54
55	71	33
55	71	62
55	71	64
55	71	73
55	71	74
55	71	81
55	71	82
55	71	102
55	71	111
55	71	112
55	72	16
55	72	31
55	72	41
55	72	42
55	72	45
55	72	71
55	72	74
55	72	81
55	73	11
55	73	46
55	73	71
55	73	72
55	73	83
55	73	112
55	74	154
55	74	191
55	75	83
55	75	92
55	75	135
55	75	164
55	75	165
55	75	172
55	75	181
55	75	184
55	75	191
55	75	194
55	75	195
55	76	71
55	76	72
55	76	73
55	81	71
55	81	72
55	81	84
55	81	85
55	81	91
55	82	31
55	82	41
55	82	45
55	82	62
55	82	64
55	82	74
55	82	76
55	82	81
55	84	32
55	84	62
55	84	71
55	84	74
55	84	76
55	84	81
55	84	82
55	84	83
55	84	91
55	84	92
55	84	94
55	84	95
55	84	101
55	84	102
55	84	103
55	84	104
55	84	106
55	84	123
55	84	125
55	84	161
55	84	182
55	85	31
55	85	64
55	85	74
55	85	82
55	85	84
55	86	75
55	86	82
55	86	84
55	86	85
55	86	94
55	86	95
55	86	101
55	86	105
55	86	111
55	86	112
55	86	126
55	91	45
55	91	51
55	91	92
55	91	101
55	91	174
55	91	191
55	92	24
55	92	34
55	92	41
55	92	42
55	92	44
55	92	45
55	92	105
55	93	85
55	93	91
55	93	92
55	93	101
55	93	111
55	94	51
55	94	75
55	94	174
55	94	191
55	95	165
55	96	84
55	96	85
55	96	91
55	96	92
55	96	93
55	96	94
55	96	101
55	96	111
55	101	86
55	101	103
55	101	104
55	101	105
55	101	115
55	101	124
55	101	125
55	102	51
55	102	75
55	102	114
55	102	174
55	102	191
55	103	16
55	103	24
55	103	122
55	103	184
55	104	11
55	104	51
55	104	75
55	104	101
55	104	174
55	104	191
55	106	72
55	106	85
55	106	86
55	106	91
55	106	94
55	106	95
55	106	101
55	106	102
55	106	103
55	106	104
55	106	115
55	106	123
55	106	124
55	106	125
55	106	131
55	106	132
55	111	91
55	111	93
55	111	105
55	111	106
55	111	113
55	111	121
55	111	122
55	111	133
55	111	134
55	111	165
55	111	182
55	112	82
55	112	83
55	112	101
55	112	103
55	112	104
55	112	121
55	112	123
55	112	124
55	112	125
55	112	126
55	112	132
55	113	71
55	113	72
55	113	84
55	113	103
55	113	104
55	113	121
55	113	124
55	113	125
55	114	84
55	114	92
55	114	93
55	114	94
55	114	111
55	116	16
55	116	31
55	116	41
55	116	45
55	116	62
55	116	64
55	116	74
55	116	81
55	116	82
55	121	32
55	121	62
55	121	71
55	121	74
55	121	76
55	121	81
55	121	82
55	121	83
55	121	92
55	121	94
55	121	103
55	121	104
55	121	125
55	121	151
55	121	161
55	122	111
55	122	112
55	122	113
55	122	121
55	122	131
55	122	132
55	123	113
55	123	114
55	123	121
55	123	131
55	123	132
55	123	134
55	124	16
55	124	34
55	124	46
55	124	54
55	124	86
55	124	113
55	124	115
55	124	122
55	124	123
55	124	125
55	124	131
55	124	132
55	124	133
55	124	165
55	125	11
55	125	41
55	125	105
55	126	16
55	126	22
55	126	115
55	126	122
55	126	125
55	126	134
55	126	165
55	126	204
55	132	16
55	132	26
55	132	86
55	132	115
55	132	121
55	132	131
55	132	133
55	132	134
55	132	165
55	133	11
55	133	122
55	134	131
55	134	141
55	136	131
55	136	135
55	136	141
55	136	146
55	141	132
55	141	143
55	141	146
55	143	151
55	143	161
55	144	32
55	144	62
55	144	71
55	144	74
55	144	76
55	144	81
55	144	82
55	144	83
55	144	92
55	144	94
55	144	103
55	144	114
55	144	123
55	144	125
55	144	133
55	145	141
55	145	142
55	146	143
55	146	144
55	146	154
55	153	31
55	153	41
55	153	43
55	153	45
55	153	62
55	153	64
55	153	74
55	153	81
55	153	82
55	154	16
55	154	24
55	154	113
55	154	122
55	154	133
55	154	184
55	155	32
55	156	86
55	156	91
55	156	92
55	156	93
55	156	94
55	156	95
55	156	102
55	156	105
55	156	115
55	156	144
55	156	154
55	156	172
55	161	31
55	161	45
55	161	62
55	161	64
55	161	74
55	161	81
55	161	82
55	162	11
55	162	24
55	162	41
55	162	44
55	162	182
55	162	186
55	163	171
55	163	172
55	163	182
55	164	86
55	164	91
55	164	92
55	164	93
55	164	94
55	164	95
55	164	102
55	164	105
55	164	115
55	164	195
55	166	51
55	166	75
55	166	101
55	166	174
55	166	191
55	171	164
55	171	181
55	172	11
55	172	24
55	172	41
55	172	45
55	172	72
55	173	182
55	173	191
55	174	45
55	174	51
55	174	75
55	174	101
55	176	171
55	176	172
55	176	186
55	176	195
55	176	204
55	181	23
55	181	24
55	181	44
55	181	61
55	182	184
55	183	16
55	183	45
55	183	62
55	183	64
55	185	163
55	185	181
55	186	31
55	186	43
55	186	52
55	186	63
55	186	86
55	186	174
55	186	204
55	191	51
55	191	75
55	191	101
55	193	24
55	193	92
55	193	165
55	193	171
55	194	165
55	194	171
55	194	181
55	195	41
55	195	91
55	196	16
55	196	32
55	196	45
55	196	62
55	196	64
55	196	74
55	196	76
55	196	81
55	196	82
55	196	111
55	196	114
55	196	134
55	196	174
55	201	11
55	201	24
55	201	103
55	203	45
55	203	46
55	203	62
55	203	64
55	203	71
55	203	74
55	203	83
55	203	154
55	204	51
55	204	75
55	204	101
55	204	174
55	205	51
55	205	75
55	205	101
55	205	174
55	205	191
55	206	11
55	206	24
55	206	41
55	206	105
