60	11	24
60	12	23
60	12	33
60	12	34
60	12	42
60	12	61
60	12	105
60	12	186
60	13	11
60	13	105
60	15	24
60	16	23
60	16	133
60	16	172
60	16	186
60	16	195
60	16	204
60	21	16
60	22	41
60	22	74
60	22	76
60	23	12
60	23	33
60	25	32
60	31	93
60	32	11
60	32	24
60	32	41
60	32	44
60	32	45
60	32	72
60	33	16
60	33	72
60	34	24
60	35	16
60	36	23
60	36	24
60	36	34
60	36	45
60	36	63
60	36	113
60	36	122
60	36	133
60	36	184
60	41	24
60	41	34
60	41	46
60	41	61
60	41	105
60	41	186
60	42	41
60	42	54
60	42	75
60	42	101
60	42	111
60	42	112
60	42	113
60	42	114
60	42	174
60	42	191
60	43	16
60	43	31
60	43	32
60	43	33
60	43	42
60	43	45
60	43	51
60	43	62
60	43	64
60	43	74
60	43	76
60	43	81
60	43	82
60	43	86
60	43	184
60	44	62
60	44	64
60	44	74
60	44	81
60	44	82
60	44	163
60	45	165
60	46	45
60	46	52
60	46	62
60	46	75
60	46	92
60	46	94
60	46	101
60	46	111
60	46	174
60	46	191
60	51	33
60	51	61
60	51	94
60	51	115
60	51	131
60	51	132
60	51	134
60	51	165
60	52	22
60	52	23
60	52	36
60	52	133
60	52	172
60	52	186
60	52	195
60	52	204
60	53	16
60	53	24
60	53	34
60	53	43
60	53	51
60	53	66
60	53	112
60	53	113
60	53	114
60	53	121
60	53	122
60	53	131
60	53	133
60	53	134
60	53	184
60	56	22
60	56	23
60	56	32
60	56	51
60	56	66
60	56	133
60	56	186
60	61	75
60	61	85
60	61	101
60	61	174
60	61	191
60	62	32
60	63	84
60	63	114
60	63	122
60	65	54
60	71	33
60	71	62
60	71	64
60	71	73
60	71	74
60	71	81
60	71	82
60	71	102
60	71	111
60	71	112
60	72	16
60	72	31
60	72	41
60	72	42
60	72	45
60	72	71
60	72	74
60	72	81
60	73	11
60	73	46
60	73	71
60	73	72
60	73	83
60	73	112
60	74	154
60	74	191
60	75	83
60	75	92
60	75	135
60	75	142
60	75	164
60	75	165
60	75	172
60	75	181
60	75	184
60	75	191
60	75	194
60	75	195
60	76	71
60	76	72
60	76	73
60	81	71
60	81	72
60	81	84
60	81	85
60	81	91
60	82	31
60	82	33
60	82	43
60	82	45
60	82	51
60	82	62
60	82	64
60	82	74
60	82	76
60	82	81
60	82	86
60	82	184
60	84	32
60	84	45
60	84	62
60	84	71
60	84	74
60	84	76
60	84	81
60	84	82
60	84	83
60	84	91
60	84	92
60	84	94
60	84	101
60	84	103
60	84	111
60	84	125
60	85	31
60	85	45
60	85	64
60	85	74
60	86	75
60	86	82
60	86	84
60	86	85
60	86	94
60	86	95
60	86	101
60	86	105
60	86	111
60	86	112
60	86	126
60	91	45
60	91	51
60	91	174
60	91	191
60	92	24
60	92	34
60	92	41
60	92	42
60	92	44
60	92	45
60	92	105
60	93	85
60	93	91
60	93	92
60	93	101
60	93	111
60	94	51
60	94	75
60	94	174
60	94	191
60	95	165
60	96	84
60	96	85
60	96	91
60	96	92
60	96	93
60	96	94
60	96	101
60	96	111
60	101	86
60	101	103
60	101	104
60	101	105
60	101	115
60	101	124
60	101	125
60	102	51
60	102	75
60	102	114
60	102	174
60	102	191
60	103	16
60	103	24
60	103	122
60	103	184
60	104	11
60	104	45
60	104	51
60	104	75
60	104	101
60	104	174
60	104	191
60	106	72
60	106	85
60	106	86
60	106	91
60	106	94
60	106	95
60	106	101
60	106	102
60	106	103
60	106	104
60	106	115
60	106	123
60	106	124
60	106	125
60	106	131
60	106	132
60	111	91
60	111	93
60	111	105
60	111	106
60	111	113
60	111	121
60	111	122
60	111	133
60	111	134
60	111	165
60	111	182
60	112	44
60	112	103
60	112	104
60	112	121
60	112	123
60	112	124
60	112	125
60	112	126
60	112	132
60	113	103
60	113	104
60	113	121
60	113	124
60	113	125
60	114	84
60	114	92
60	114	93
60	114	94
60	114	111
60	116	16
60	116	31
60	116	41
60	116	45
60	116	62
60	116	64
60	116	74
60	116	81
60	116	82
60	121	32
60	121	62
60	121	71
60	121	74
60	121	76
60	121	81
60	121	82
60	121	83
60	121	92
60	121	94
60	121	103
60	121	104
60	121	125
60	121	151
60	121	161
60	122	111
60	122	112
60	122	113
60	122	121
60	122	131
60	122	132
60	123	113
60	123	114
60	123	121
60	123	131
60	123	132
60	123	134
60	124	16
60	124	34
60	124	46
60	124	54
60	124	86
60	124	113
60	124	115
60	124	122
60	124	123
60	124	125
60	124	131
60	124	132
60	124	133
60	124	165
60	125	11
60	125	41
60	125	105
60	126	16
60	126	22
60	126	115
60	126	122
60	126	123
60	126	125
60	126	134
60	126	165
60	126	204
60	132	16
60	132	86
60	132	115
60	132	121
60	132	131
60	132	133
60	132	134
60	132	165
60	133	11
60	133	122
60	134	131
60	134	141
60	136	131
60	136	135
60	136	141
60	136	146
60	141	132
60	141	143
60	141	146
60	143	151
60	143	161
60	144	32
60	144	62
60	144	71
60	144	74
60	144	76
60	144	81
60	144	82
60	144	83
60	144	92
60	144	94
60	144	103
60	144	114
60	144	123
60	144	125
60	144	133
60	145	141
60	145	142
60	146	143
60	146	144
60	146	154
60	153	31
60	153	33
60	153	43
60	153	45
60	153	51
60	153	62
60	153	64
60	153	74
60	153	81
60	153	82
60	153	86
60	153	184
60	154	16
60	154	24
60	154	113
60	154	122
60	154	133
60	154	184
60	155	32
60	156	86
60	156	91
60	156	92
60	156	93
60	156	94
60	156	95
60	156	102
60	156	105
60	156	115
60	156	144
60	156	154
60	156	172
60	162	11
60	162	24
60	162	182
60	162	186
60	163	171
60	163	172
60	163	182
60	164	86
60	164	91
60	164	92
60	164	93
60	164	94
60	164	95
60	164	102
60	164	105
60	164	115
60	164	195
60	166	51
60	166	75
60	166	101
60	166	174
60	166	191
60	171	164
60	171	181
60	172	11
60	172	24
60	172	41
60	172	45
60	172	72
60	173	182
60	173	191
60	174	45
60	174	51
60	174	75
60	174	101
60	176	171
60	176	172
60	176	186
60	176	195
60	176	204
60	181	23
60	181	24
60	181	61
60	182	184
60	183	16
60	183	45
60	183	62
60	183	64
60	183	74
60	185	163
60	185	181
60	186	31
60	186	43
60	186	51
60	186	52
60	186	63
60	186	86
60	186	174
60	186	204
60	191	51
60	191	75
60	191	101
60	193	91
60	193	92
60	193	165
60	193	171
60	193	181
60	193	182
60	194	165
60	194	171
60	194	181
60	195	42
60	195	91
60	196	16
60	196	32
60	196	36
60	196	45
60	196	62
60	196	64
60	196	74
60	196	76
60	196	81
60	196	82
60	196	134
60	196	174
60	201	11
60	201	24
60	201	103
60	203	31
60	203	45
60	203	46
60	203	62
60	203	64
60	203	71
60	203	74
60	203	83
60	204	51
60	204	75
60	204	85
60	204	101
60	204	174
60	205	51
60	205	75
60	205	101
60	205	174
60	205	191
60	206	24
60	206	41
