X	aaagagggcagtcaaatctgcttaggtcaggctttaggatgtttacaaga	5390052,5392685,6445593,6450880,9798813,9805394,11633707,11640290,14157883,14163069,17893887,17896202,21536078,21552764,21965355,21971939,22771796,22774616
X	aaatacgatctaacgcttatacataagccgatcgcggagcgtgagaatgc	22137451,22137451
X	aaatctgcttaggtcaggctttaggatgtttacaagaacggctgcgctgc	5390065,5392698,6445606,6450893,9798826,9805407,11633720,11640303,14157896,14163082,17893900,17896215,21536091,21552777,21965368,21971952,22771809,22774629
X	aaatttgagtggccgaagacagcaagcagatgaactcgtaagggcgcaga	7846652
X	aaattttcgcattttttgtaaggggtaacatcatcaaaatttgcgaaaaa	10489124,10919566
X	aacaatatttgtatttcgggagagcctcgctcttgggttcttaagattag	5389993,5392626,6445534,6450821,9798754,9805335,11633648,11640231,14157824,14163010,17893828,17896143,21536019,21552705,21965296,21971880,22771737,22774557
X	aacgaggtatggcactcagtatgtggataaataacttcattgctatgaac	11271894
X	aacgcttatacataagccgatcgcggagcgtgagaatgctgagcatgcac	22137462,22137462
X	aagagggcagtcaaatctgcttaggtcaggctttaggatgtttacaagaa	5390053,5392686,6445594,6450881,9798814,9805395,11633708,11640291,14157884,14163070,17893888,17896203,21536079,21552765,21965356,21971940,22771797,22774617
X	aagattaggtagcgttgaaagagggcagtcaaatctgcttaggtcaggct	5390035,5392668,6445576,6450863,9798796,9805377,11633690,11640273,14157866,14163052,17893870,17896185,21536061,21552747,21965338,21971922,22771779,22774599
X	aagcctcagtatttgaacaatatttgtatttcgggagagcctcgctcttg	5389978,5392611,6445519,6450806,9798739,9805320,11633633,11640216,14157809,14162995,17893813,17896128,21536004,21552690,21965281,21971865,22771722,22774542
X	aagttatttatccacatactgagtgccatacctcgttgaactcgtcataa	11310131
X	aatacgatctaacgcttatacataagccgatcgcggagcgtgagaatgct	22137452,22137452
X	aatatttgtatttcgggagagcctcgctcttgggttcttaagattaggta	5389996,5392629,6445537,6450824,9798757,9805338,11633651,11640234,14157827,14163013,17893831,17896146,21536022,21552708,21965299,21971883,22771740,22774560
X	aatctgcttaggtcaggctttaggatgtttacaagaacggctgcgctgcc	5390066,5392699,6445607,6450894,9798827,9805408,11633721,11640304,14157897,14163083,17893901,17896216,21536092,21552778,21965369,21971953,22771810,22774630
X	aatgaagttatttatccacatactgagtgccatacctcgttgaactcgtc	11310127
X	aatttgagtggccgaagacagcaagcagatgaactcgtaagggcgcagaa	7846653
X	aattttcgcattttttgtaaggggtaacatcatcaaaatttgcgaaaaat	10489125
X	acaatatttgtatttcgggagagcctcgctcttgggttcttaagattagg	5389994,5392627,6445535,6450822,9798755,9805336,11633649,11640232,14157825,14163011,17893829,17896144,21536020,21552706,21965297,21971881,22771738,22774558
X	accggtttccttatcgaattccggacgagtgtagacggacctaaacatct	11310572
X	acgaggtatggcactcagtatgtggataaataacttcattgctatgaaca	11271895
X	acgagttcaacgaggtatggcactcagtatgtggataaataacttcattg	11271886
X	acgatctaacgcttatacataagccgatcgcggagcgtgagaatgctgag	22137455,22137455
X	acgcttatacataagccgatcgcggagcgtgagaatgctgagcatgcact	22137463,22137463
X	agaagcctcagtatttgaacaatatttgtatttcgggagagcctcgctct	5389976,5392609,6445517,6450804,9798737,9805318,11633631,11640214,14157807,14162993,17893811,17896126,21536002,21552688,21965279,21971863,22771720,22774540
X	agaccggtttccttatcgaattccggacgagtgtagacggacctaaacat	11310570
X	agagcctcgctcttgggttcttaagattaggtagcgttgaaagagggcag	5390013,5392646,6445554,6450841,9798774,9805355,11633668,11640251,14157844,14163030,17893848,17896163,21536039,21552725,21965316,21971900,22771757,22774577
X	agagggcagtcaaatctgcttaggtcaggctttaggatgtttacaagaac	5390054,5392687,6445595,6450882,9798815,9805396,11633709,11640292,14157885,14163071,17893889,17896204,21536080,21552766,21965357,21971941,22771798,22774618
X	agatgtttaggtccgtctacactcgtccggaattcgataaggaaaccggt	11272885
X	agattaggtagcgttgaaagagggcagtcaaatctgcttaggtcaggctt	5390036,5392669,6445577,6450864,9798797,9805378,11633691,11640274,14157867,14163053,17893871,17896186,21536062,21552748,21965339,21971923,22771780,22774600
X	agcaatgaagttatttatccacatactgagtgccatacctcgttgaactc	11310124
X	agcagaccggtttccttatcgaattccggacgagtgtagacggacctaaa	11310567
X	agcctcagtatttgaacaatatttgtatttcgggagagcctcgctcttgg	5389979,5392612,6445520,6450807,9798740,9805321,11633634,11640217,14157810,14162996,17893814,17896129,21536005,21552691,21965282,21971866,22771723,22774543
X	agcctcgctcttgggttcttaagattaggtagcgttgaaagagggcagtc	5390015,5392648,6445556,6450843,9798776,9805357,11633670,11640253,14157846,14163032,17893850,17896165,21536041,21552727,21965318,21971902,22771759,22774579
X	agcgttgaaagagggcagtcaaatctgcttaggtcaggctttaggatgtt	5390045,5392678,6445586,6450873,9798806,9805387,11633700,11640283,14157876,14163062,17893880,17896195,21536071,21552757,21965348,21971932,22771789,22774609
X	aggagaaatagtttcacgactttattctttggatctcagcttaagactaa	5389901,5392534,6445442,6450729,9798662,9805243,11633556,11640139,14157732,14162918,17893736,17896051,21535927,21552613,21965204,21971788,22771645,22774465
X	aggagaagcctcagtatttgaacaatatttgtatttcgggagagcctcgc	5389973,5392606,6445514,6450801,9798734,9805315,11633628,11640211,14157804,14162990,17893808,17896123,21535999,21552685,21965276,21971860,22771717,22774537
X	aggctttaggatgtttacaagaacggctgcgctgccaaagataaacgaat	5390080,5392713,6445621,6450908,9798841,9805422,11633735,11640318,14157911,14163097,17893915,17896230,21536106,21552792,21965383,21971967,22771824,22774644
X	agggcagtcaaatctgcttaggtcaggctttaggatgtttacaagaacgg	5390056,5392689,6445597,6450884,9798817,9805398,11633711,11640294,14157887,14163073,17893891,17896206,21536082,21552768,21965359,21971943,22771800,22774620
X	aggtagcgttgaaagagggcagtcaaatctgcttaggtcaggctttagga	5390041,5392674,6445582,6450869,9798802,9805383,11633696,11640279,14157872,14163058,17893876,17896191,21536067,21552753,21965344,21971928,22771785,22774605
X	aggtcaggctttaggatgtttacaagaacggctgcgctgccaaagataaa	5390075,5392708,6445616,6450903,9798836,9805417,11633730,11640313,14157906,14163092,17893910,17896225,21536101,21552787,21965378,21971962,22771819,22774639
X	agtatttgaacaatatttgtatttcgggagagcctcgctcttgggttctt	5389985,5392618,6445526,6450813,9798746,9805327,11633640,11640223,14157816,14163002,17893820,17896135,21536011,21552697,21965288,21971872,22771729,22774549
X	agtcaaatctgcttaggtcaggctttaggatgtttacaagaacggctgcg	5390061,5392694,6445602,6450889,9798822,9805403,11633716,11640299,14157892,14163078,17893896,17896211,21536087,21552773,21965364,21971948,22771805,22774625
X	agtcgaactaatgtcccgtcagttgactaaggacaacgccaagaaataaa	5389840,5392473,6445381,6450668,9798601,9805182,11633495,11640078,14157671,14162857,17893675,17895990,21535866,21552552,21965143,21971727,22771584,22774404
X	agtggccgaagacagcaagcagatgaactcgtaagggcgcagaatcacaa	7846659
X	agttatttatccacatactgagtgccatacctcgttgaactcgtcataaa	11310132
X	agttcaacgaggtatggcactcagtatgtggataaataacttcattgcta	11271889
X	atacataagccgatcgcggagcgtgagaatgctgagcatgcacttagcag	22137469,22137469
X	atacgatctaacgcttatacataagccgatcgcggagcgtgagaatgctg	22137453,22137453
X	atagcaatgaagttatttatccacatactgagtgccatacctcgttgaac	11310122
X	atatttgtatttcgggagagcctcgctcttgggttcttaagattaggtag	5389997,5392630,6445538,6450825,9798758,9805339,11633652,11640235,14157828,14163014,17893832,17896147,21536023,21552709,21965300,21971884,22771741,22774561
X	atctaacgcttatacataagccgatcgcggagcgtgagaatgctgagcat	22137458,22137458
X	atctgcttaggtcaggctttaggatgtttacaagaacggctgcgctgcca	5390067,5392700,6445608,6450895,9798828,9805409,11633722,11640305,14157898,14163084,17893902,17896217,21536093,21552779,21965370,21971954,22771811,22774631
X	atgaagttatttatccacatactgagtgccatacctcgttgaactcgtca	11310128
X	atgacgagttcaacgaggtatggcactcagtatgtggataaataacttca	11271883
X	atgagtcgaactaatgtcccgtcagttgactaaggacaacgccaagaaat	5389837,5392470,6445378,6450665,9798598,9805179,11633492,11640075,14157668,14162854,17893672,17895987,21535863,21552549,21965140,21971724,22771581,22774401
X	atgtttaggtccgtctacactcgtccggaattcgataaggaaaccggtct	11272887
X	attaggtagcgttgaaagagggcagtcaaatctgcttaggtcaggcttta	5390038,5392671,6445579,6450866,9798799,9805380,11633693,11640276,14157869,14163055,17893873,17896188,21536064,21552750,21965341,21971925,22771782,22774602
X	atttataaagaacttcgccgactattcacggcacataactagattatgta	23444193
X	atttatgagtcgaactaatgtcccgtcagttgactaaggacaacgccaag	5389833,5392466,6445374,6450661,9798594,9805175,11633488,11640071,14157664,14162850,17893668,17895983,21535859,21552545,21965136,21971720,22771577,22774397
X	atttcgggagagcctcgctcttgggttcttaagattaggtagcgttgaaa	5390005,5392638,6445546,6450833,9798766,9805347,11633660,11640243,14157836,14163022,17893840,17896155,21536031,21552717,21965308,21971892,22771749,22774569
X	atttgaacaatatttgtatttcgggagagcctcgctcttgggttcttaag	5389988,5392621,6445529,6450816,9798749,9805330,11633643,11640226,14157819,14163005,17893823,17896138,21536014,21552700,21965291,21971875,22771732,22774552
X	atttgagtggccgaagacagcaagcagatgaactcgtaagggcgcagaat	7846654
X	atttgtatttcgggagagcctcgctcttgggttcttaagattaggtagcg	5389999,5392632,6445540,6450827,9798760,9805341,11633654,11640237,14157830,14163016,17893834,17896149,21536025,21552711,21965302,21971886,22771743,22774563
X	attttcgcattttttgtaaggggtaacatcatcaaaatttgcgaaaaatt	10489126
X	attttttgcaaattttgatgatgttaccccttaccgaaaatgcgaaaatc	11532322,11780487,11781552
X	attttttgtaaggggtaacatcatcaaaatttgcgaaaaattgaaaaatc	10489134
X	caaatctgcttaggtcaggctttaggatgtttacaagaacggctgcgctg	5390064,5392697,6445605,6450892,9798825,9805406,11633719,11640302,14157895,14163081,17893899,17896214,21536090,21552776,21965367,21971951,22771808,22774628
X	caacgaggtatggcactcagtatgtggataaataacttcattgctatgaa	11271893
X	caatatttgtatttcgggagagcctcgctcttgggttcttaagattaggt	5389995,5392628,6445536,6450823,9798756,9805337,11633650,11640233,14157826,14163012,17893830,17896145,21536021,21552707,21965298,21971882,22771739,22774559
X	caatgaagttatttatccacatactgagtgccatacctcgttgaactcgt	11310126
X	cagaccggtttccttatcgaattccggacgagtgtagacggacctaaaca	11310569
X	caggctttaggatgtttacaagaacggctgcgctgccaaagataaacgaa	5390079,5392712,6445620,6450907,9798840,9805421,11633734,11640317,14157910,14163096,17893914,17896229,21536105,21552791,21965382,21971966,22771823,22774643
X	cagtatttgaacaatatttgtatttcgggagagcctcgctcttgggttct	5389984,5392617,6445525,6450812,9798745,9805326,11633639,11640222,14157815,14163001,17893819,17896134,21536010,21552696,21965287,21971871,22771728,22774548
X	cagtcaaatctgcttaggtcaggctttaggatgtttacaagaacggctgc	5390060,5392693,6445601,6450888,9798821,9805402,11633715,11640298,14157891,14163077,17893895,17896210,21536086,21552772,21965363,21971947,22771804,22774624
X	catagcaatgaagttatttatccacatactgagtgccatacctcgttgaa	11310121
X	cattttttgcaaattttgatgatgttaccccttaccgaaaatgcgaaaat	5712621,11532321,11780486,11781551
X	cattttttgtaaggggtaacatcatcaaaatttgcgaaaaattgaaaaat	10489133
X	ccgaagacagcaagcagatgaactcgtaagggcgcagaatcacaacgaac	7846664
X	cctcagtatttgaacaatatttgtatttcgggagagcctcgctcttgggt	5389981,5392614,6445522,6450809,9798742,9805323,11633636,11640219,14157812,14162998,17893816,17896131,21536007,21552693,21965284,21971868,22771725,22774545
X	cctcgctcttgggttcttaagattaggtagcgttgaaagagggcagtcaa	5390017,5392650,6445558,6450845,9798778,9805359,11633672,11640255,14157848,14163034,17893852,17896167,21536043,21552729,21965320,21971904,22771761,22774581
X	cgaagacagcaagcagatgaactcgtaagggcgcagaatcacaacgaacg	7846665
X	cgaggtatggcactcagtatgtggataaataacttcattgctatgaacaa	11271896
X	cgagttcaacgaggtatggcactcagtatgtggataaataacttcattgc	11271887
X	cgatctaacgcttatacataagccgatcgcggagcgtgagaatgctgagc	22137456,22137456
X	cgcattttttgtaaggggtaacatcatcaaaatttgcgaaaaattgaaaa	10489131
X	cgctcttgggttcttaagattaggtagcgttgaaagagggcagtcaaatc	5390020,5392653,6445561,6450848,9798781,9805362,11633675,11640258,14157851,14163037,17893855,17896170,21536046,21552732,21965323,21971907,22771764,22774584
X	cgcttatacataagccgatcgcggagcgtgagaatgctgagcatgcactt	22137464,22137464
X	cgggagagcctcgctcttgggttcttaagattaggtagcgttgaaagagg	5390009,5392642,6445550,6450837,9798770,9805351,11633664,11640247,14157840,14163026,17893844,17896159,21536035,21552721,21965312,21971896,22771753,22774573
X	cgttgaaagagggcagtcaaatctgcttaggtcaggctttaggatgttta	5390047,5392680,6445588,6450875,9798808,9805389,11633702,11640285,14157878,14163064,17893882,17896197,21536073,21552759,21965350,21971934,22771791,22774611
X	ctaacgcttatacataagccgatcgcggagcgtgagaatgctgagcatgc	22137460,22137460
X	ctcagtatttgaacaatatttgtatttcgggagagcctcgctcttgggtt	5389982,5392615,6445523,6450810,9798743,9805324,11633637,11640220,14157813,14162999,17893817,17896132,21536008,21552694,21965285,21971869,22771726,22774546
X	ctcgctcttgggttcttaagattaggtagcgttgaaagagggcagtcaaa	5390018,5392651,6445559,6450846,9798779,9805360,11633673,11640256,14157849,14163035,17893853,17896168,21536044,21552730,21965321,21971905,22771762,22774582
X	ctcttgggttcttaagattaggtagcgttgaaagagggcagtcaaatctg	5390022,5392655,6445563,6450850,9798783,9805364,11633677,11640260,14157853,14163039,17893857,17896172,21536048,21552734,21965325,21971909,22771766,22774586
X	ctgcttaggtcaggctttaggatgtttacaagaacggctgcgctgccaaa	5390069,5392702,6445610,6450897,9798830,9805411,11633724,11640307,14157900,14163086,17893904,17896219,21536095,21552781,21965372,21971956,22771813,22774633
X	cttaagattaggtagcgttgaaagagggcagtcaaatctgcttaggtcag	5390032,5392665,6445573,6450860,9798793,9805374,11633687,11640270,14157863,14163049,17893867,17896182,21536058,21552744,21965335,21971919,22771776,22774596
X	cttaggtcaggctttaggatgtttacaagaacggctgcgctgccaaagat	5390072,5392705,6445613,6450900,9798833,9805414,11633727,11640310,14157903,14163089,17893907,17896222,21536098,21552784,21965375,21971959,22771816,22774636
X	cttatacataagccgatcgcggagcgtgagaatgctgagcatgcacttag	22137466,22137466
X	cttgggttcttaagattaggtagcgttgaaagagggcagtcaaatctgct	5390024,5392657,6445565,6450852,9798785,9805366,11633679,11640262,14157855,14163041,17893859,17896174,21536050,21552736,21965327,21971911,22771768,22774588
X	ctttaggatgtttacaagaacggctgcgctgccaaagataaacgaatgct	5390083,5392716,6445624,6450911,9798844,9805425,11633738,11640321,14157914,14163100,21536109,21552795,21965386,21971970,22771827,22774647
X	gaaagagggcagtcaaatctgcttaggtcaggctttaggatgtttacaag	5390051,5392684,6445592,6450879,9798812,9805393,11633706,11640289,14157882,14163068,17893886,17896201,21536077,21552763,21965354,21971938,22771795,22774615
X	gaaatacgatctaacgcttatacataagccgatcgcggagcgtgagaatg	22137450,22137450
X	gaacaatatttgtatttcgggagagcctcgctcttgggttcttaagatta	5389992,5392625,6445533,6450820,9798753,9805334,11633647,11640230,14157823,14163009,17893827,17896142,21536018,21552704,21965295,21971879,22771736,22774556
X	gaagacagcaagcagatgaactcgtaagggcgcagaatcacaacgaacgt	7846666
X	gaagcctcagtatttgaacaatatttgtatttcgggagagcctcgctctt	5389977,5392610,6445518,6450805,9798738,9805319,11633632,11640215,14157808,14162994,17893812,17896127,21536003,21552689,21965280,21971864,22771721,22774541
X	gaagttatttatccacatactgagtgccatacctcgttgaactcgtcata	11310130
X	gaccggtttccttatcgaattccggacgagtgtagacggacctaaacatc	11310571
X	gacgagttcaacgaggtatggcactcagtatgtggataaataacttcatt	11271885
X	gagaagcctcagtatttgaacaatatttgtatttcgggagagcctcgctc	5389975,5392608,6445516,6450803,9798736,9805317,11633630,11640213,14157806,14162992,17893810,17896125,21536001,21552687,21965278,21971862,22771719,22774539
X	gagagcctcgctcttgggttcttaagattaggtagcgttgaaagagggca	5390012,5392645,6445553,6450840,9798773,9805354,11633667,11640250,14157843,14163029,17893847,17896162,21536038,21552724,21965315,21971899,22771756,22774576
X	gagcctcgctcttgggttcttaagattaggtagcgttgaaagagggcagt	5390014,5392647,6445555,6450842,9798775,9805356,11633669,11640252,14157845,14163031,17893849,17896164,21536040,21552726,21965317,21971901,22771758,22774578
X	gagggcagtcaaatctgcttaggtcaggctttaggatgtttacaagaacg	5390055,5392688,6445596,6450883,9798816,9805397,11633710,11640293,14157886,14163072,17893890,17896205,21536081,21552767,21965358,21971942,22771799,22774619
X	gaggtatggcactcagtatgtggataaataacttcattgctatgaacaaa	11271897
X	gagtcgaactaatgtcccgtcagttgactaaggacaacgccaagaaataa	5389839,5392472,6445380,6450667,9798600,9805181,11633494,11640077,14157670,14162856,17893674,17895989,21535865,21552551,21965142,21971726,22771583,22774403
X	gagtggccgaagacagcaagcagatgaactcgtaagggcgcagaatcaca	7846658
X	gagttcaacgaggtatggcactcagtatgtggataaataacttcattgct	11271888
X	gatctaacgcttatacataagccgatcgcggagcgtgagaatgctgagca	22137457,22137457
X	gatgtttaggtccgtctacactcgtccggaattcgataaggaaaccggtc	11272886
X	gattaggtagcgttgaaagagggcagtcaaatctgcttaggtcaggcttt	5390037,5392670,6445578,6450865,9798798,9805379,11633692,11640275,14157868,14163054,17893872,17896187,21536063,21552749,21965340,21971924,22771781,22774601
X	gcaatgaagttatttatccacatactgagtgccatacctcgttgaactcg	11310125
X	gcagaccggtttccttatcgaattccggacgagtgtagacggacctaaac	11310568
X	gcagtcaaatctgcttaggtcaggctttaggatgtttacaagaacggctg	5390059,5392692,6445600,6450887,9798820,9805401,11633714,11640297,14157890,14163076,17893894,17896209,21536085,21552771,21965362,21971946,22771803,22774623
X	gcattttttgtaaggggtaacatcatcaaaatttgcgaaaaattgaaaaa	10489132
X	gccgaagacagcaagcagatgaactcgtaagggcgcagaatcacaacgaa	7846663
X	gcctcagtatttgaacaatatttgtatttcgggagagcctcgctcttggg	5389980,5392613,6445521,6450808,9798741,9805322,11633635,11640218,14157811,14162997,17893815,17896130,21536006,21552692,21965283,21971867,22771724,22774544
X	gcctcgctcttgggttcttaagattaggtagcgttgaaagagggcagtca	5390016,5392649,6445557,6450844,9798777,9805358,11633671,11640254,14157847,14163033,17893851,17896166,21536042,21552728,21965319,21971903,22771760,22774580
X	gcgttgaaagagggcagtcaaatctgcttaggtcaggctttaggatgttt	5390046,5392679,6445587,6450874,9798807,9805388,11633701,11640284,14157877,14163063,17893881,17896196,21536072,21552758,21965349,21971933,22771790,22774610
X	gctcttgggttcttaagattaggtagcgttgaaagagggcagtcaaatct	5390021,5392654,6445562,6450849,9798782,9805363,11633676,11640259,14157852,14163038,17893856,17896171,21536047,21552733,21965324,21971908,22771765,22774585
X	gctgcagtagcatggtgaaattcaatcgctccctgagcatttgggccacc	11310490
X	gcttaggtcaggctttaggatgtttacaagaacggctgcgctgccaaaga	5390071,5392704,6445612,6450899,9798832,9805413,11633726,11640309,14157902,14163088,17893906,17896221,21536097,21552783,21965374,21971958,22771815,22774635
X	gcttatacataagccgatcgcggagcgtgagaatgctgagcatgcactta	22137465,22137465
X	gctttaggatgtttacaagaacggctgcgctgccaaagataaacgaatgc	5390082,5392715,6445623,6450910,9798843,9805424,11633737,11640320,14157913,14163099,21536108,21552794,21965385,21971969,22771826,22774646
X	ggagaaatagtttcacgactttattctttggatctcagcttaagactaaa	5389902,5392535,6445443,6450730,9798663,9805244,11633557,11640140,14157733,14162919,17893737,17896052,21535928,21552614,21965205,21971789,22771646,22774466
X	ggagaagcctcagtatttgaacaatatttgtatttcgggagagcctcgct	5389974,5392607,6445515,6450802,9798735,9805316,11633629,11640212,14157805,14162991,17893809,17896124,21536000,21552686,21965277,21971861,22771718,22774538
X	ggagagcctcgctcttgggttcttaagattaggtagcgttgaaagagggc	5390011,5392644,6445552,6450839,9798772,9805353,11633666,11640249,14157842,14163028,17893846,17896161,21536037,21552723,21965314,21971898,22771755,22774575
X	ggcagtcaaatctgcttaggtcaggctttaggatgtttacaagaacggct	5390058,5392691,6445599,6450886,9798819,9805400,11633713,11640296,14157889,14163075,17893893,17896208,21536084,21552770,21965361,21971945,22771802,22774622
X	ggccgaagacagcaagcagatgaactcgtaagggcgcagaatcacaacga	7846662
X	ggctttaggatgtttacaagaacggctgcgctgccaaagataaacgaatg	5390081,5392714,6445622,6450909,9798842,9805423,11633736,11640319,14157912,14163098,17893916,17896231,21536107,21552793,21965384,21971968,22771825,22774645
X	gggagagcctcgctcttgggttcttaagattaggtagcgttgaaagaggg	5390010,5392643,6445551,6450838,9798771,9805352,11633665,11640248,14157841,14163027,17893845,17896160,21536036,21552722,21965313,21971897,22771754,22774574
X	gggcagtcaaatctgcttaggtcaggctttaggatgtttacaagaacggc	5390057,5392690,6445598,6450885,9798818,9805399,11633712,11640295,14157888,14163074,17893892,17896207,21536083,21552769,21965360,21971944,22771801,22774621
X	gggttcttaagattaggtagcgttgaaagagggcagtcaaatctgcttag	5390027,5392660,6445568,6450855,9798788,9805369,11633682,11640265,14157858,14163044,17893862,17896177,21536053,21552739,21965330,21971914,22771771,22774591
X	ggtagcgttgaaagagggcagtcaaatctgcttaggtcaggctttaggat	5390042,5392675,6445583,6450870,9798803,9805384,11633697,11640280,14157873,14163059,17893877,17896192,21536068,21552754,21965345,21971929,22771786,22774606
X	ggtcaggctttaggatgtttacaagaacggctgcgctgccaaagataaac	5390076,5392709,6445617,6450904,9798837,9805418,11633731,11640314,14157907,14163093,17893911,17896226,21536102,21552788,21965379,21971963,22771820,22774640
X	ggtggcccaaatgctcagggagcgattgaatttcaccatgctactgcagc	11272967
X	ggttcttaagattaggtagcgttgaaagagggcagtcaaatctgcttagg	5390028,5392661,6445569,6450856,9798789,9805370,11633683,11640266,14157859,14163045,17893863,17896178,21536054,21552740,21965331,21971915,22771772,22774592
X	gtagcgttgaaagagggcagtcaaatctgcttaggtcaggctttaggatg	5390043,5392676,6445584,6450871,9798804,9805385,11633698,11640281,14157874,14163060,17893878,17896193,21536069,21552755,21965346,21971930,22771787,22774607
X	gtatttcgggagagcctcgctcttgggttcttaagattaggtagcgttga	5390003,5392636,6445544,6450831,9798764,9805345,11633658,11640241,14157834,14163020,17893838,17896153,21536029,21552715,21965306,21971890,22771747,22774567
X	gtatttgaacaatatttgtatttcgggagagcctcgctcttgggttctta	5389986,5392619,6445527,6450814,9798747,9805328,11633641,11640224,14157817,14163003,17893821,17896136,21536012,21552698,21965289,21971873,22771730,22774550
X	gtcaaatctgcttaggtcaggctttaggatgtttacaagaacggctgcgc	5390062,5392695,6445603,6450890,9798823,9805404,11633717,11640300,14157893,14163079,17893897,17896212,21536088,21552774,21965365,21971949,22771806,22774626
X	gtcaggctttaggatgtttacaagaacggctgcgctgccaaagataaacg	5390077,5392710,6445618,6450905,9798838,9805419,11633732,11640315,14157908,14163094,17893912,17896227,21536103,21552789,21965380,21971964,22771821,22774641
X	gtggccgaagacagcaagcagatgaactcgtaagggcgcagaatcacaac	7846660
X	gttcaacgaggtatggcactcagtatgtggataaataacttcattgctat	11271890
X	gttcatagcaatgaagttatttatccacatactgagtgccatacctcgtt	11310118
X	gttcttaagattaggtagcgttgaaagagggcagtcaaatctgcttaggt	5390029,5392662,6445570,6450857,9798790,9805371,11633684,11640267,14157860,14163046,17893864,17896179,21536055,21552741,21965332,21971916,22771773,22774593
X	gttgaaagagggcagtcaaatctgcttaggtcaggctttaggatgtttac	5390048,5392681,6445589,6450876,9798809,9805390,11633703,11640286,14157879,14163065,17893883,17896198,21536074,21552760,21965351,21971935,22771792,22774612
X	gtttaggtccgtctacactcgtccggaattcgataaggaaaccggtctgc	11272889
X	taacgcttatacataagccgatcgcggagcgtgagaatgctgagcatgca	22137461,22137461
X	taagattaggtagcgttgaaagagggcagtcaaatctgcttaggtcaggc	5390034,5392667,6445575,6450862,9798795,9805376,11633689,11640272,14157865,14163051,17893869,17896184,21536060,21552746,21965337,21971921,22771778,22774598
X	tacgatctaacgcttatacataagccgatcgcggagcgtgagaatgctga	22137454,22137454
X	tagcaatgaagttatttatccacatactgagtgccatacctcgttgaact	11310123
X	tagcgttgaaagagggcagtcaaatctgcttaggtcaggctttaggatgt	5390044,5392677,6445585,6450872,9798805,9805386,11633699,11640282,14157875,14163061,17893879,17896194,21536070,21552756,21965347,21971931,22771788,22774608
X	taggagaaatagtttcacgactttattctttggatctcagcttaagacta	5389900,5392533,6445441,6450728,9798661,9805242,11633555,11640138,14157731,14162917,17893735,17896050,21535926,21552612,21965203,21971787,22771644,22774464
X	taggtagcgttgaaagagggcagtcaaatctgcttaggtcaggctttagg	5390040,5392673,6445581,6450868,9798801,9805382,11633695,11640278,14157871,14163057,17893875,17896190,21536066,21552752,21965343,21971927,22771784,22774604
X	taggtcaggctttaggatgtttacaagaacggctgcgctgccaaagataa	5390074,5392707,6445615,6450902,9798835,9805416,11633729,11640312,14157905,14163091,17893909,17896224,21536100,21552786,21965377,21971961,22771818,22774638
X	tatacataagccgatcgcggagcgtgagaatgctgagcatgcacttagca	22137468,22137468
X	tatgacgagttcaacgaggtatggcactcagtatgtggataaataacttc	11271882
X	tatgagtcgaactaatgtcccgtcagttgactaaggacaacgccaagaaa	5389836,5392469,6445377,6450664,9798597,9805178,11633491,11640074,14157667,14162853,17893671,17895986,21535862,21552548,21965139,21971723,22771580,22774400
X	tatttatgagtcgaactaatgtcccgtcagttgactaaggacaacgccaa	5389832,5392465,6445373,6450660,9798593,9805174,11633487,11640070,14157663,14162849,17893667,17895982,21535858,21552544,21965135,21971719,22771576,22774396
X	tatttcgggagagcctcgctcttgggttcttaagattaggtagcgttgaa	5390004,5392637,6445545,6450832,9798765,9805346,11633659,11640242,14157835,14163021,17893839,17896154,21536030,21552716,21965307,21971891,22771748,22774568
X	tatttgaacaatatttgtatttcgggagagcctcgctcttgggttcttaa	5389987,5392620,6445528,6450815,9798748,9805329,11633642,11640225,14157818,14163004,17893822,17896137,21536013,21552699,21965290,21971874,22771731,22774551
X	tatttgtatttcgggagagcctcgctcttgggttcttaagattaggtagc	5389998,5392631,6445539,6450826,9798759,9805340,11633653,11640236,14157829,14163015,17893833,17896148,21536024,21552710,21965301,21971885,22771742,22774562
X	tcaaatctgcttaggtcaggctttaggatgtttacaagaacggctgcgct	5390063,5392696,6445604,6450891,9798824,9805405,11633718,11640301,14157894,14163080,17893898,17896213,21536089,21552775,21965366,21971950,22771807,22774627
X	tcaacgaggtatggcactcagtatgtggataaataacttcattgctatga	11271892
X	tcaggctttaggatgtttacaagaacggctgcgctgccaaagataaacga	5390078,5392711,6445619,6450906,9798839,9805420,11633733,11640316,14157909,14163095,17893913,17896228,21536104,21552790,21965381,21971965,22771822,22774642
X	tcagtatttgaacaatatttgtatttcgggagagcctcgctcttgggttc	5389983,5392616,6445524,6450811,9798744,9805325,11633638,11640221,14157814,14163000,17893818,17896133,21536009,21552695,21965286,21971870,22771727,22774547
X	tcatagcaatgaagttatttatccacatactgagtgccatacctcgttga	11310120
X	tcgcattttttgtaaggggtaacatcatcaaaatttgcgaaaaattgaaa	10489130
X	tcgctcttgggttcttaagattaggtagcgttgaaagagggcagtcaaat	5390019,5392652,6445560,6450847,9798780,9805361,11633674,11640257,14157850,14163036,17893854,17896169,21536045,21552731,21965322,21971906,22771763,22774583
X	tcgggagagcctcgctcttgggttcttaagattaggtagcgttgaaagag	5390008,5392641,6445549,6450836,9798769,9805350,11633663,11640246,14157839,14163025,17893843,17896158,21536034,21552720,21965311,21971895,22771752,22774572
X	tctaacgcttatacataagccgatcgcggagcgtgagaatgctgagcatg	22137459,22137459
X	tctgcttaggtcaggctttaggatgtttacaagaacggctgcgctgccaa	5390068,5392701,6445609,6450896,9798829,9805410,11633723,11640306,14157899,14163085,17893903,17896218,21536094,21552780,21965371,21971955,22771812,22774632
X	tcttaagattaggtagcgttgaaagagggcagtcaaatctgcttaggtca	5390031,5392664,6445572,6450859,9798792,9805373,11633686,11640269,14157862,14163048,17893866,17896181,21536057,21552743,21965334,21971918,22771775,22774595
X	tcttgggttcttaagattaggtagcgttgaaagagggcagtcaaatctgc	5390023,5392656,6445564,6450851,9798784,9805365,11633678,11640261,14157854,14163040,17893858,17896173,21536049,21552735,21965326,21971910,22771767,22774587
X	tgaaagagggcagtcaaatctgcttaggtcaggctttaggatgtttacaa	5390050,5392683,6445591,6450878,9798811,9805392,11633705,11640288,14157881,14163067,17893885,17896200,21536076,21552762,21965353,21971937,22771794,22774614
X	tgaaatacgatctaacgcttatacataagccgatcgcggagcgtgagaat	22137449,22137449
X	tgaacaatatttgtatttcgggagagcctcgctcttgggttcttaagatt	5389991,5392624,6445532,6450819,9798752,9805333,11633646,11640229,14157822,14163008,17893826,17896141,21536017,21552703,21965294,21971878,22771735,22774555
X	tgaagttatttatccacatactgagtgccatacctcgttgaactcgtcat	11310129
X	tgacgagttcaacgaggtatggcactcagtatgtggataaataacttcat	11271884
X	tgagtcgaactaatgtcccgtcagttgactaaggacaacgccaagaaata	5389838,5392471,6445379,6450666,9798599,9805180,11633493,11640076,14157669,14162855,17893673,17895988,21535864,21552550,21965141,21971725,22771582,22774402
X	tgagtggccgaagacagcaagcagatgaactcgtaagggcgcagaatcac	7846657
X	tgcttaggtcaggctttaggatgtttacaagaacggctgcgctgccaaag	5390070,5392703,6445611,6450898,9798831,9805412,11633725,11640308,14157901,14163087,17893905,17896220,21536096,21552782,21965373,21971957,22771814,22774634
X	tggccgaagacagcaagcagatgaactcgtaagggcgcagaatcacaacg	7846661
X	tgggttcttaagattaggtagcgttgaaagagggcagtcaaatctgctta	5390026,5392659,6445567,6450854,9798787,9805368,11633681,11640264,14157857,14163043,17893861,17896176,21536052,21552738,21965329,21971913,22771770,22774590
X	tgtatttcgggagagcctcgctcttgggttcttaagattaggtagcgttg	5390002,5392635,6445543,6450830,9798763,9805344,11633657,11640240,14157833,14163019,17893837,17896152,21536028,21552714,21965305,21971889,22771746,22774566
X	tgttcatagcaatgaagttatttatccacatactgagtgccatacctcgt	11310117
X	tgtttaggtccgtctacactcgtccggaattcgataaggaaaccggtctg	11272888
X	ttaagattaggtagcgttgaaagagggcagtcaaatctgcttaggtcagg	5390033,5392666,6445574,6450861,9798794,9805375,11633688,11640271,14157864,14163050,17893868,17896183,21536059,21552745,21965336,21971920,22771777,22774597
X	ttaggagaaatagtttcacgactttattctttggatctcagcttaagact	5389899,5392532,6445440,6450727,9798660,9805241,11633554,11640137,14157730,14162916,17893734,17896049,21535925,21552611,21965202,21971786,22771643,22774463
X	ttaggtagcgttgaaagagggcagtcaaatctgcttaggtcaggctttag	5390039,5392672,6445580,6450867,9798800,9805381,11633694,11640277,14157870,14163056,17893874,17896189,21536065,21552751,21965342,21971926,22771783,22774603
X	ttaggtcaggctttaggatgtttacaagaacggctgcgctgccaaagata	5390073,5392706,6445614,6450901,9798834,9805415,11633728,11640311,14157904,14163090,17893908,17896223,21536099,21552785,21965376,21971960,22771817,22774637
X	ttataaagaacttcgccgactattcacggcacataactagattatgtaaa	23444195
X	ttatacataagccgatcgcggagcgtgagaatgctgagcatgcacttagc	22137467,22137467
X	ttatgacgagttcaacgaggtatggcactcagtatgtggataaataactt	11271881
X	ttatgagtcgaactaatgtcccgtcagttgactaaggacaacgccaagaa	5389835,5392468,6445376,6450663,9798596,9805177,11633490,11640073,14157666,14162852,17893670,17895985,21535861,21552547,21965138,21971722,22771579,22774399
X	ttatttatgagtcgaactaatgtcccgtcagttgactaaggacaacgcca	5389831,5392464,6445372,6450659,9798592,9805173,11633486,11640069,14157662,14162848,17893666,17895981,21535857,21552543,21965134,21971718,22771575,22774395
X	ttcaacgaggtatggcactcagtatgtggataaataacttcattgctatg	11271891
X	ttcatagcaatgaagttatttatccacatactgagtgccatacctcgttg	11310119
X	ttcgcattttttgtaaggggtaacatcatcaaaatttgcgaaaaattgaa	10489129
X	ttcgggagagcctcgctcttgggttcttaagattaggtagcgttgaaaga	5390007,5392640,6445548,6450835,9798768,9805349,11633662,11640245,14157838,14163024,17893842,17896157,21536033,21552719,21965310,21971894,22771751,22774571
X	ttcttaagattaggtagcgttgaaagagggcagtcaaatctgcttaggtc	5390030,5392663,6445571,6450858,9798791,9805372,11633685,11640268,14157861,14163047,17893865,17896180,21536056,21552742,21965333,21971917,22771774,22774594
X	ttgaaagagggcagtcaaatctgcttaggtcaggctttaggatgtttaca	5390049,5392682,6445590,6450877,9798810,9805391,11633704,11640287,14157880,14163066,17893884,17896199,21536075,21552761,21965352,21971936,22771793,22774613
X	ttgaacaatatttgtatttcgggagagcctcgctcttgggttcttaagat	5389990,5392623,6445531,6450818,9798751,9805332,11633645,11640228,14157821,14163007,17893825,17896140,21536016,21552702,21965293,21971877,22771734,22774554
X	ttgagtggccgaagacagcaagcagatgaactcgtaagggcgcagaatca	7846656
X	ttgggttcttaagattaggtagcgttgaaagagggcagtcaaatctgctt	5390025,5392658,6445566,6450853,9798786,9805367,11633680,11640263,14157856,14163042,17893860,17896175,21536051,21552737,21965328,21971912,22771769,22774589
X	ttgtatttcgggagagcctcgctcttgggttcttaagattaggtagcgtt	5390001,5392634,6445542,6450829,9798762,9805343,11633656,11640239,14157832,14163018,17893836,17896151,21536027,21552713,21965304,21971888,22771745,22774565
X	ttgttcatagcaatgaagttatttatccacatactgagtgccatacctcg	11310116
X	tttaggagaaatagtttcacgactttattctttggatctcagcttaagac	5389898,5392531,6445439,6450726,9798659,9805240,11633553,11640136,14157729,14162915,17893733,17896048,21535924,21552610,21965201,21971785,22771642,22774462
X	tttaggatgtttacaagaacggctgcgctgccaaagataaacgaatgctg	5390084,5392717,6445625,6450912,9798845,9805426,11633739,11640322,14157915,14163101,21536110,21552796,21965387,21971971,22771828,22774648
X	tttaggtccgtctacactcgtccggaattcgataaggaaaccggtctgct	11272890
X	tttataaagaacttcgccgactattcacggcacataactagattatgtaa	23444194
X	tttatgacgagttcaacgaggtatggcactcagtatgtggataaataact	11271880
X	tttatgagtcgaactaatgtcccgtcagttgactaaggacaacgccaaga	5389834,5392467,6445375,6450662,9798595,9805176,11633489,11640072,14157665,14162851,17893669,17895984,21535860,21552546,21965137,21971721,22771578,22774398
X	tttatttatgagtcgaactaatgtcccgtcagttgactaaggacaacgcc	5389830,5392463,6445371,6450658,9798591,9805172,11633485,11640068,14157661,14162847,17893665,17895980,21535856,21552542,21965133,21971717,22771574,22774394
X	tttcgcattttttgtaaggggtaacatcatcaaaatttgcgaaaaattga	10489128
X	tttcgggagagcctcgctcttgggttcttaagattaggtagcgttgaaag	5390006,5392639,6445547,6450834,9798767,9805348,11633661,11640244,14157837,14163023,17893841,17896156,21536032,21552718,21965309,21971893,22771750,22774570
X	tttgaacaatatttgtatttcgggagagcctcgctcttgggttcttaaga	5389989,5392622,6445530,6450817,9798750,9805331,11633644,11640227,14157820,14163006,17893824,17896139,21536015,21552701,21965292,21971876,22771733,22774553
X	tttgagtggccgaagacagcaagcagatgaactcgtaagggcgcagaatc	7846655
X	tttgcaaattttgatgatgttaccccttaccgaaaatgcgaaaatcgacc	11532326,11780491,11781556
X	tttgtaaggggtaacatcatcaaaatttgcgaaaaattgaaaaatcctag	10489138
X	tttgtatttcgggagagcctcgctcttgggttcttaagattaggtagcgt	5390000,5392633,6445541,6450828,9798761,9805342,11633655,11640238,14157831,14163017,17893835,17896150,21536026,21552712,21965303,21971887,22771744,22774564
X	tttgttcatagcaatgaagttatttatccacatactgagtgccatacctc	11310115
X	ttttcgcattttttgtaaggggtaacatcatcaaaatttgcgaaaaattg	10489127
X	ttttgcaaattttgatgatgttaccccttaccgaaaatgcgaaaatcgac	11532325,11780490,11781555
X	ttttgtaaggggtaacatcatcaaaatttgcgaaaaattgaaaaatccta	10489137
X	tttttgcaaattttgatgatgttaccccttaccgaaaatgcgaaaatcga	11532324,11780489,11781554
X	tttttgtaaggggtaacatcatcaaaatttgcgaaaaattgaaaaatcct	10489136
X	ttttttgcaaattttgatgatgttaccccttaccgaaaatgcgaaaatcg	11532323,11780488,11781553
X	ttttttgtaaggggtaacatcatcaaaatttgcgaaaaattgaaaaatcc	10489135
