X	aaaattaatttttgggtaaattttcgcattttttgtaaggggtaacatca	9374491,12683488
X	aaattaatttttgggtaaattttcgcattttttgtaaggggtaacatcat	9374492,12683489
X	aaatttaattacaaactcatcgaggtataacattccatattcaggcaatt	12797132
X	aaattttgatgatgttaccccttacaaaaaatgcgaaaattgacccaaaa	9203995,9597898,9711051,9772399,10262268,9203995,9597898,9711051,9772399,10262268,9203995,9597898,9711051,9772399,10262268,9203995,9597898,9711051,9772399,10262268,9203995,9597898,9711051,9772399,10262268,9203995,9597898,9711051,9772399,10262268,9203995,9597898,9711051,9772399,10262268
X	aatatggaatgtcatacctcgttgagctcgtaattaaatttccaattaaa	8908968
X	aattaatttttgggtaaattttcgcattttttgtaaggggtaacatcatc	9374493,12683490
X	aattgcctgaatatggaatgttatacctcgatgagtttgtaattaaattt	12832993
X	aatttaattacaaactcatcgaggtataacattccatattcaggcaatta	12797133
X	aattttgatgatgttaccccttacaaaaaatgcgaaaattgacccaaaaa	9203996,9597899,9711052,9772400,10262269,9203996,9597899,9711052,9772400,10262269,9203996,9597899,9711052,9772400,10262269,9203996,9597899,9711052,9772400,10262269,9203996,9597899,9711052,9772400,10262269,9203996,9597899,9711052,9772400,10262269,9203996,9597899,9711052,9772400,10262269
X	aatttttgggtaaattttcgcattttttgtaaggggtaacatcatcaaaa	9374497,9810265,12683494
X	atatggaatgtcatacctcgttgagctcgtaattaaatttccaattaaac	8908969
X	atgatgttaccccttacaaaaaatgcgaaaattgacccaaaaattaattt	9597906,9711059,10262276,9597906,9711059,10262276,9597906,9711059,10262276,9597906,9711059,10262276,9597906,9711059,10262276,9597906,9711059,10262276,9597906,9711059,10262276
X	atggaatgtcatacctcgttgagctcgtaattaaatttccaattaaactg	8908971
X	atgttaccccttacaaaaaatgcgaaaattgacccaaaaattaattttcc	10156566,10262279,10156566,10262279,10156566,10262279,10156566,10262279,10156566,10262279,10156566,10262279,10156566,10262279
X	attaatttttgggtaaattttcgcattttttgtaaggggtaacatcatca	9374494,9810262,12683491
X	attttgatgatgttaccccttacaaaaaatgcgaaaattgacccaaaaat	9203997,9597900,9711053,9772401,10262270,9203997,9597900,9711053,9772401,10262270,9203997,9597900,9711053,9772401,10262270,9203997,9597900,9711053,9772401,10262270,9203997,9597900,9711053,9772401,10262270,9203997,9597900,9711053,9772401,10262270,9203997,9597900,9711053,9772401,10262270
X	atttttgggtaaattttcgcattttttgtaaggggtaacatcatcaaaat	9374498,9810266,12683495
X	attttttcgccattttttgcaaattttgatgatgttaccccttacaaaaa	13056697,13056697,13056697,13056697,13056697,13056697,13056697
X	attttttgcaaattttgatgatgttaccccttacaaaaaatgcgaaaatt	6207171,8577606,8750575,8750935,8752015,8752375,8827639,9005805,9137750,9138112,9138473,9138834,9203986,9204345,9534685,9556939,9597530,9597889,9711042,9772390,9920118,10048820,10120863,10261900,10262259,12093301,12189319,13057068,6207171,8577606,8750575,8750935,8752015,8752375,8827639,9005805,9137750,9138112,9138473,9138834,9203986,9204345,9534685,9556939,9597530,9597889,9711042,9772390,9920118,10048820,10120863,10261900,10262259,12093301,12189319,13057068,6207171,8577606,8750575,8750935,8752015,8752375,8827639,9005805,9137750,9138112,9138473,9138834,9203986,9204345,9534685,9556939,9597530,9597889,9711042,9772390,9920118,10048820,10120863,10261900,10262259,12093301,12189319,13057068,6207171,8577606,8750575,8750935,8752015,8752375,8827639,9005805,9137750,9138112,9138473,9138834,9203986,9204345,9534685,9556939,9597530,9597889,9711042,9772390,9920118,10048820,10120863,10261900,10262259,12093301,12189319,13057068,6207171,8577606,8750575,8750935,8752015,8752375,8827639,9005805,9137750,9138112,9138473,9138834,9203986,9204345,9534685,9556939,9597530,9597889,9711042,9772390,9920118,10048820,10120863,10261900,10262259,12093301,12189319,13057068,6207171,8577606,8750575,8750935,8752015,8752375,8827639,9005805,9137750,9138112,9138473,9138834,9203986,9204345,9534685,9556939,9597530,9597889,9711042,9772390,9920118,10048820,10120863,10261900,10262259,12093301,12189319,13057068,6207171,8577606,8750575,8750935,8752015,8752375,8827639,9005805,9137750,9138112,9138473,9138834,9203986,9204345,9534685,9556939,9597530,9597889,9711042,9772390,9920118,10048820,10120863,10261900,10262259,12093301,12189319,13057068
X	caaattttgatgatgttaccccttacaaaaaatgcgaaaattgacccaaa	9203994,9597897,9711050,9772398,10262267,9203994,9597897,9711050,9772398,10262267,9203994,9597897,9711050,9772398,10262267,9203994,9597897,9711050,9772398,10262267,9203994,9597897,9711050,9772398,10262267,9203994,9597897,9711050,9772398,10262267,9203994,9597897,9711050,9772398,10262267
X	cattttttgcaaattttgatgatgttaccccttacaaaaaatgcgaaaat	9005804,9137749,9138111,9138472,9138833,9203985,9534684,9597888,9711041,9772389,9920117,10048819,10120862,13057067,9005804,9137749,9138111,9138472,9138833,9203985,9534684,9597888,9711041,9772389,9920117,10048819,10120862,13057067,9005804,9137749,9138111,9138472,9138833,9203985,9534684,9597888,9711041,9772389,9920117,10048819,10120862,13057067,9005804,9137749,9138111,9138472,9138833,9203985,9534684,9597888,9711041,9772389,9920117,10048819,10120862,13057067,9005804,9137749,9138111,9138472,9138833,9203985,9534684,9597888,9711041,9772389,9920117,10048819,10120862,13057067,9005804,9137749,9138111,9138472,9138833,9203985,9534684,9597888,9711041,9772389,9920117,10048819,10120862,13057067,9005804,9137749,9138111,9138472,9138833,9203985,9534684,9597888,9711041,9772389,9920117,10048819,10120862,13057067
X	ccattttttgcaaattttgatgatgttaccccttacaaaaaatgcgaaaa	5490209,5502786,9005803,9137748,9138110,9138471,9138832,9597887,9711040,9772388,9920116,10048818,10120861,13057066,5490209,5502786,9005803,9137748,9138110,9138471,9138832,9597887,9711040,9772388,9920116,10048818,10120861,13057066,5490209,5502786,9005803,9137748,9138110,9138471,9138832,9597887,9711040,9772388,9920116,10048818,10120861,13057066,5490209,5502786,9005803,9137748,9138110,9138471,9138832,9597887,9711040,9772388,9920116,10048818,10120861,13057066,5490209,5502786,9005803,9137748,9138110,9138471,9138832,9597887,9711040,9772388,9920116,10048818,10120861,13057066,5490209,5502786,9005803,9137748,9138110,9138471,9138832,9597887,9711040,9772388,9920116,10048818,10120861,13057066,5490209,5502786,9005803,9137748,9138110,9138471,9138832,9597887,9711040,9772388,9920116,10048818,10120861,13057066
X	gaaaattaatttttgggtaaattttcgcattttttgtaaggggtaacatc	9374490,12683487
X	gaatgtcatacctcgttgagctcgtaattaaatttccaattaaactgtgt	8908974
X	gatgatgttaccccttacaaaaaatgcgaaaattgacccaaaaattaatt	9597905,9711058,10262275,9597905,9711058,10262275,9597905,9711058,10262275,9597905,9711058,10262275,9597905,9711058,10262275,9597905,9711058,10262275,9597905,9711058,10262275
X	gatgttaccccttacaaaaaatgcgaaaattgacccaaaaattaattttc	10156565,10262278,10156565,10262278,10156565,10262278,10156565,10262278,10156565,10262278,10156565,10262278,10156565,10262278
X	gcaaattttgatgatgttaccccttacaaaaaatgcgaaaattgacccaa	9203993,9597896,9711049,9772397,10262266,9203993,9597896,9711049,9772397,10262266,9203993,9597896,9711049,9772397,10262266,9203993,9597896,9711049,9772397,10262266,9203993,9597896,9711049,9772397,10262266,9203993,9597896,9711049,9772397,10262266,9203993,9597896,9711049,9772397,10262266
X	gccattttttgcaaattttgatgatgttaccccttacaaaaaatgcgaaa	5490208,5502785,9005802,9137747,9138109,9138470,9138831,9296840,9711039,9920115,10048817,10120860,13057065,5490208,5502785,9005802,9137747,9138109,9138470,9138831,9296840,9711039,9920115,10048817,10120860,13057065,5490208,5502785,9005802,9137747,9138109,9138470,9138831,9296840,9711039,9920115,10048817,10120860,13057065,5490208,5502785,9005802,9137747,9138109,9138470,9138831,9296840,9711039,9920115,10048817,10120860,13057065,5490208,5502785,9005802,9137747,9138109,9138470,9138831,9296840,9711039,9920115,10048817,10120860,13057065,5490208,5502785,9005802,9137747,9138109,9138470,9138831,9296840,9711039,9920115,10048817,10120860,13057065,5490208,5502785,9005802,9137747,9138109,9138470,9138831,9296840,9711039,9920115,10048817,10120860,13057065
X	ggaaaattaatttttgggtaaattttcgcattttttgtaaggggtaacat	9374489,12683486
X	ggaatgtcatacctcgttgagctcgtaattaaatttccaattaaactgtg	8908973
X	taattgcctgaatatggaatgttatacctcgatgagtttgtaattaaatt	12832992
X	taatttttgggtaaattttcgcattttttgtaaggggtaacatcatcaaa	9374496,9810264,12683493
X	tatggaatgtcatacctcgttgagctcgtaattaaatttccaattaaact	8908970
X	tattttttcgccattttttgcaaattttgatgatgttaccccttacaaaa	13056696,13056696,13056696,13056696,13056696,13056696,13056696
X	tgatgatgttaccccttacaaaaaatgcgaaaattgacccaaaaattaat	9597904,9711057,10262274,9597904,9711057,10262274,9597904,9711057,10262274,9597904,9711057,10262274,9597904,9711057,10262274,9597904,9711057,10262274,9597904,9711057,10262274
X	tgatgttaccccttacaaaaaatgcgaaaattgacccaaaaattaatttt	9711060,10262277,9711060,10262277,9711060,10262277,9711060,10262277,9711060,10262277,9711060,10262277,9711060,10262277
X	tgcaaattttgatgatgttaccccttacaaaaaatgcgaaaattgaccca	9203992,9597895,9711048,9772396,10262265,9203992,9597895,9711048,9772396,10262265,9203992,9597895,9711048,9772396,10262265,9203992,9597895,9711048,9772396,10262265,9203992,9597895,9711048,9772396,10262265,9203992,9597895,9711048,9772396,10262265,9203992,9597895,9711048,9772396,10262265
X	tggaatgtcatacctcgttgagctcgtaattaaatttccaattaaactgt	8908972
X	ttaatttttgggtaaattttcgcattttttgtaaggggtaacatcatcaa	9374495,9810263,12683492
X	ttgatgatgttaccccttacaaaaaatgcgaaaattgacccaaaaattaa	9597903,9711056,10262273,9597903,9711056,10262273,9597903,9711056,10262273,9597903,9711056,10262273,9597903,9711056,10262273,9597903,9711056,10262273,9597903,9711056,10262273
X	ttgcaaattttgatgatgttaccccttacaaaaaatgcgaaaattgaccc	9203991,9597894,9711047,9772395,10262264,9203991,9597894,9711047,9772395,10262264,9203991,9597894,9711047,9772395,10262264,9203991,9597894,9711047,9772395,10262264,9203991,9597894,9711047,9772395,10262264,9203991,9597894,9711047,9772395,10262264,9203991,9597894,9711047,9772395,10262264
X	tttgatgatgttaccccttacaaaaaatgcgaaaattgacccaaaaatta	9597902,9711055,10262272,9597902,9711055,10262272,9597902,9711055,10262272,9597902,9711055,10262272,9597902,9711055,10262272,9597902,9711055,10262272,9597902,9711055,10262272
X	tttgcaaattttgatgatgttaccccttacaaaaaatgcgaaaattgacc	9203990,9597534,9597893,9711046,9772394,10262263,9203990,9597534,9597893,9711046,9772394,10262263,9203990,9597534,9597893,9711046,9772394,10262263,9203990,9597534,9597893,9711046,9772394,10262263,9203990,9597534,9597893,9711046,9772394,10262263,9203990,9597534,9597893,9711046,9772394,10262263,9203990,9597534,9597893,9711046,9772394,10262263
X	ttttcgccattttttgcaaattttgatgatgttaccccttacaaaaaatg	15597845,15597845,15597845,15597845,15597845,15597845,15597845
X	ttttgatgatgttaccccttacaaaaaatgcgaaaattgacccaaaaatt	9203998,9597901,9711054,10262271,9203998,9597901,9711054,10262271,9203998,9597901,9711054,10262271,9203998,9597901,9711054,10262271,9203998,9597901,9711054,10262271,9203998,9597901,9711054,10262271,9203998,9597901,9711054,10262271
X	ttttgcaaattttgatgatgttaccccttacaaaaaatgcgaaaattgac	9203989,9556942,9597533,9597892,9711045,9772393,10262262,13057071,9203989,9556942,9597533,9597892,9711045,9772393,10262262,13057071,9203989,9556942,9597533,9597892,9711045,9772393,10262262,13057071,9203989,9556942,9597533,9597892,9711045,9772393,10262262,13057071,9203989,9556942,9597533,9597892,9711045,9772393,10262262,13057071,9203989,9556942,9597533,9597892,9711045,9772393,10262262,13057071,9203989,9556942,9597533,9597892,9711045,9772393,10262262,13057071
X	ttttgggtaaattttcgcattttttgtaaggggtaacatcatcaaaattt	9374500,9810268,12683497
X	tttttcgccattttttgcaaattttgatgatgttaccccttacaaaaaat	13056699,15597844,13056699,15597844,13056699,15597844,13056699,15597844,13056699,15597844,13056699,15597844,13056699,15597844
X	tttttgcaaattttgatgatgttaccccttacaaaaaatgcgaaaattga	9203988,9556941,9597532,9597891,9711044,9772392,10262261,13057070,9203988,9556941,9597532,9597891,9711044,9772392,10262261,13057070,9203988,9556941,9597532,9597891,9711044,9772392,10262261,13057070,9203988,9556941,9597532,9597891,9711044,9772392,10262261,13057070,9203988,9556941,9597532,9597891,9711044,9772392,10262261,13057070,9203988,9556941,9597532,9597891,9711044,9772392,10262261,13057070,9203988,9556941,9597532,9597891,9711044,9772392,10262261,13057070
X	tttttgggtaaattttcgcattttttgtaaggggtaacatcatcaaaatt	9374499,9810267,12683496
X	ttttttcgccattttttgcaaattttgatgatgttaccccttacaaaaaa	13056698,13056698,13056698,13056698,13056698,13056698,13056698
X	ttttttgcaaattttgatgatgttaccccttacaaaaaatgcgaaaattg	6207172,9203987,9556940,9597531,9597890,9711043,9772391,10262260,13057069,6207172,9203987,9556940,9597531,9597890,9711043,9772391,10262260,13057069,6207172,9203987,9556940,9597531,9597890,9711043,9772391,10262260,13057069,6207172,9203987,9556940,9597531,9597890,9711043,9772391,10262260,13057069,6207172,9203987,9556940,9597531,9597890,9711043,9772391,10262260,13057069,6207172,9203987,9556940,9597531,9597890,9711043,9772391,10262260,13057069,6207172,9203987,9556940,9597531,9597890,9711043,9772391,10262260,13057069
