X	aaaattctaatttttcgccattttttgcaaattttgatgatgttacccct	13241997
X	aaactgagtatagggttgggccaagaacgcttccttgaggaactccagct	4732895,5339796,7481857
X	aaattctaatttttcgccattttttgcaaattttgatgatgttacccctt	13241998
X	aaattttaatgatgttaccccttacaaaaaatgcgaaaatttggccaaaa	13474546
X	aaattttgatgatgttaccccttacaaaaaatgcgaaaatttggccaaaa	8750584,8750944,8751304,8751664,8752024,8752384,8827648,9137759,9138121,9138482,9138843,9534694,10439239,13195034,8750584,8750944,8751304,8751664,8752024,8752384,8827648,9137759,9138121,9138482,9138843,9534694,10439239,13195034,8750584,8750944,8751304,8751664,8752024,8752384,8827648,9137759,9138121,9138482,9138843,9534694,10439239,13195034,8750584,8750944,8751304,8751664,8752024,8752384,8827648,9137759,9138121,9138482,9138843,9534694,10439239,13195034
X	aacgtcacattggcacacttctcagcgttgatgcgcacattccagttctc	4732681,7481643
X	aactgagtatagggttgggccaagaacgcttccttgaggaactccagctg	4732896,5339797,7481858
X	aagacatccgagcaaccttggtcctgaacgcttgctgaatatttgtgatg	4732514,21086836
X	aagcctgatggtgtctgatcagtctcccattcagactgacacccggacag	5339514,7481575,21086935
X	aaggtatttataagcctgatggtgtctgatcagtctcccattcagactga	5339503,7481564,21086924
X	aaggtgagcttcctatcgagggtaataccaaggtatttataagcctgatg	4732573,5339474,7481535,21086895
X	aataccaaggtatttataagcctgatggtgtctgatcagtctcccattca	4732596,5339497,7481558,21086918
X	aatgagccaagacatccgagcaaccttggtcctgaacgcttgctgaatat	4732506,21086828
X	aattctaatttttcgccattttttgcaaattttgatgatgttacccctta	13241999
X	aattctaggatttttcaattttttgcaaattttgatgatgttacccctta	8577589,8750558,8750918,8751998,12093284,12189302,8577589,8750558,8750918,8751998,12093284,12189302,8577589,8750558,8750918,8751998,12093284,12189302
X	aatttgggcaccttgaggtcgcgttcgatgtctcttgttctcatatacca	4732288,5339189,7481250,19472584,21086610
X	aattttaatgatgttaccccttacaaaaaatgcgaaaatttggccaaaaa	13474547
X	aattttgatgatgttaccccttacaaaaaatgcgaaaatttggccaaaaa	8750585,8750945,8751305,8751665,8752025,8752385,8827649,9137760,9138122,9138483,9138844,9534695,10439240,13195035,8750585,8750945,8751305,8751665,8752025,8752385,8827649,9137760,9138122,9138483,9138844,9534695,10439240,13195035,8750585,8750945,8751305,8751665,8752025,8752385,8827649,9137760,9138122,9138483,9138844,9534695,10439240,13195035,8750585,8750945,8751305,8751665,8752025,8752385,8827649,9137760,9138122,9138483,9138844,9534695,10439240,13195035
X	aatttttcgcaaattttaatgatgttaccccttacaaaaaatgcgaaaat	13474536
X	aatttttcgccattttttgcaaattttgatgatgttaccccttacaaaaa	15597842
X	aattttttgcaaattttgatgatgttaccccttacaaaaaatgcgaaaat	8577605,8750574,8750934,8752014,8752374,8827638,9204344,9556938,10261899,10262258,12093300,12189318,8577605,8750574,8750934,8752014,8752374,8827638,9204344,9556938,10261899,10262258,12093300,12189318,8577605,8750574,8750934,8752014,8752374,8827638,9204344,9556938,10261899,10262258,12093300,12189318
X	acacccggacagctacctgttcggttggcgaacgtcacattggcacactt	5339552,7481613,21086973
X	acacttctcagcgttgatgcgcacattccagttctcagcccattgctgga	4732695,7481657
X	acagctacctgttcggttggcgaacgtcacattggcacacttctcagcgt	4732659,7481621
X	acatccgagcaaccttggtcctgaacgcttgctgaatatttgtgatgtgc	4732517,21086839
X	acattccagttctcagcccattgctggaatgcatccaggtattcctgtag	4732717,5339618,7481679,21087039
X	acattggcacacttctcagcgttgatgcgcacattccagttctcagccca	4732687,7481649
X	accaaggtatttataagcctgatggtgtctgatcagtctcccattcagac	5339500,7481561,21086921
X	acccggacagctacctgttcggttggcgaacgtcacattggcacacttct	5339554,7481615,21086975
X	acctgttcggttggcgaacgtcacattggcacacttctcagcgttgatgc	4732665,7481627
X	acgtcacattggcacacttctcagcgttgatgcgcacattccagttctca	4732682,7481644
X	actctagtccgagggtcagcattgaccacagctgcagttcctagcttcct	4792735,5339069,7481130,21086490
X	actgacacccggacagctacctgttcggttggcgaacgtcacattggcac	5339548,7481609,21086969
X	acttctcagcgttgatgcgcacattccagttctcagcccattgctggaat	4732697,7481659
X	agacatccgagcaaccttggtcctgaacgcttgctgaatatttgtgatgt	4732515,21086837
X	agactgacacccggacagctacctgttcggttggcgaacgtcacattggc	5339546,7481607,21086967
X	agccaagacatccgagcaaccttggtcctgaacgcttgctgaatatttgt	4732510,21086832
X	agcccattgctggaatgcatccaggtattcctgtagaccagaagtggcag	4732731,5339632,7481693,21087053
X	agcctgatggtgtctgatcagtctcccattcagactgacacccggacagc	5339515,7481576,21086936
X	agcgttgatgcgcacattccagttctcagcccattgctggaatgcatcca	4732704,7481666
X	agctacctgttcggttggcgaacgtcacattggcacacttctcagcgttg	4732661,7481623
X	agcttcctatcgagggtaataccaaggtatttataagcctgatggtgtct	4732579,5339480,7481541,21086901
X	agcttgtctcctaatttgggcaccttgaggtcgcgttcgatgtctcttgt	4732276,5339177,7481238,19472572,21086598
X	aggatttttcaattttttgcaaattttgatgatgttaccccttacaaaaa	8577595,8750564,8750924,8752004,8752364,8827628,12093290,12189308,8577595,8750564,8750924,8752004,8752364,8827628,12093290,12189308,8577595,8750564,8750924,8752004,8752364,8827628,12093290,12189308
X	agggtaataccaaggtatttataagcctgatggtgtctgatcagtctccc	4732591,5339492,7481553,21086913
X	agggtcagcattgaccacagctgcagttcctagcttccttgctaggctgt	4792746,5339080,7481141,19472475,21086501
X	aggtatttataagcctgatggtgtctgatcagtctcccattcagactgac	5339504,7481565,21086925
X	aggtgagcttcctatcgagggtaataccaaggtatttataagcctgatgg	4732574,5339475,7481536,21086896
X	agtccgagggtcagcattgaccacagctgcagttcctagcttccttgcta	4792740,5339074,7481135,19472469,21086495
X	agtctcccattcagactgacacccggacagctacctgttcggttggcgaa	5339534,7481595,21086955
X	agttctcagcccattgctggaatgcatccaggtattcctgtagaccagaa	4732724,5339625,7481686,21087046
X	ataagcctgatggtgtctgatcagtctcccattcagactgacacccggac	5339512,7481573,21086933
X	ataccaaggtatttataagcctgatggtgtctgatcagtctcccattcag	4732597,5339498,7481559,21086919
X	atcaacgcactgttacccatgcggcaacttaatttgatctgcttaaatta	1523203,4700501,4731919,4792486,5338820,7480881,7784331,17431459,19472215,21086241,1523203,4700501,4731919,4792486,5338820,7480881,7784331,17431459,19472215,21086241
X	atcagtctcccattcagactgacacccggacagctacctgttcggttggc	5339531,7481592,21086952
X	atccgagcaaccttggtcctgaacgcttgctgaatatttgtgatgtgcct	4732519,21086841
X	atcgagggtaataccaaggtatttataagcctgatggtgtctgatcagtc	4732587,5339488,7481549,21086909
X	atgagccaagacatccgagcaaccttggtcctgaacgcttgctgaatatt	4732507,21086829
X	atgatgttaccccttacaaaaaatgcgaaaatttggccaaaaaattattt	13195042,13195042
X	atgcgcacattccagttctcagcccattgctggaatgcatccaggtattc	4732711,5339612,7481673,21087033
X	atggtgtctgatcagtctcccattcagactgacacccggacagctacctg	5339521,7481582,21086942
X	atgttctggagcttgtctcctaatttgggcaccttgaggtcgcgttcgat	4732267,5339168,7481229,19472563,21086589
X	attcagactgacacccggacagctacctgttcggttggcgaacgtcacat	5339542,7481603,21086963
X	attccagttctcagcccattgctggaatgcatccaggtattcctgtagac	4732719,5339620,7481681,21087041
X	attctaggatttttcaattttttgcaaattttgatgatgttaccccttac	8577590,8750559,8750919,8751999,12093285,12189303,8577590,8750559,8750919,8751999,12093285,12189303,8577590,8750559,8750919,8751999,12093285,12189303
X	attgctggaatgcatccaggtattcctgtagaccagaagtggcagccagg	4732736,5339637,7481698,21087058
X	attggcacacttctcagcgttgatgcgcacattccagttctcagcccatt	4732689,7481651
X	atttataagcctgatggtgtctgatcagtctcccattcagactgacaccc	5339508,7481569,21086929
X	atttgatcaacgcactgttacccatgcggcaacttaatttgatctgctta	1523198,4700496,4731914,4792481,5338815,7480876,7784326,17431454,19472210,21086236,1523198,4700496,4731914,4792481,5338815,7480876,7784326,17431454,19472210,21086236
X	atttgggcaccttgaggtcgcgttcgatgtctcttgttctcatataccaa	4732289,5339190,7481251,19472585,21086611
X	attttaatgatgttaccccttacaaaaaatgcgaaaatttggccaaaaat	13474548
X	attttgatgatgttaccccttacaaaaaatgcgaaaatttggccaaaaaa	13195036,13195036
X	attttgatgatgttaccccttacaaaaaatgcgaaaatttggccaaaaat	8750586,8750946,8751306,8751666,8752026,8752386,8827650,9137761,9138123,9138484,9138845,9534696,10439241,8750586,8750946,8751306,8751666,8752026,8752386,8827650,9137761,9138123,9138484,9138845,9534696,10439241
X	atttttcaattttttgcaaattttgatgatgttaccccttacaaaaaatg	8577598,8750567,8750927,8752007,8752367,8827631,12093293,12189311,8577598,8750567,8750927,8752007,8752367,8827631,12093293,12189311,8577598,8750567,8750927,8752007,8752367,8827631,12093293,12189311
X	atttttcgcaaattttaatgatgttaccccttacaaaaaatgcgaaaatt	13474537
X	atttttcgccattttttgcaaattttgatgatgttaccccttacaaaaaa	15597843
X	attttttgcaaattttgatgatgttaccccttacaaaaaatgcgaaaatt	6207171,8577606,8750575,8750935,8752015,8752375,8827639,9005805,9137750,9138112,9138473,9138834,9203986,9204345,9534685,9556939,9597530,9597889,9711042,9772390,9920118,10048820,10120863,10261900,10262259,12093301,12189319,13057068,6207171,8577606,8750575,8750935,8752015,8752375,8827639,9005805,9137750,9138112,9138473,9138834,9203986,9204345,9534685,9556939,9597530,9597889,9711042,9772390,9920118,10048820,10120863,10261900,10262259,12093301,12189319,13057068,6207171,8577606,8750575,8750935,8752015,8752375,8827639,9005805,9137750,9138112,9138473,9138834,9203986,9204345,9534685,9556939,9597530,9597889,9711042,9772390,9920118,10048820,10120863,10261900,10262259,12093301,12189319,13057068,6207171,8577606,8750575,8750935,8752015,8752375,8827639,9005805,9137750,9138112,9138473,9138834,9203986,9204345,9534685,9556939,9597530,9597889,9711042,9772390,9920118,10048820,10120863,10261900,10262259,12093301,12189319,13057068
X	caaattttaatgatgttaccccttacaaaaaatgcgaaaatttggccaaa	13474545
X	caaattttgatgatgttaccccttacaaaaaatgcgaaaatttggccaaa	8750583,8750943,8752023,8752383,8827647,9137758,9138120,9138481,9138842,9534693,10439238,13195033,8750583,8750943,8752023,8752383,8827647,9137758,9138120,9138481,9138842,9534693,10439238,13195033,8750583,8750943,8752023,8752383,8827647,9137758,9138120,9138481,9138842,9534693,10439238,13195033,8750583,8750943,8752023,8752383,8827647,9137758,9138120,9138481,9138842,9534693,10439238,13195033
X	caagacatccgagcaaccttggtcctgaacgcttgctgaatatttgtgat	4732513,21086835
X	caaggtatttataagcctgatggtgtctgatcagtctcccattcagactg	5339502,7481563,21086923
X	caatgagccaagacatccgagcaaccttggtcctgaacgcttgctgaata	4732505,5339406,21086827
X	caatttttcgcaaattttaatgatgttaccccttacaaaaaatgcgaaaa	13474535
X	caattttttgcaaattttgatgatgttaccccttacaaaaaatgcgaaaa	5490935,8577604,8750573,8750933,8752013,8752373,8827637,9204343,10261898,10262257,12093299,12189317,5490935,8577604,8750573,8750933,8752013,8752373,8827637,9204343,10261898,10262257,12093299,12189317,5490935,8577604,8750573,8750933,8752013,8752373,8827637,9204343,10261898,10262257,12093299,12189317
X	cacacttctcagcgttgatgcgcacattccagttctcagcccattgctgg	4732694,7481656
X	cacattccagttctcagcccattgctggaatgcatccaggtattcctgta	4732716,5339617,7481678,21087038
X	cacattggcacacttctcagcgttgatgcgcacattccagttctcagccc	4732686,7481648
X	cacccggacagctacctgttcggttggcgaacgtcacattggcacacttc	5339553,7481614,21086974
X	caccttgaggtcgcgttcgatgtctcttgttctcatataccaaggagccc	4732296,5339197,7481258,19472592,21086618
X	cacttctcagcgttgatgcgcacattccagttctcagcccattgctggaa	4732696,7481658
X	cagactgacacccggacagctacctgttcggttggcgaacgtcacattgg	5339545,7481606,21086966
X	cagcccattgctggaatgcatccaggtattcctgtagaccagaagtggca	4732730,5339631,7481692,21087052
X	cagcgttgatgcgcacattccagttctcagcccattgctggaatgcatcc	4732703,7481665
X	cagctacctgttcggttggcgaacgtcacattggcacacttctcagcgtt	4732660,7481622
X	cagtctcccattcagactgacacccggacagctacctgttcggttggcga	5339533,7481594,21086954
X	cagttctcagcccattgctggaatgcatccaggtattcctgtagaccaga	4732723,5339624,7481685,21087045
X	catccgagcaaccttggtcctgaacgcttgctgaatatttgtgatgtgcc	4732518,21086840
X	cattcagactgacacccggacagctacctgttcggttggcgaacgtcaca	5339541,7481602,21086962
X	cattccagttctcagcccattgctggaatgcatccaggtattcctgtaga	4732718,5339619,7481680,21087040
X	cattgctggaatgcatccaggtattcctgtagaccagaagtggcagccag	4732735,5339636,7481697,21087057
X	cattggcacacttctcagcgttgatgcgcacattccagttctcagcccat	4732688,7481650
X	cattttttgcaaattttgatgatgttaccccttacaaaaaatgcgaaaat	9005804,9137749,9138111,9138472,9138833,9203985,9534684,9597888,9711041,9772389,9920117,10048819,10120862,13057067
X	ccaagacatccgagcaaccttggtcctgaacgcttgctgaatatttgtga	4732512,21086834
X	ccaaggtatttataagcctgatggtgtctgatcagtctcccattcagact	5339501,7481562,21086922
X	ccagttctcagcccattgctggaatgcatccaggtattcctgtagaccag	4732722,5339623,7481684,21087044
X	ccattcagactgacacccggacagctacctgttcggttggcgaacgtcac	5339540,7481601,21086961
X	ccattgctggaatgcatccaggtattcctgtagaccagaagtggcagcca	4732734,5339635,7481696,21087056
X	ccattttttgcaaattttgatgatgttaccccttacaaaaaatgcgaaaa	5490209,5502786,9005803,9137748,9138110,9138471,9138832,9597887,9711040,9772388,9920116,10048818,10120861,13057066
X	cccattcagactgacacccggacagctacctgttcggttggcgaacgtca	5339539,7481600,21086960
X	cccattgctggaatgcatccaggtattcctgtagaccagaagtggcagcc	4732733,5339634,7481695,21087055
X	cccggacagctacctgttcggttggcgaacgtcacattggcacacttctc	5339555,7481616,21086976
X	ccgagcaaccttggtcctgaacgcttgctgaatatttgtgatgtgcctgc	4732521,21086843
X	ccgagggtcagcattgaccacagctgcagttcctagcttccttgctaggc	4792743,5339077,7481138,19472472,21086498
X	ccggacagctacctgttcggttggcgaacgtcacattggcacacttctca	7481617
X	cctaatttgggcaccttgaggtcgcgttcgatgtctcttgttctcatata	4732285,5339186,7481247,19472581,21086607
X	cctatcgagggtaataccaaggtatttataagcctgatggtgtctgatca	4732584,5339485,7481546,21086906
X	cctgatggtgtctgatcagtctcccattcagactgacacccggacagcta	5339517,7481578,21086938
X	cctgttcggttggcgaacgtcacattggcacacttctcagcgttgatgcg	4732666,7481628
X	cgaacgtcacattggcacacttctcagcgttgatgcgcacattccagttc	4732679,7481641
X	cgagcaaccttggtcctgaacgcttgctgaatatttgtgatgtgcctgct	4732522,7481484,21086844
X	cgagggtaataccaaggtatttataagcctgatggtgtctgatcagtctc	4732589,5339490,7481551,21086911
X	cgagggtcagcattgaccacagctgcagttcctagcttccttgctaggct	4792744,5339078,7481139,19472473,21086499
X	cgcaaattttaatgatgttaccccttacaaaaaatgcgaaaatttggcca	13474543
X	cgcacattccagttctcagcccattgctggaatgcatccaggtattcctg	4732714,5339615,7481676,21087036
X	cggacagctacctgttcggttggcgaacgtcacattggcacacttctcag	7481618
X	cggttggcgaacgtcacattggcacacttctcagcgttgatgcgcacatt	4732672,7481634
X	cgtcacattggcacacttctcagcgttgatgcgcacattccagttctcag	4732683,7481645
X	cgttgatgcgcacattccagttctcagcccattgctggaatgcatccagg	4732706,5339607,7481668,21087028
X	ctaatttgggcaccttgaggtcgcgttcgatgtctcttgttctcatatac	4732286,5339187,7481248,19472582,21086608
X	ctacctgttcggttggcgaacgtcacattggcacacttctcagcgttgat	4732663,7481625
X	ctaggatttttcaattttttgcaaattttgatgatgttaccccttacaaa	8577593,8750562,8750922,8752002,8752362,8827626,12093288,12189306,8577593,8750562,8750922,8752002,8752362,8827626,12093288,12189306,8577593,8750562,8750922,8752002,8752362,8827626,12093288,12189306
X	ctagtccgagggtcagcattgaccacagctgcagttcctagcttccttgc	4792738,5339072,7481133,19472467,21086493
X	ctatcgagggtaataccaaggtatttataagcctgatggtgtctgatcag	4732585,5339486,7481547,21086907
X	ctcagcccattgctggaatgcatccaggtattcctgtagaccagaagtgg	4732728,5339629,7481690,21087050
X	ctcagcgttgatgcgcacattccagttctcagcccattgctggaatgcat	4732701,7481663
X	ctcccattcagactgacacccggacagctacctgttcggttggcgaacgt	5339537,7481598,21086958
X	ctcctaatttgggcaccttgaggtcgcgttcgatgtctcttgttctcata	4732283,5339184,7481245,19472579,21086605
X	ctctagtccgagggtcagcattgaccacagctgcagttcctagcttcctt	4792736,5339070,7481131,19472465,21086491
X	ctgaaggtgagcttcctatcgagggtaataccaaggtatttataagcctg	4732570,5339471,7481532,21086892
X	ctgacacccggacagctacctgttcggttggcgaacgtcacattggcaca	5339549,7481610,21086970
X	ctgatcagtctcccattcagactgacacccggacagctacctgttcggtt	5339528,7481589,21086949
X	ctgatggtgtctgatcagtctcccattcagactgacacccggacagctac	5339518,7481579,21086939
X	ctggaatgcatccaggtattcctgtagaccagaagtggcagccaggatac	4732740,5339641,7481702,21087062
X	ctggagcttgtctcctaatttgggcaccttgaggtcgcgttcgatgtctc	4732272,5339173,7481234,19472568,21086594
X	ctgttcggttggcgaacgtcacattggcacacttctcagcgttgatgcgc	4732667,7481629
X	cttcctatcgagggtaataccaaggtatttataagcctgatggtgtctga	4732581,5339482,7481543,21086903
X	cttctcagcgttgatgcgcacattccagttctcagcccattgctggaatg	4732698,7481660
X	cttgtctcctaatttgggcaccttgaggtcgcgttcgatgtctcttgttc	4732278,5339179,7481240,19472574,21086600
X	gaaaattctaatttttcgccattttttgcaaattttgatgatgttacccc	13241996
X	gaacgtcacattggcacacttctcagcgttgatgcgcacattccagttct	4732680,7481642
X	gaaggtgagcttcctatcgagggtaataccaaggtatttataagcctgat	4732572,5339473,7481534,21086894
X	gaatgcatccaggtattcctgtagaccagaagtggcagccaggatacttt	4732743,5339644,7481705,21087065
X	gaattctaggatttttcaattttttgcaaattttgatgatgttacccctt	8577588,8750557,8750917,8751997,12093283,12189301,8577588,8750557,8750917,8751997,12093283,12189301,8577588,8750557,8750917,8751997,12093283,12189301
X	gacacccggacagctacctgttcggttggcgaacgtcacattggcacact	5339551,7481612,21086972
X	gacagctacctgttcggttggcgaacgtcacattggcacacttctcagcg	4732658,7481620
X	gacatccgagcaaccttggtcctgaacgcttgctgaatatttgtgatgtg	4732516,21086838
X	gactctagtccgagggtcagcattgaccacagctgcagttcctagcttcc	4792734,5339068,7481129,21086489
X	gactgacacccggacagctacctgttcggttggcgaacgtcacattggca	5339547,7481608,21086968
X	gagccaagacatccgagcaaccttggtcctgaacgcttgctgaatatttg	4732509,21086831
X	gagcttcctatcgagggtaataccaaggtatttataagcctgatggtgtc	4732578,5339479,7481540,21086900
X	gagcttgtctcctaatttgggcaccttgaggtcgcgttcgatgtctcttg	4732275,5339176,7481237,19472571,21086597
X	gagggtaataccaaggtatttataagcctgatggtgtctgatcagtctcc	4732590,5339491,7481552,21086912
X	gagggtcagcattgaccacagctgcagttcctagcttccttgctaggctg	4792745,5339079,7481140,19472474,21086500
X	gatcaacgcactgttacccatgcggcaacttaatttgatctgcttaaatt	1523202,4700500,4731918,4792485,5338819,7480880,7784330,17431458,19472214,21086240,1523202,4700500,4731918,4792485,5338819,7480880,7784330,17431458,19472214,21086240
X	gatcagtctcccattcagactgacacccggacagctacctgttcggttgg	5339530,7481591,21086951
X	gatgatgttaccccttacaaaaaatgcgaaaatttggccaaaaaattatt	13195041,13195041
X	gatgcgcacattccagttctcagcccattgctggaatgcatccaggtatt	4732710,5339611,7481672,21087032
X	gatggtgtctgatcagtctcccattcagactgacacccggacagctacct	5339520,7481581,21086941
X	gatttttcaattttttgcaaattttgatgatgttaccccttacaaaaaat	8577597,8750566,8750926,8752006,8752366,8827630,12093292,12189310,8577597,8750566,8750926,8752006,8752366,8827630,12093292,12189310,8577597,8750566,8750926,8752006,8752366,8827630,12093292,12189310
X	gcaaattttaatgatgttaccccttacaaaaaatgcgaaaatttggccaa	13474544
X	gcaaattttgatgatgttaccccttacaaaaaatgcgaaaatttggccaa	8750582,8750942,8752022,8752382,8827646,9137757,9138119,9138480,9138841,9534692,10439237,13113939,13195032,8750582,8750942,8752022,8752382,8827646,9137757,9138119,9138480,9138841,9534692,10439237,13113939,13195032,8750582,8750942,8752022,8752382,8827646,9137757,9138119,9138480,9138841,9534692,10439237,13113939,13195032,8750582,8750942,8752022,8752382,8827646,9137757,9138119,9138480,9138841,9534692,10439237,13113939,13195032
X	gcaatgagccaagacatccgagcaaccttggtcctgaacgcttgctgaat	4732504,5339405,21086826
X	gcacacttctcagcgttgatgcgcacattccagttctcagcccattgctg	4732693,7481655
X	gcacattccagttctcagcccattgctggaatgcatccaggtattcctgt	4732715,5339616,7481677,21087037
X	gcaccttgaggtcgcgttcgatgtctcttgttctcatataccaaggagcc	4732295,5339196,7481257,19472591,21086617
X	gccaagacatccgagcaaccttggtcctgaacgcttgctgaatatttgtg	4732511,21086833
X	gccaatatggacttgtaaatattgaccttgcagccaagcgacagtttgtt	4732447,5339348,7481409,21086769
X	gccattttttgcaaattttgatgatgttaccccttacaaaaaatgcgaaa	5490208,5502785,9005802,9137747,9138109,9138470,9138831,9296840,9711039,9920115,10048817,10120860,13057065
X	gcccattgctggaatgcatccaggtattcctgtagaccagaagtggcagc	4732732,5339633,7481694,21087054
X	gcctgatggtgtctgatcagtctcccattcagactgacacccggacagct	5339516,7481577,21086937
X	gcgaacgtcacattggcacacttctcagcgttgatgcgcacattccagtt	4732678,7481640
X	gcgcacattccagttctcagcccattgctggaatgcatccaggtattcct	4732713,5339614,7481675,21087035
X	gcgttgatgcgcacattccagttctcagcccattgctggaatgcatccag	4732705,5339606,7481667,21087027
X	gctacctgttcggttggcgaacgtcacattggcacacttctcagcgttga	4732662,7481624
X	gctgaaggtgagcttcctatcgagggtaataccaaggtatttataagcct	4732569,5339470,7481531,21086891
X	gctggaatgcatccaggtattcctgtagaccagaagtggcagccaggata	4732739,5339640,7481701,21087061
X	gcttcctatcgagggtaataccaaggtatttataagcctgatggtgtctg	4732580,5339481,7481542,21086902
X	gcttgtctcctaatttgggcaccttgaggtcgcgttcgatgtctcttgtt	4732277,5339178,7481239,19472573,21086599
X	ggaatgcatccaggtattcctgtagaccagaagtggcagccaggatactt	4732742,5339643,7481704,21087064
X	ggaattctaggatttttcaattttttgcaaattttgatgatgttacccct	8577587,8750556,8750916,8751996,12093282,12189300,8577587,8750556,8750916,8751996,12093282,12189300,8577587,8750556,8750916,8751996,12093282,12189300
X	ggacagctacctgttcggttggcgaacgtcacattggcacacttctcagc	4732657,7481619
X	ggagcttgtctcctaatttgggcaccttgaggtcgcgttcgatgtctctt	4732274,5339175,7481236,19472570,21086596
X	ggatttttcaattttttgcaaattttgatgatgttaccccttacaaaaaa	8577596,8750565,8750925,8752005,8752365,8827629,12093291,12189309,8577596,8750565,8750925,8752005,8752365,8827629,12093291,12189309,8577596,8750565,8750925,8752005,8752365,8827629,12093291,12189309
X	ggcacacttctcagcgttgatgcgcacattccagttctcagcccattgct	4732692,7481654
X	ggcaccttgaggtcgcgttcgatgtctcttgttctcatataccaaggagc	4732294,5339195,7481256,19472590,21086616
X	ggccaatatggacttgtaaatattgaccttgcagccaagcgacagtttgt	4732446,5339347,7481408,21086768
X	ggcgaacgtcacattggcacacttctcagcgttgatgcgcacattccagt	4732677,7481639
X	gggaattctaggatttttcaattttttgcaaattttgatgatgttacccc	8577586,8750555,8750915,8751995,12093281,12189299,8577586,8750555,8750915,8751995,12093281,12189299,8577586,8750555,8750915,8751995,12093281,12189299
X	gggcaccttgaggtcgcgttcgatgtctcttgttctcatataccaaggag	4732293,5339194,7481255,19472589,21086615
X	gggccaatatggacttgtaaatattgaccttgcagccaagcgacagtttg	4732445,5339346,7481407,21086767
X	gggtaataccaaggtatttataagcctgatggtgtctgatcagtctccca	4732592,5339493,7481554,21086914
X	gggtcagcattgaccacagctgcagttcctagcttccttgctaggctgtt	4792747,5339081,7481142,19472476,21086502
X	ggtaataccaaggtatttataagcctgatggtgtctgatcagtctcccat	4732593,5339494,7481555,21086915
X	ggtatttataagcctgatggtgtctgatcagtctcccattcagactgaca	5339505,7481566,21086926
X	ggtcagcattgaccacagctgcagttcctagcttccttgctaggctgttg	4792748,5339082,7481143,19472477,21086503
X	ggtgagcttcctatcgagggtaataccaaggtatttataagcctgatggt	4732575,5339476,7481537,21086897
X	ggtgcaatgagccaagacatccgagcaaccttggtcctgaacgcttgctg	4732501,5339402,21086823
X	ggtgtctgatcagtctcccattcagactgacacccggacagctacctgtt	5339523,7481584,21086944
X	ggttggcgaacgtcacattggcacacttctcagcgttgatgcgcacattc	4732673,7481635
X	gtaataccaaggtatttataagcctgatggtgtctgatcagtctcccatt	4732594,5339495,7481556,21086916
X	gtatttataagcctgatggtgtctgatcagtctcccattcagactgacac	5339506,7481567,21086927
X	gtcacattggcacacttctcagcgttgatgcgcacattccagttctcagc	4732684,7481646
X	gtcagcattgaccacagctgcagttcctagcttccttgctaggctgttgg	4792749,5339083,7481144,19472478,21086504
X	gtccgagggtcagcattgaccacagctgcagttcctagcttccttgctag	4792741,5339075,7481136,19472470,21086496
X	gtctcccattcagactgacacccggacagctacctgttcggttggcgaac	5339535,7481596,21086956
X	gtctcctaatttgggcaccttgaggtcgcgttcgatgtctcttgttctca	4732281,5339182,7481243,19472577,21086603
X	gtctgatcagtctcccattcagactgacacccggacagctacctgttcgg	5339526,7481587,21086947
X	gtgagcttcctatcgagggtaataccaaggtatttataagcctgatggtg	4732576,5339477,7481538,21086898
X	gtgcaatgagccaagacatccgagcaaccttggtcctgaacgcttgctga	4732502,5339403,21086824
X	gtgtctgatcagtctcccattcagactgacacccggacagctacctgttc	5339524,7481585,21086945
X	gttcggttggcgaacgtcacattggcacacttctcagcgttgatgcgcac	4732669,7481631
X	gttctcagcccattgctggaatgcatccaggtattcctgtagaccagaag	4732725,5339626,7481687,21087047
X	gttctggagcttgtctcctaatttgggcaccttgaggtcgcgttcgatgt	4732269,5339170,7481231,19472565,21086591
X	gttgatgcgcacattccagttctcagcccattgctggaatgcatccaggt	4732707,5339608,7481669,21087029
X	gttggcgaacgtcacattggcacacttctcagcgttgatgcgcacattcc	4732674,7481636
X	taagcctgatggtgtctgatcagtctcccattcagactgacacccggaca	5339513,7481574,21086934
X	taataccaaggtatttataagcctgatggtgtctgatcagtctcccattc	4732595,5339496,7481557,21086917
X	taatttgggcaccttgaggtcgcgttcgatgtctcttgttctcatatacc	4732287,5339188,7481249,19472583,21086609
X	taccaaggtatttataagcctgatggtgtctgatcagtctcccattcaga	5339499,7481560,21086920
X	tacctgttcggttggcgaacgtcacattggcacacttctcagcgttgatg	4732664,7481626
X	taggatttttcaattttttgcaaattttgatgatgttaccccttacaaaa	8577594,8750563,8750923,8752003,8752363,8827627,12093289,12189307,8577594,8750563,8750923,8752003,8752363,8827627,12093289,12189307,8577594,8750563,8750923,8752003,8752363,8827627,12093289,12189307
X	tagtccgagggtcagcattgaccacagctgcagttcctagcttccttgct	4792739,5339073,7481134,19472468,21086494
X	tataagcctgatggtgtctgatcagtctcccattcagactgacacccgga	5339511,7481572,21086932
X	tatcgagggtaataccaaggtatttataagcctgatggtgtctgatcagt	4732586,5339487,7481548,21086908
X	tatttataagcctgatggtgtctgatcagtctcccattcagactgacacc	5339507,7481568,21086928
X	tatttgatcaacgcactgttacccatgcggcaacttaatttgatctgctt	1523197,4700495,4731913,4792480,5338814,7480875,7784325,17431453,19472209,21086235,1523197,4700495,4731913,4792480,5338814,7480875,7784325,17431453,19472209,21086235
X	tcaacgcactgttacccatgcggcaacttaatttgatctgcttaaattat	1523204,4700502,4731920,4792487,5338821,7480882,7784332,17431460,19472216,21086242,1523204,4700502,4731920,4792487,5338821,7480882,7784332,17431460,19472216,21086242
X	tcaatttttcgcaaattttaatgatgttaccccttacaaaaaatgcgaaa	13474534
X	tcaattttttgcaaattttgatgatgttaccccttacaaaaaatgcgaaa	5490934,8577603,8750572,8750932,8752012,8752372,8827636,9204342,12093298,12189316,5490934,8577603,8750572,8750932,8752012,8752372,8827636,9204342,12093298,12189316,5490934,8577603,8750572,8750932,8752012,8752372,8827636,9204342,12093298,12189316
X	tcacattggcacacttctcagcgttgatgcgcacattccagttctcagcc	4732685,7481647
X	tcagactgacacccggacagctacctgttcggttggcgaacgtcacattg	5339544,7481605,21086965
X	tcagcattgaccacagctgcagttcctagcttccttgctaggctgttggg	4792750,5339084,7481145,19472479,21086505
X	tcagcccattgctggaatgcatccaggtattcctgtagaccagaagtggc	4732729,5339630,7481691,21087051
X	tcagcgttgatgcgcacattccagttctcagcccattgctggaatgcatc	4732702,7481664
X	tcagtctcccattcagactgacacccggacagctacctgttcggttggcg	5339532,7481593,21086953
X	tccagttctcagcccattgctggaatgcatccaggtattcctgtagacca	4732721,5339622,7481683,21087043
X	tcccattcagactgacacccggacagctacctgttcggttggcgaacgtc	5339538,7481599,21086959
X	tccgagcaaccttggtcctgaacgcttgctgaatatttgtgatgtgcctg	4732520,21086842
X	tccgagggtcagcattgaccacagctgcagttcctagcttccttgctagg	4792742,5339076,7481137,19472471,21086497
X	tcctaatttgggcaccttgaggtcgcgttcgatgtctcttgttctcatat	4732284,5339185,7481246,19472580,21086606
X	tcctatcgagggtaataccaaggtatttataagcctgatggtgtctgatc	4732583,5339484,7481545,21086905
X	tcgagggtaataccaaggtatttataagcctgatggtgtctgatcagtct	4732588,5339489,7481550,21086910
X	tcgcaaattttaatgatgttaccccttacaaaaaatgcgaaaatttggcc	13474542
X	tcggttggcgaacgtcacattggcacacttctcagcgttgatgcgcacat	4732671,7481633
X	tctaggatttttcaattttttgcaaattttgatgatgttaccccttacaa	8577592,8750561,8750921,8752001,8752361,8827625,12093287,12189305,8577592,8750561,8750921,8752001,8752361,8827625,12093287,12189305,8577592,8750561,8750921,8752001,8752361,8827625,12093287,12189305
X	tctagtccgagggtcagcattgaccacagctgcagttcctagcttccttg	4792737,5339071,7481132,19472466,21086492
X	tctcagcccattgctggaatgcatccaggtattcctgtagaccagaagtg	4732727,5339628,7481689,21087049
X	tctcagcgttgatgcgcacattccagttctcagcccattgctggaatgca	4732700,7481662
X	tctcccattcagactgacacccggacagctacctgttcggttggcgaacg	5339536,7481597,21086957
X	tctcctaatttgggcaccttgaggtcgcgttcgatgtctcttgttctcat	4732282,5339183,7481244,19472578,21086604
X	tctgatcagtctcccattcagactgacacccggacagctacctgttcggt	5339527,7481588,21086948
X	tctggagcttgtctcctaatttgggcaccttgaggtcgcgttcgatgtct	4732271,5339172,7481233,19472567,21086593
X	tgaaggtgagcttcctatcgagggtaataccaaggtatttataagcctga	4732571,5339472,7481533,21086893
X	tgacacccggacagctacctgttcggttggcgaacgtcacattggcacac	5339550,7481611,21086971
X	tgactctagtccgagggtcagcattgaccacagctgcagttcctagcttc	4792733,5339067,7481128,21086488
X	tgagccaagacatccgagcaaccttggtcctgaacgcttgctgaatattt	4732508,21086830
X	tgagcttcctatcgagggtaataccaaggtatttataagcctgatggtgt	4732577,5339478,7481539,21086899
X	tgatcaacgcactgttacccatgcggcaacttaatttgatctgcttaaat	1523201,4700499,4731917,4792484,5338818,7480879,7784329,17431457,19472213,21086239,1523201,4700499,4731917,4792484,5338818,7480879,7784329,17431457,19472213,21086239
X	tgatcagtctcccattcagactgacacccggacagctacctgttcggttg	5339529,7481590,21086950
X	tgatgatgttaccccttacaaaaaatgcgaaaatttggccaaaaaattat	13195040,13195040
X	tgatgcgcacattccagttctcagcccattgctggaatgcatccaggtat	4732709,5339610,7481671,21087031
X	tgatggtgtctgatcagtctcccattcagactgacacccggacagctacc	5339519,7481580,21086940
X	tgcaaattttgatgatgttaccccttacaaaaaatgcgaaaatttggcca	8750581,8750941,8752021,8752381,8827645,9137756,9138118,9138479,9138840,9534691,8750581,8750941,8752021,8752381,8827645,9137756,9138118,9138479,9138840,9534691,8750581,8750941,8752021,8752381,8827645,9137756,9138118,9138479,9138840,9534691,8750581,8750941,8752021,8752381,8827645,9137756,9138118,9138479,9138840,9534691
X	tgcaatgagccaagacatccgagcaaccttggtcctgaacgcttgctgaa	4732503,5339404,21086825
X	tgcgcacattccagttctcagcccattgctggaatgcatccaggtattcc	4732712,5339613,7481674,21087034
X	tgctgaaggtgagcttcctatcgagggtaataccaaggtatttataagcc	4732568,5339469,7481530,21086890
X	tgctggaatgcatccaggtattcctgtagaccagaagtggcagccaggat	4732738,5339639,7481700,21087060
X	tggaatgcatccaggtattcctgtagaccagaagtggcagccaggatact	4732741,5339642,7481703,21087063
X	tggagcttgtctcctaatttgggcaccttgaggtcgcgttcgatgtctct	4732273,5339174,7481235,19472569,21086595
X	tggcacacttctcagcgttgatgcgcacattccagttctcagcccattgc	4732691,7481653
X	tggcgaacgtcacattggcacacttctcagcgttgatgcgcacattccag	4732676,7481638
X	tgggcaccttgaggtcgcgttcgatgtctcttgttctcatataccaagga	4732292,5339193,7481254,19472588,21086614
X	tggtgcaatgagccaagacatccgagcaaccttggtcctgaacgcttgct	4732500,5339401,21086822
X	tggtgtctgatcagtctcccattcagactgacacccggacagctacctgt	5339522,7481583,21086943
X	tgtctcctaatttgggcaccttgaggtcgcgttcgatgtctcttgttctc	4732280,5339181,7481242,19472576,21086602
X	tgtctgatcagtctcccattcagactgacacccggacagctacctgttcg	5339525,7481586,21086946
X	tgttcggttggcgaacgtcacattggcacacttctcagcgttgatgcgca	4732668,7481630
X	tgttctggagcttgtctcctaatttgggcaccttgaggtcgcgttcgatg	4732268,5339169,7481230,19472564,21086590
X	ttataagcctgatggtgtctgatcagtctcccattcagactgacacccgg	5339510,7481571,21086931
X	ttatttgatcaacgcactgttacccatgcggcaacttaatttgatctgct	1523196,4700494,4731912,4792479,5338813,7480874,7784324,17431452,19472208,21086234,1523196,4700494,4731912,4792479,5338813,7480874,7784324,17431452,19472208,21086234
X	ttcaattttttgcaaattttgatgatgttaccccttacaaaaaatgcgaa	8577602,8750571,8750931,8752011,8752371,8827635,12093297,12189315,8577602,8750571,8750931,8752011,8752371,8827635,12093297,12189315,8577602,8750571,8750931,8752011,8752371,8827635,12093297,12189315
X	ttcagactgacacccggacagctacctgttcggttggcgaacgtcacatt	5339543,7481604,21086964
X	ttccagttctcagcccattgctggaatgcatccaggtattcctgtagacc	4732720,5339621,7481682,21087042
X	ttcctatcgagggtaataccaaggtatttataagcctgatggtgtctgat	4732582,5339483,7481544,21086904
X	ttcgcaaattttaatgatgttaccccttacaaaaaatgcgaaaatttggc	13474541
X	ttcggttggcgaacgtcacattggcacacttctcagcgttgatgcgcaca	4732670,7481632
X	ttctaggatttttcaattttttgcaaattttgatgatgttaccccttaca	8577591,8750560,8750920,8752000,8752360,8827624,12093286,12189304,8577591,8750560,8750920,8752000,8752360,8827624,12093286,12189304,8577591,8750560,8750920,8752000,8752360,8827624,12093286,12189304
X	ttctcagcccattgctggaatgcatccaggtattcctgtagaccagaagt	4732726,5339627,7481688,21087048
X	ttctcagcgttgatgcgcacattccagttctcagcccattgctggaatgc	4732699,7481661
X	ttctggagcttgtctcctaatttgggcaccttgaggtcgcgttcgatgtc	4732270,5339171,7481232,19472566,21086592
X	ttgactctagtccgagggtcagcattgaccacagctgcagttcctagctt	5339066,7481127,21086487
X	ttgatcaacgcactgttacccatgcggcaacttaatttgatctgcttaaa	1523200,4700498,4731916,4792483,5338817,7480878,7784328,17431456,19472212,21086238,1523200,4700498,4731916,4792483,5338817,7480878,7784328,17431456,19472212,21086238
X	ttgatgatgttaccccttacaaaaaatgcgaaaatttggccaaaaaatta	13195039,13195039
X	ttgatgcgcacattccagttctcagcccattgctggaatgcatccaggta	4732708,5339609,7481670,21087030
X	ttgcaaattttgatgatgttaccccttacaaaaaatgcgaaaatttggcc	8750580,8750940,8752020,8752380,8827644,9137755,9138117,9138478,9138839,9534690,8750580,8750940,8752020,8752380,8827644,9137755,9138117,9138478,9138839,9534690,8750580,8750940,8752020,8752380,8827644,9137755,9138117,9138478,9138839,9534690,8750580,8750940,8752020,8752380,8827644,9137755,9138117,9138478,9138839,9534690
X	ttgctggaatgcatccaggtattcctgtagaccagaagtggcagccagga	4732737,5339638,7481699,21087059
X	ttggcacacttctcagcgttgatgcgcacattccagttctcagcccattg	4732690,7481652
X	ttggcgaacgtcacattggcacacttctcagcgttgatgcgcacattcca	4732675,7481637
X	ttgggcaccttgaggtcgcgttcgatgtctcttgttctcatataccaagg	4732291,5339192,7481253,19472587,21086613
X	ttgtctcctaatttgggcaccttgaggtcgcgttcgatgtctcttgttct	4732279,5339180,7481241,19472575,21086601
X	tttataagcctgatggtgtctgatcagtctcccattcagactgacacccg	5339509,7481570,21086930
X	tttcaattttttgcaaattttgatgatgttaccccttacaaaaaatgcga	8577601,8750570,8750930,8752010,8752370,8827634,12093296,12189314,8577601,8750570,8750930,8752010,8752370,8827634,12093296,12189314,8577601,8750570,8750930,8752010,8752370,8827634,12093296,12189314
X	tttcgcaaattttaatgatgttaccccttacaaaaaatgcgaaaatttgg	13474540
X	tttgactctagtccgagggtcagcattgaccacagctgcagttcctagct	5339065,7481126,21086486
X	tttgatcaacgcactgttacccatgcggcaacttaatttgatctgcttaa	1523199,4700497,4731915,4792482,5338816,7480877,7784327,17431455,19472211,21086237,1523199,4700497,4731915,4792482,5338816,7480877,7784327,17431455,19472211,21086237
X	tttgatgatgttaccccttacaaaaaatgcgaaaatttggccaaaaaatt	13195038,13195038
X	tttgcaaattttgatgatgttaccccttacaaaaaatgcgaaaatttggc	8577610,8750579,8750939,8752019,8752379,8827643,9137754,9138116,9138477,9138838,9534689,8577610,8750579,8750939,8752019,8752379,8827643,9137754,9138116,9138477,9138838,9534689,8577610,8750579,8750939,8752019,8752379,8827643,9137754,9138116,9138477,9138838,9534689,8577610,8750579,8750939,8752019,8752379,8827643,9137754,9138116,9138477,9138838,9534689
X	tttgggcaccttgaggtcgcgttcgatgtctcttgttctcatataccaag	4732290,5339191,7481252,19472586,21086612
X	ttttcaattttttgcaaattttgatgatgttaccccttacaaaaaatgcg	8577600,8750569,8750929,8752009,8752369,8827633,12093295,12189313,8577600,8750569,8750929,8752009,8752369,8827633,12093295,12189313,8577600,8750569,8750929,8752009,8752369,8827633,12093295,12189313
X	ttttcgcaaattttaatgatgttaccccttacaaaaaatgcgaaaatttg	13474539
X	ttttcgccattttttgcaaattttgatgatgttaccccttacaaaaaatg	15597845
X	ttttgatgatgttaccccttacaaaaaatgcgaaaatttggccaaaaaat	13195037,13195037
X	ttttgcaaattttgatgatgttaccccttacaaaaaatgcgaaaatttgg	8577609,8750578,8750938,8752018,8752378,8827642,9005808,9137753,9138115,9138476,9138837,9534688,12093304,8577609,8750578,8750938,8752018,8752378,8827642,9005808,9137753,9138115,9138476,9138837,9534688,12093304,8577609,8750578,8750938,8752018,8752378,8827642,9005808,9137753,9138115,9138476,9138837,9534688,12093304,8577609,8750578,8750938,8752018,8752378,8827642,9005808,9137753,9138115,9138476,9138837,9534688,12093304
X	tttttcaattttttgcaaattttgatgatgttaccccttacaaaaaatgc	8577599,8750568,8750928,8752008,8752368,8827632,12093294,12189312,8577599,8750568,8750928,8752008,8752368,8827632,12093294,12189312,8577599,8750568,8750928,8752008,8752368,8827632,12093294,12189312
X	tttttcgcaaattttaatgatgttaccccttacaaaaaatgcgaaaattt	13474538
X	tttttcgccattttttgcaaattttgatgatgttaccccttacaaaaaat	13056699,15597844
X	tttttgcaaattttgatgatgttaccccttacaaaaaatgcgaaaatttg	8577608,8750577,8750937,8752017,8752377,8827641,9005807,9137752,9138114,9138475,9138836,9534687,12093303,12189321,8577608,8750577,8750937,8752017,8752377,8827641,9005807,9137752,9138114,9138475,9138836,9534687,12093303,12189321,8577608,8750577,8750937,8752017,8752377,8827641,9005807,9137752,9138114,9138475,9138836,9534687,12093303,12189321,8577608,8750577,8750937,8752017,8752377,8827641,9005807,9137752,9138114,9138475,9138836,9534687,12093303,12189321
X	ttttttgcaaattttgatgatgttaccccttacaaaaaatgcgaaaattt	8577607,8750576,8750936,8752016,8752376,8827640,9005806,9137751,9138113,9138474,9138835,9204346,9534686,10048821,10120864,10261901,12093302,12189320,8577607,8750576,8750936,8752016,8752376,8827640,9005806,9137751,9138113,9138474,9138835,9204346,9534686,10048821,10120864,10261901,12093302,12189320,8577607,8750576,8750936,8752016,8752376,8827640,9005806,9137751,9138113,9138474,9138835,9204346,9534686,10048821,10120864,10261901,12093302,12189320,8577607,8750576,8750936,8752016,8752376,8827640,9005806,9137751,9138113,9138474,9138835,9204346,9534686,10048821,10120864,10261901,12093302,12189320
