X	aaagagaagcctatacttgggctgggattgatggatatagtgtgggaaat	5390241,6445782,9799002,11633896,14158072,17894076,21536267,21965544,22771985
X	aaagagggcagtcaaatctgcttaggtcaggctttaggatgtttacaaga	5390052,5392685,6445593,6450880,9798813,9805394,11633707,11640290,14157883,14163069,17893887,17896202,21536078,21552764,21965355,21971939,22771796,22774616,5390052,5392685,6445593,6450880,9798813,9805394,11633707,11640290,14157883,14163069,17893887,17896202,21536078,21552764,21965355,21971939,22771796,22774616
X	aaagatcgtgtaatttgtccgtccaagttcctttcgatggctcccagtag	5391839,6450036,9804549,11639443,14162224,21551920,21971091,22773771
X	aaaggtaaatgggtatgtgggatatgattaatacttggttatcattgtag	5390934,9799695,11634589,14158765,17894768,21966237,22772678
X	aaaggtgtgaagggtttctggatcacccttgaatggcataatgtctttaa	5391952,6450149,9804662,11639556,14162337,21552033,21971204,22773884
X	aaatactatttctgggtaacataatcaagtcgttcaaggtaatagggcca	6448838,9803351,11638245,14161026,21544197,21969893
X	aaatccgattggttaccttccaggtgtagtttcgaaattagtaattgacg	6449832,9804345,11639239,14162020,21551716,21970887
X	aaatctgcttaggtcaggctttaggatgtttacaagaacggctgcgctgc	5390065,5392698,6445606,6450893,9798826,9805407,11633720,11640303,14157896,14163082,17893900,17896215,21536091,21552777,21965368,21971952,22771809,22774629,5390065,5392698,6445606,6450893,9798826,9805407,11633720,11640303,14157896,14163082,17893900,17896215,21536091,21552777,21965368,21971952,22771809,22774629
X	aaatgggtatgtgggatatgattaatacttggttatcattgtagttaatc	5390940,9799701,11634595,14158771,17894774,21966243,22772684
X	aaattccgcgatgagtcttgctttaagggtaggccaatcttcgatgttcg	5391781,6449978,9804491,11639385,14162166,21551862,21971033,22773713
X	aacaatatttgtatttcgggagagcctcgctcttgggttcttaagattag	5389993,5392626,6445534,6450821,9798754,9805335,11633648,11640231,14157824,14163010,17893828,17896143,21536019,21552705,21965296,21971880,22771737,22774557,5389993,5392626,6445534,6450821,9798754,9805335,11633648,11640231,14157824,14163010,17893828,17896143,21536019,21552705,21965296,21971880,22771737,22774557
X	aagaattgtttgggttaagttccaggttacaattgtgtttggttctatgt	5390674,6446215,9799435,11634329,14158505,17894508,21965977,22772418
X	aagagaagcctatacttgggctgggattgatggatatagtgtgggaaatg	5390242,6445783,9799003,11633897,14158073,17894077,21536268,21965545,22771986
X	aagagggcagtcaaatctgcttaggtcaggctttaggatgtttacaagaa	5390053,5392686,6445594,6450881,9798814,9805395,11633708,11640291,14157884,14163070,17893888,17896203,21536079,21552765,21965356,21971940,22771797,22774617,5390053,5392686,6445594,6450881,9798814,9805395,11633708,11640291,14157884,14163070,17893888,17896203,21536079,21552765,21965356,21971940,22771797,22774617
X	aagatcgtgtaatttgtccgtccaagttcctttcgatggctcccagtaga	5391840,6450037,9804550,11639444,14162225,21551921,21971092,22773772
X	aagattaggtagcgttgaaagagggcagtcaaatctgcttaggtcaggct	5390035,5392668,6445576,6450863,9798796,9805377,11633690,11640273,14157866,14163052,17893870,17896185,21536061,21552747,21965338,21971922,22771779,22774599,5390035,5392668,6445576,6450863,9798796,9805377,11633690,11640273,14157866,14163052,17893870,17896185,21536061,21552747,21965338,21971922,22771779,22774599
X	aagcctatacttgggctgggattgatggatatagtgtgggaaatggagtt	5390247,6445788,9799008,11633902,14158078,17894082,21536273,21965550,22771991
X	aagcctcagtatttgaacaatatttgtatttcgggagagcctcgctcttg	5389978,5392611,6445519,6450806,9798739,9805320,11633633,11640216,14157809,14162995,17893813,17896128,21536004,21552690,21965281,21971865,22771722,22774542,5389978,5392611,6445519,6450806,9798739,9805320,11633633,11640216,14157809,14162995,17893813,17896128,21536004,21552690,21965281,21971865,22771722,22774542
X	aagggtaggccaatcttcgatgttcggaagtcccaaagatcgtgtaattt	5391805,6450002,9804515,11639409,14162190,21551886,21971057,22773737
X	aagggtttctggatcacccttgaatggcataatgtctttaagctgccgac	5391961,6450158,9804671,11639565,14162346,21552042,21971213,22773893
X	aaggtaaatgggtatgtgggatatgattaatacttggttatcattgtagt	5390935,9799696,11634590,14158766,17894769,21966238,22772679
X	aaggtgtgaagggtttctggatcacccttgaatggcataatgtctttaag	5391953,6450150,9804663,11639557,14162338,21552034,21971205,22773885
X	aagtcccaaagatcgtgtaatttgtccgtccaagttcctttcgatggctc	5391832,6450029,9804542,11639436,14162217,21551913,21971084,22773764
X	aatactatttctgggtaacataatcaagtcgttcaaggtaatagggccat	6448839,9803352,11638246,14161027,21544198,21969894
X	aatatttgtatttcgggagagcctcgctcttgggttcttaagattaggta	5389996,5392629,6445537,6450824,9798757,9805338,11633651,11640234,14157827,14163013,17893831,17896146,21536022,21552708,21965299,21971883,22771740,22774560,5389996,5392629,6445537,6450824,9798757,9805338,11633651,11640234,14157827,14163013,17893831,17896146,21536022,21552708,21965299,21971883,22771740,22774560
X	aatccgattggttaccttccaggtgtagtttcgaaattagtaattgacgt	6449833,9804346,11639240,14162021,21551717,21970888
X	aatctgcttaggtcaggctttaggatgtttacaagaacggctgcgctgcc	5390066,5392699,6445607,6450894,9798827,9805408,11633721,11640304,14157897,14163083,17893901,17896216,21536092,21552778,21965369,21971953,22771810,22774630,5390066,5392699,6445607,6450894,9798827,9805408,11633721,11640304,14157897,14163083,17893901,17896216,21536092,21552778,21965369,21971953,22771810,22774630
X	aatcttcgatgttcggaagtcccaaagatcgtgtaatttgtccgtccaag	5391816,6450013,9804526,11639420,14162201,21551897,21971068,22773748
X	aatgctcttaggcttcctctgtatggtgtctccctgaagttctccagaag	5391707,6449904,9804417,11639311,14162092,21551788,21970959
X	aatggcataatgtctttaagctgccgacgggcttcggcaaggtttatgtc	5391983,6450180,9804693,11639587,14162368,21552064,21971235,22773915
X	aatgggtatgtgggatatgattaatacttggttatcattgtagttaatcc	5390941,9799702,11634596,14158772,17894775,21966244,22772685
X	aattccgcgatgagtcttgctttaagggtaggccaatcttcgatgttcgg	5391782,6449979,9804492,11639386,14162167,21551863,21971034,22773714
X	aattgtttgggttaagttccaggttacaattgtgtttggttctatgtatt	5390677,6446218,9799438,11634332,14158508,17894511,21965980,22772421
X	aatttgtccgtccaagttcctttcgatggctcccagtagaatcctctgtt	5391850,6450047,9804560,11639454,14162235,21551931,21971102,22773782
X	acaatatttgtatttcgggagagcctcgctcttgggttcttaagattagg	5389994,5392627,6445535,6450822,9798755,9805336,11633649,11640232,14157825,14163011,17893829,17896144,21536020,21552706,21965297,21971881,22771738,22774558,5389994,5392627,6445535,6450822,9798755,9805336,11633649,11640232,14157825,14163011,17893829,17896144,21536020,21552706,21965297,21971881,22771738,22774558
X	acccttgaatggcataatgtctttaagctgccgacgggcttcggcaaggt	5391976,6450173,9804686,11639580,14162361,21552057,21971228,22773908
X	actatttctgggtaacataatcaagtcgttcaaggtaatagggccatttg	6448842,9803355,11638249,14161030,21544201,21969897
X	agaagcctatacttgggctgggattgatggatatagtgtgggaaatggag	5390245,6445786,9799006,11633900,14158076,17894080,21536271,21965548,22771989
X	agaagcctcagtatttgaacaatatttgtatttcgggagagcctcgctct	5389976,5392609,6445517,6450804,9798737,9805318,11633631,11640214,14157807,14162993,17893811,17896126,21536002,21552688,21965279,21971863,22771720,22774540,5389976,5392609,6445517,6450804,9798737,9805318,11633631,11640214,14157807,14162993,17893811,17896126,21536002,21552688,21965279,21971863,22771720,22774540
X	agaatgctcttaggcttcctctgtatggtgtctccctgaagttctccaga	5391705,6449902,9804415,11639309,14162090,21551786,21970957
X	agaattgtttgggttaagttccaggttacaattgtgtttggttctatgta	5390675,6446216,9799436,11634330,14158506,17894509,21965978,22772419
X	agagaagcctatacttgggctgggattgatggatatagtgtgggaaatgg	5390243,6445784,9799004,11633898,14158074,17894078,21536269,21965546,22771987
X	agagcctcgctcttgggttcttaagattaggtagcgttgaaagagggcag	5390013,5392646,6445554,6450841,9798774,9805355,11633668,11640251,14157844,14163030,17893848,17896163,21536039,21552725,21965316,21971900,22771757,22774577,5390013,5392646,6445554,6450841,9798774,9805355,11633668,11640251,14157844,14163030,17893848,17896163,21536039,21552725,21965316,21971900,22771757,22774577
X	agagggcagtcaaatctgcttaggtcaggctttaggatgtttacaagaac	5390054,5392687,6445595,6450882,9798815,9805396,11633709,11640292,14157885,14163071,17893889,17896204,21536080,21552766,21965357,21971941,22771798,22774618,5390054,5392687,6445595,6450882,9798815,9805396,11633709,11640292,14157885,14163071,17893889,17896204,21536080,21552766,21965357,21971941,22771798,22774618
X	agatcgtgtaatttgtccgtccaagttcctttcgatggctcccagtagaa	5391841,6450038,9804551,11639445,14162226,21551922,21971093,22773773
X	agattaggtagcgttgaaagagggcagtcaaatctgcttaggtcaggctt	5390036,5392669,6445577,6450864,9798797,9805378,11633691,11640274,14157867,14163053,17893871,17896186,21536062,21552748,21965339,21971923,22771780,22774600,5390036,5392669,6445577,6450864,9798797,9805378,11633691,11640274,14157867,14163053,17893871,17896186,21536062,21552748,21965339,21971923,22771780,22774600
X	agcctatacttgggctgggattgatggatatagtgtgggaaatggagttt	5390248,6445789,9799009,11633903,14158079,17894083,21536274,21965551,22771992
X	agcctcagtatttgaacaatatttgtatttcgggagagcctcgctcttgg	5389979,5392612,6445520,6450807,9798740,9805321,11633634,11640217,14157810,14162996,17893814,17896129,21536005,21552691,21965282,21971866,22771723,22774543,5389979,5392612,6445520,6450807,9798740,9805321,11633634,11640217,14157810,14162996,17893814,17896129,21536005,21552691,21965282,21971866,22771723,22774543
X	agcctcgctcttgggttcttaagattaggtagcgttgaaagagggcagtc	5390015,5392648,6445556,6450843,9798776,9805357,11633670,11640253,14157846,14163032,17893850,17896165,21536041,21552727,21965318,21971902,22771759,22774579,5390015,5392648,6445556,6450843,9798776,9805357,11633670,11640253,14157846,14163032,17893850,17896165,21536041,21552727,21965318,21971902,22771759,22774579
X	agcgttgaaagagggcagtcaaatctgcttaggtcaggctttaggatgtt	5390045,5392678,6445586,6450873,9798806,9805387,11633700,11640283,14157876,14163062,17893880,17896195,21536071,21552757,21965348,21971932,22771789,22774609,5390045,5392678,6445586,6450873,9798806,9805387,11633700,11640283,14157876,14163062,17893880,17896195,21536071,21552757,21965348,21971932,22771789,22774609
X	aggagaaatagtttcacgactttattctttggatctcagcttaagactaa	5389901,5392534,6445442,6450729,9798662,9805243,11633556,11640139,14157732,14162918,17893736,17896051,21535927,21552613,21965204,21971788,22771645,22774465,5389901,5392534,6445442,6450729,9798662,9805243,11633556,11640139,14157732,14162918,17893736,17896051,21535927,21552613,21965204,21971788,22771645,22774465
X	aggagaagcctcagtatttgaacaatatttgtatttcgggagagcctcgc	5389973,5392606,6445514,6450801,9798734,9805315,11633628,11640211,14157804,14162990,17893808,17896123,21535999,21552685,21965276,21971860,22771717,22774537,5389973,5392606,6445514,6450801,9798734,9805315,11633628,11640211,14157804,14162990,17893808,17896123,21535999,21552685,21965276,21971860,22771717,22774537
X	aggccaatcttcgatgttcggaagtcccaaagatcgtgtaatttgtccgt	5391811,6450008,9804521,11639415,14162196,21551892,21971063,22773743
X	aggcttcctctgtatggtgtctccctgaagttctccagaagtttgtagtt	5391716,6449913,9804426,11639320,14162101,21551797,21970968
X	aggctttaggatgtttacaagaacggctgcgctgccaaagataaacgaat	5390080,5392713,6445621,6450908,9798841,9805422,11633735,11640318,14157911,14163097,17893915,17896230,21536106,21552792,21965383,21971967,22771824,22774644,5390080,5392713,6445621,6450908,9798841,9805422,11633735,11640318,14157911,14163097,17893915,17896230,21536106,21552792,21965383,21971967,22771824,22774644
X	agggcagtcaaatctgcttaggtcaggctttaggatgtttacaagaacgg	5390056,5392689,6445597,6450884,9798817,9805398,11633711,11640294,14157887,14163073,17893891,17896206,21536082,21552768,21965359,21971943,22771800,22774620,5390056,5392689,6445597,6450884,9798817,9805398,11633711,11640294,14157887,14163073,17893891,17896206,21536082,21552768,21965359,21971943,22771800,22774620
X	agggtaggccaatcttcgatgttcggaagtcccaaagatcgtgtaatttg	5391806,6450003,9804516,11639410,14162191,21551887,21971058,22773738
X	agggtttctggatcacccttgaatggcataatgtctttaagctgccgacg	5391962,6450159,9804672,11639566,14162347,21552043,21971214,22773894
X	aggtaaatgggtatgtgggatatgattaatacttggttatcattgtagtt	5390936,9799697,11634591,14158767,17894770,21966239,22772680
X	aggtagcgttgaaagagggcagtcaaatctgcttaggtcaggctttagga	5390041,5392674,6445582,6450869,9798802,9805383,11633696,11640279,14157872,14163058,17893876,17896191,21536067,21552753,21965344,21971928,22771785,22774605,5390041,5392674,6445582,6450869,9798802,9805383,11633696,11640279,14157872,14163058,17893876,17896191,21536067,21552753,21965344,21971928,22771785,22774605
X	aggtcaggctttaggatgtttacaagaacggctgcgctgccaaagataaa	5390075,5392708,6445616,6450903,9798836,9805417,11633730,11640313,14157906,14163092,17893910,17896225,21536101,21552787,21965378,21971962,22771819,22774639,5390075,5392708,6445616,6450903,9798836,9805417,11633730,11640313,14157906,14163092,17893910,17896225,21536101,21552787,21965378,21971962,22771819,22774639
X	aggtgtgaagggtttctggatcacccttgaatggcataatgtctttaagc	5391954,6450151,9804664,11639558,14162339,21552035,21971206,22773886
X	agtatttgaacaatatttgtatttcgggagagcctcgctcttgggttctt	5389985,5392618,6445526,6450813,9798746,9805327,11633640,11640223,14157816,14163002,17893820,17896135,21536011,21552697,21965288,21971872,22771729,22774549,5389985,5392618,6445526,6450813,9798746,9805327,11633640,11640223,14157816,14163002,17893820,17896135,21536011,21552697,21965288,21971872,22771729,22774549
X	agtcaaatctgcttaggtcaggctttaggatgtttacaagaacggctgcg	5390061,5392694,6445602,6450889,9798822,9805403,11633716,11640299,14157892,14163078,17893896,17896211,21536087,21552773,21965364,21971948,22771805,22774625,5390061,5392694,6445602,6450889,9798822,9805403,11633716,11640299,14157892,14163078,17893896,17896211,21536087,21552773,21965364,21971948,22771805,22774625
X	agtcccaaagatcgtgtaatttgtccgtccaagttcctttcgatggctcc	5391833,6450030,9804543,11639437,14162218,21551914,21971085,22773765
X	agtcgaactaatgtcccgtcagttgactaaggacaacgccaagaaataaa	5389840,5392473,6445381,6450668,9798601,9805182,11633495,11640078,14157671,14162857,17893675,17895990,21535866,21552552,21965143,21971727,22771584,22774404,5389840,5392473,6445381,6450668,9798601,9805182,11633495,11640078,14157671,14162857,17893675,17895990,21535866,21552552,21965143,21971727,22771584,22774404
X	agtcttgctttaagggtaggccaatcttcgatgttcggaagtcccaaaga	5391794,6449991,9804504,11639398,14162179,21551875,21971046,22773726
X	agtgaaaggtaaatgggtatgtgggatatgattaatacttggttatcatt	5390930,9799691,11634585,14158761,17894764,21966233,22772674
X	ataaaggtgtgaagggtttctggatcacccttgaatggcataatgtcttt	5391950,6450147,9804660,11639554,14162335,21552031,21971202,22773882
X	atactatttctgggtaacataatcaagtcgttcaaggtaatagggccatt	6448840,9803353,11638247,14161028,21544199,21969895
X	atatttgtatttcgggagagcctcgctcttgggttcttaagattaggtag	5389997,5392630,6445538,6450825,9798758,9805339,11633652,11640235,14157828,14163014,17893832,17896147,21536023,21552709,21965300,21971884,22771741,22774561,5389997,5392630,6445538,6450825,9798758,9805339,11633652,11640235,14157828,14163014,17893832,17896147,21536023,21552709,21965300,21971884,22771741,22774561
X	atcacccttgaatggcataatgtctttaagctgccgacgggcttcggcaa	5391973,6450170,9804683,11639577,14162358,21552054,21971225,22773905
X	atccgattggttaccttccaggtgtagtttcgaaattagtaattgacgtc	6449834,9804347,11639241,14162022,21551718,21970889
X	atcgtgtaatttgtccgtccaagttcctttcgatggctcccagtagaatc	5391843,6450040,9804553,11639447,14162228,21551924,21971095,22773775
X	atctgcttaggtcaggctttaggatgtttacaagaacggctgcgctgcca	5390067,5392700,6445608,6450895,9798828,9805409,11633722,11640305,14157898,14163084,17893902,17896217,21536093,21552779,21965370,21971954,22771811,22774631,5390067,5392700,6445608,6450895,9798828,9805409,11633722,11640305,14157898,14163084,17893902,17896217,21536093,21552779,21965370,21971954,22771811,22774631
X	atcttcgatgttcggaagtcccaaagatcgtgtaatttgtccgtccaagt	5391817,6450014,9804527,11639421,14162202,21551898,21971069,22773749
X	atgagtcttgctttaagggtaggccaatcttcgatgttcggaagtcccaa	5391791,6449988,9804501,11639395,14162176,21551872,21971043,22773723
X	atgctcttaggcttcctctgtatggtgtctccctgaagttctccagaagt	5391708,6449905,9804418,11639312,14162093,21551789,21970960
X	atggcataatgtctttaagctgccgacgggcttcggcaaggtttatgtcg	5391984,6450181,9804694,11639588,14162369,21552065,21971236,22773916
X	atgggtatgtgggatatgattaatacttggttatcattgtagttaatcca	5390942,9799703,11634597,14158773,17894776,21966245,22772686
X	atggtgtctccctgaagttctccagaagtttgtagtttggtgtttgaatt	5391729,6449926,9804439,11639333,14162114,21551810,21970981
X	atgtgggatatgattaatacttggttatcattgtagttaatccaagtgga	5390948,9799709,11634603,14158779,17894782,21966251,22772692
X	atgttcggaagtcccaaagatcgtgtaatttgtccgtccaagttcctttc	5391824,6450021,9804534,11639428,14162209,21551905,21971076,22773756
X	attacaatgatcatttgtatgtaaagtgtaatattgttctctgaaatcat	5390426,6445967,9799187,11634081,14158257,17894261,21965729,22772170
X	attaggtagcgttgaaagagggcagtcaaatctgcttaggtcaggcttta	5390038,5392671,6445579,6450866,9798799,9805380,11633693,11640276,14157869,14163055,17893873,17896188,21536064,21552750,21965341,21971925,22771782,22774602,5390038,5392671,6445579,6450866,9798799,9805380,11633693,11640276,14157869,14163055,17893873,17896188,21536064,21552750,21965341,21971925,22771782,22774602
X	attagtgaaaggtaaatgggtatgtgggatatgattaatacttggttatc	5390927,9799688,11634582,14158758,17894761,21966230,22772671
X	attccgcgatgagtcttgctttaagggtaggccaatcttcgatgttcgga	5391783,6449980,9804493,11639387,14162168,21551864,21971035,22773715
X	attcctgatctgagcttgcaattgattctggtgtcctttggatatacaaa	6448616,9803129,11638023,14160804,21969671
X	attgattcctgatctgagcttgcaattgattctggtgtcctttggatata	6448612,9803125,11638019,14160800,21969667
X	attgtttgggttaagttccaggttacaattgtgtttggttctatgtattt	5390678,6446219,9799439,11634333,14158509,17894512,21965981,22772422
X	atttcgggagagcctcgctcttgggttcttaagattaggtagcgttgaaa	5390005,5392638,6445546,6450833,9798766,9805347,11633660,11640243,14157836,14163022,17893840,17896155,21536031,21552717,21965308,21971892,22771749,22774569,5390005,5392638,6445546,6450833,9798766,9805347,11633660,11640243,14157836,14163022,17893840,17896155,21536031,21552717,21965308,21971892,22771749,22774569
X	atttctgggtaacataatcaagtcgttcaaggtaatagggccatttgatg	6448845,9803358,11638252,14161033,21544204,21969900
X	atttgaacaatatttgtatttcgggagagcctcgctcttgggttcttaag	5389988,5392621,6445529,6450816,9798749,9805330,11633643,11640226,14157819,14163005,17893823,17896138,21536014,21552700,21965291,21971875,22771732,22774552,5389988,5392621,6445529,6450816,9798749,9805330,11633643,11640226,14157819,14163005,17893823,17896138,21536014,21552700,21965291,21971875,22771732,22774552
X	atttgtatttcgggagagcctcgctcttgggttcttaagattaggtagcg	5389999,5392632,6445540,6450827,9798760,9805341,11633654,11640237,14157830,14163016,17893834,17896149,21536025,21552711,21965302,21971886,22771743,22774563,5389999,5392632,6445540,6450827,9798760,9805341,11633654,11640237,14157830,14163016,17893834,17896149,21536025,21552711,21965302,21971886,22771743,22774563
X	atttgtccgtccaagttcctttcgatggctcccagtagaatcctctgttg	5391851,6450048,9804561,11639455,14162236,21551932,21971103,22773783
X	caaagatcgtgtaatttgtccgtccaagttcctttcgatggctcccagta	5391838,6450035,9804548,11639442,14162223,21551919,21971090,22773770
X	caaatctgcttaggtcaggctttaggatgtttacaagaacggctgcgctg	5390064,5392697,6445605,6450892,9798825,9805406,11633719,11640302,14157895,14163081,17893899,17896214,21536090,21552776,21965367,21971951,22771808,22774628,5390064,5392697,6445605,6450892,9798825,9805406,11633719,11640302,14157895,14163081,17893899,17896214,21536090,21552776,21965367,21971951,22771808,22774628
X	caatatttgtatttcgggagagcctcgctcttgggttcttaagattaggt	5389995,5392628,6445536,6450823,9798756,9805337,11633650,11640233,14157826,14163012,17893830,17896145,21536021,21552707,21965298,21971882,22771739,22774559,5389995,5392628,6445536,6450823,9798756,9805337,11633650,11640233,14157826,14163012,17893830,17896145,21536021,21552707,21965298,21971882,22771739,22774559
X	caatcttcgatgttcggaagtcccaaagatcgtgtaatttgtccgtccaa	5391815,6450012,9804525,11639419,14162200,21551896,21971067,22773747
X	cacccttgaatggcataatgtctttaagctgccgacgggcttcggcaagg	5391975,6450172,9804685,11639579,14162360,21552056,21971227,22773907
X	cagaatgctcttaggcttcctctgtatggtgtctccctgaagttctccag	5391704,6449901,9804414,11639308,14162089,21551785,21970956
X	caggctttaggatgtttacaagaacggctgcgctgccaaagataaacgaa	5390079,5392712,6445620,6450907,9798840,9805421,11633734,11640317,14157910,14163096,17893914,17896229,21536105,21552791,21965382,21971966,22771823,22774643,5390079,5392712,6445620,6450907,9798840,9805421,11633734,11640317,14157910,14163096,17893914,17896229,21536105,21552791,21965382,21971966,22771823,22774643
X	cagtatttgaacaatatttgtatttcgggagagcctcgctcttgggttct	5389984,5392617,6445525,6450812,9798745,9805326,11633639,11640222,14157815,14163001,17893819,17896134,21536010,21552696,21965287,21971871,22771728,22774548,5389984,5392617,6445525,6450812,9798745,9805326,11633639,11640222,14157815,14163001,17893819,17896134,21536010,21552696,21965287,21971871,22771728,22774548
X	cagtcaaatctgcttaggtcaggctttaggatgtttacaagaacggctgc	5390060,5392693,6445601,6450888,9798821,9805402,11633715,11640298,14157891,14163077,17893895,17896210,21536086,21552772,21965363,21971947,22771804,22774624,5390060,5392693,6445601,6450888,9798821,9805402,11633715,11640298,14157891,14163077,17893895,17896210,21536086,21552772,21965363,21971947,22771804,22774624
X	ccaaagatcgtgtaatttgtccgtccaagttcctttcgatggctcccagt	5391837,6450034,9804547,11639441,14162222,21551918,21971089,22773769
X	ccaatcttcgatgttcggaagtcccaaagatcgtgtaatttgtccgtcca	5391814,6450011,9804524,11639418,14162199,21551895,21971066,22773746
X	cccaaagatcgtgtaatttgtccgtccaagttcctttcgatggctcccag	5391836,6450033,9804546,11639440,14162221,21551917,21971088,22773768
X	cccttaaagagaagcctatacttgggctgggattgatggatatagtgtgg	5390236,6445777,9798997,11633891,14158067,17894071,21536262,21965539,22771980
X	cccttcccttaaagagaagcctatacttgggctgggattgatggatatag	3753987,5390231,6445772,9798992,11633886,14158062,17894066,21536257,21965534,22771975
X	cccttgaatggcataatgtctttaagctgccgacgggcttcggcaaggtt	5391977,6450174,9804687,11639581,14162362,21552058,21971229,22773909
X	ccgcgatgagtcttgctttaagggtaggccaatcttcgatgttcggaagt	5391786,6449983,9804496,11639390,14162171,21551867,21971038,22773718
X	cctatacttgggctgggattgatggatatagtgtgggaaatggagtttct	5390250,6445791,9799011,11633905,14158081,17894085,21536276,21965553,22771994
X	cctcagtatttgaacaatatttgtatttcgggagagcctcgctcttgggt	5389981,5392614,6445522,6450809,9798742,9805323,11633636,11640219,14157812,14162998,17893816,17896131,21536007,21552693,21965284,21971868,22771725,22774545,5389981,5392614,6445522,6450809,9798742,9805323,11633636,11640219,14157812,14162998,17893816,17896131,21536007,21552693,21965284,21971868,22771725,22774545
X	cctcgctcttgggttcttaagattaggtagcgttgaaagagggcagtcaa	5390017,5392650,6445558,6450845,9798778,9805359,11633672,11640255,14157848,14163034,17893852,17896167,21536043,21552729,21965320,21971904,22771761,22774581,5390017,5392650,6445558,6450845,9798778,9805359,11633672,11640255,14157848,14163034,17893852,17896167,21536043,21552729,21965320,21971904,22771761,22774581
X	cctctgtatggtgtctccctgaagttctccagaagtttgtagtttggtgt	5391722,6449919,9804432,11639326,14162107,21551803,21970974
X	cctgatctgagcttgcaattgattctggtgtcctttggatatacaaattt	6448619,9803132,11638026,14160807,21969674
X	ccttaaagagaagcctatacttgggctgggattgatggatatagtgtggg	5390237,6445778,9798998,11633892,14158068,17894072,21536263,21965540,22771981
X	ccttatcagtatcttaatagattctttaataccctgaatataaataagaa	6449783,9804296,11639190,14161971,21551667
X	ccttcccttaaagagaagcctatacttgggctgggattgatggatatagt	3753988,5390232,6445773,9798993,11633887,14158063,17894067,21536258,21965535,22771976
X	ccttgaatggcataatgtctttaagctgccgacgggcttcggcaaggttt	5391978,6450175,9804688,11639582,14162363,21552059,21971230,22773910
X	cgatgagtcttgctttaagggtaggccaatcttcgatgttcggaagtccc	5391789,6449986,9804499,11639393,14162174,21551870,21971041,22773721
X	cgatgttcggaagtcccaaagatcgtgtaatttgtccgtccaagttcctt	5391822,6450019,9804532,11639426,14162207,21551903,21971074,22773754
X	cgcagaatgctcttaggcttcctctgtatggtgtctccctgaagttctcc	5391702,6449899,9804412,11639306,14162087,21551783,21970954
X	cgcgatgagtcttgctttaagggtaggccaatcttcgatgttcggaagtc	5391787,6449984,9804497,11639391,14162172,21551868,21971039,22773719
X	cgctcttgggttcttaagattaggtagcgttgaaagagggcagtcaaatc	5390020,5392653,6445561,6450848,9798781,9805362,11633675,11640258,14157851,14163037,17893855,17896170,21536046,21552732,21965323,21971907,22771764,22774584,5390020,5392653,6445561,6450848,9798781,9805362,11633675,11640258,14157851,14163037,17893855,17896170,21536046,21552732,21965323,21971907,22771764,22774584
X	cggaagtcccaaagatcgtgtaatttgtccgtccaagttcctttcgatgg	5391829,6450026,9804539,11639433,14162214,21551910,21971081,22773761
X	cgggagagcctcgctcttgggttcttaagattaggtagcgttgaaagagg	5390009,5392642,6445550,6450837,9798770,9805351,11633664,11640247,14157840,14163026,17893844,17896159,21536035,21552721,21965312,21971896,22771753,22774573,5390009,5392642,6445550,6450837,9798770,9805351,11633664,11640247,14157840,14163026,17893844,17896159,21536035,21552721,21965312,21971896,22771753,22774573
X	cgtgtaatttgtccgtccaagttcctttcgatggctcccagtagaatcct	5391845,6450042,9804555,11639449,14162230,21551926,21971097,22773777
X	cgttgaaagagggcagtcaaatctgcttaggtcaggctttaggatgttta	5390047,5392680,6445588,6450875,9798808,9805389,11633702,11640285,14157878,14163064,17893882,17896197,21536073,21552759,21965350,21971934,22771791,22774611,5390047,5392680,6445588,6450875,9798808,9805389,11633702,11640285,14157878,14163064,17893882,17896197,21536073,21552759,21965350,21971934,22771791,22774611
X	ctatacttgggctgggattgatggatatagtgtgggaaatggagtttctt	5390251,6445792,9799012,11633906,14158082,17894086,21536277,21965554,22771995
X	ctatttctgggtaacataatcaagtcgttcaaggtaatagggccatttga	6448843,9803356,11638250,14161031,21544202,21969898
X	ctcagtatttgaacaatatttgtatttcgggagagcctcgctcttgggtt	5389982,5392615,6445523,6450810,9798743,9805324,11633637,11640220,14157813,14162999,17893817,17896132,21536008,21552694,21965285,21971869,22771726,22774546,5389982,5392615,6445523,6450810,9798743,9805324,11633637,11640220,14157813,14162999,17893817,17896132,21536008,21552694,21965285,21971869,22771726,22774546
X	ctcgctcttgggttcttaagattaggtagcgttgaaagagggcagtcaaa	5390018,5392651,6445559,6450846,9798779,9805360,11633673,11640256,14157849,14163035,17893853,17896168,21536044,21552730,21965321,21971905,22771762,22774582,5390018,5392651,6445559,6450846,9798779,9805360,11633673,11640256,14157849,14163035,17893853,17896168,21536044,21552730,21965321,21971905,22771762,22774582
X	ctctgtatggtgtctccctgaagttctccagaagtttgtagtttggtgtt	5391723,6449920,9804433,11639327,14162108,21551804,21970975
X	ctcttaggcttcctctgtatggtgtctccctgaagttctccagaagtttg	5391711,6449908,9804421,11639315,14162096,21551792,21970963
X	ctcttgggttcttaagattaggtagcgttgaaagagggcagtcaaatctg	5390022,5392655,6445563,6450850,9798783,9805364,11633677,11640260,14157853,14163039,17893857,17896172,21536048,21552734,21965325,21971909,22771766,22774586,5390022,5392655,6445563,6450850,9798783,9805364,11633677,11640260,14157853,14163039,17893857,17896172,21536048,21552734,21965325,21971909,22771766,22774586
X	ctgataaaggtgtgaagggtttctggatcacccttgaatggcataatgtc	5391947,6450144,9804657,11639551,14162332,21552028,21971199,22773879
X	ctgcttaggtcaggctttaggatgtttacaagaacggctgcgctgccaaa	5390069,5392702,6445610,6450897,9798830,9805411,11633724,11640307,14157900,14163086,17893904,17896219,21536095,21552781,21965372,21971956,22771813,22774633,5390069,5392702,6445610,6450897,9798830,9805411,11633724,11640307,14157900,14163086,17893904,17896219,21536095,21552781,21965372,21971956,22771813,22774633
X	ctggatcacccttgaatggcataatgtctttaagctgccgacgggcttcg	5391969,6450166,9804679,11639573,14162354,21552050,21971221,22773901
X	ctgggtaacataatcaagtcgttcaaggtaatagggccatttgatgttaa	6448849,9803362,11638256,14161037,21544208,21969904
X	ctgtatggtgtctccctgaagttctccagaagtttgtagtttggtgtttg	5391725,6449922,9804435,11639329,14162110,21551806,21970977
X	cttaaagagaagcctatacttgggctgggattgatggatatagtgtggga	5390238,6445779,9798999,11633893,14158069,17894073,21536264,21965541,22771982
X	cttaagattaggtagcgttgaaagagggcagtcaaatctgcttaggtcag	5390032,5392665,6445573,6450860,9798793,9805374,11633687,11640270,14157863,14163049,17893867,17896182,21536058,21552744,21965335,21971919,22771776,22774596,5390032,5392665,6445573,6450860,9798793,9805374,11633687,11640270,14157863,14163049,17893867,17896182,21536058,21552744,21965335,21971919,22771776,22774596
X	cttaggcttcctctgtatggtgtctccctgaagttctccagaagtttgta	5391713,6449910,9804423,11639317,14162098,21551794,21970965
X	cttaggtcaggctttaggatgtttacaagaacggctgcgctgccaaagat	5390072,5392705,6445613,6450900,9798833,9805414,11633727,11640310,14157903,14163089,17893907,17896222,21536098,21552784,21965375,21971959,22771816,22774636,5390072,5392705,6445613,6450900,9798833,9805414,11633727,11640310,14157903,14163089,17893907,17896222,21536098,21552784,21965375,21971959,22771816,22774636
X	cttatcagtatcttaatagattctttaataccctgaatataaataagaaa	6449784,9804297,11639191,14161972,21551668
X	cttcccttaaagagaagcctatacttgggctgggattgatggatatagtg	5390233,6445774,9798994,11633888,14158064,17894068,21536259,21965536,22771977
X	cttcctctgtatggtgtctccctgaagttctccagaagtttgtagtttgg	5391719,6449916,9804429,11639323,14162104,21551800,21970971
X	cttcgatgttcggaagtcccaaagatcgtgtaatttgtccgtccaagttc	5391819,6450016,9804529,11639423,14162204,21551900,21971071,22773751
X	cttcgcagaatgctcttaggcttcctctgtatggtgtctccctgaagttc	5391699,6449896,9804409,11639303,14162084,21551780,21970951
X	cttgaatggcataatgtctttaagctgccgacgggcttcggcaaggttta	5391979,6450176,9804689,11639583,14162364,21552060,21971231,22773911
X	cttgctttaagggtaggccaatcttcgatgttcggaagtcccaaagatcg	5391797,6449994,9804507,11639401,14162182,21551878,21971049,22773729
X	cttgggttcttaagattaggtagcgttgaaagagggcagtcaaatctgct	5390024,5392657,6445565,6450852,9798785,9805366,11633679,11640262,14157855,14163041,17893859,17896174,21536050,21552736,21965327,21971911,22771768,22774588,5390024,5392657,6445565,6450852,9798785,9805366,11633679,11640262,14157855,14163041,17893859,17896174,21536050,21552736,21965327,21971911,22771768,22774588
X	ctttaagggtaggccaatcttcgatgttcggaagtcccaaagatcgtgta	5391801,6449998,9804511,11639405,14162186,21551882,21971053,22773733
X	ctttaggatgtttacaagaacggctgcgctgccaaagataaacgaatgct	5390083,5392716,6445624,6450911,9798844,9805425,11633738,11640321,14157914,14163100,21536109,21552795,21965386,21971970,22771827,22774647,5390083,5392716,6445624,6450911,9798844,9805425,11633738,11640321,14157914,14163100,21536109,21552795,21965386,21971970,22771827,22774647
X	gaaagagggcagtcaaatctgcttaggtcaggctttaggatgtttacaag	5390051,5392684,6445592,6450879,9798812,9805393,11633706,11640289,14157882,14163068,17893886,17896201,21536077,21552763,21965354,21971938,22771795,22774615,5390051,5392684,6445592,6450879,9798812,9805393,11633706,11640289,14157882,14163068,17893886,17896201,21536077,21552763,21965354,21971938,22771795,22774615
X	gaaaggtaaatgggtatgtgggatatgattaatacttggttatcattgta	5390933,9799694,11634588,14158764,17894767,21966236,22772677
X	gaacaatatttgtatttcgggagagcctcgctcttgggttcttaagatta	5389992,5392625,6445533,6450820,9798753,9805334,11633647,11640230,14157823,14163009,17893827,17896142,21536018,21552704,21965295,21971879,22771736,22774556,5389992,5392625,6445533,6450820,9798753,9805334,11633647,11640230,14157823,14163009,17893827,17896142,21536018,21552704,21965295,21971879,22771736,22774556
X	gaagcctatacttgggctgggattgatggatatagtgtgggaaatggagt	5390246,6445787,9799007,11633901,14158077,17894081,21536272,21965549,22771990
X	gaagcctcagtatttgaacaatatttgtatttcgggagagcctcgctctt	5389977,5392610,6445518,6450805,9798738,9805319,11633632,11640215,14157808,14162994,17893812,17896127,21536003,21552689,21965280,21971864,22771721,22774541,5389977,5392610,6445518,6450805,9798738,9805319,11633632,11640215,14157808,14162994,17893812,17896127,21536003,21552689,21965280,21971864,22771721,22774541
X	gaagggtttctggatcacccttgaatggcataatgtctttaagctgccga	5391960,6450157,9804670,11639564,14162345,21552041,21971212,22773892
X	gaagtcccaaagatcgtgtaatttgtccgtccaagttcctttcgatggct	5391831,6450028,9804541,11639435,14162216,21551912,21971083,22773763
X	gaatgctcttaggcttcctctgtatggtgtctccctgaagttctccagaa	5391706,6449903,9804416,11639310,14162091,21551787,21970958
X	gaatggcataatgtctttaagctgccgacgggcttcggcaaggtttatgt	5391982,6450179,9804692,11639586,14162367,21552063,21971234,22773914
X	gaattgtttgggttaagttccaggttacaattgtgtttggttctatgtat	5390676,6446217,9799437,11634331,14158507,17894510,21965979,22772420
X	gagaagcctatacttgggctgggattgatggatatagtgtgggaaatgga	5390244,6445785,9799005,11633899,14158075,17894079,21536270,21965547,22771988
X	gagaagcctcagtatttgaacaatatttgtatttcgggagagcctcgctc	5389975,5392608,6445516,6450803,9798736,9805317,11633630,11640213,14157806,14162992,17893810,17896125,21536001,21552687,21965278,21971862,22771719,22774539,5389975,5392608,6445516,6450803,9798736,9805317,11633630,11640213,14157806,14162992,17893810,17896125,21536001,21552687,21965278,21971862,22771719,22774539
X	gagagcctcgctcttgggttcttaagattaggtagcgttgaaagagggca	5390012,5392645,6445553,6450840,9798773,9805354,11633667,11640250,14157843,14163029,17893847,17896162,21536038,21552724,21965315,21971899,22771756,22774576,5390012,5392645,6445553,6450840,9798773,9805354,11633667,11640250,14157843,14163029,17893847,17896162,21536038,21552724,21965315,21971899,22771756,22774576
X	gagcctcgctcttgggttcttaagattaggtagcgttgaaagagggcagt	5390014,5392647,6445555,6450842,9798775,9805356,11633669,11640252,14157845,14163031,17893849,17896164,21536040,21552726,21965317,21971901,22771758,22774578,5390014,5392647,6445555,6450842,9798775,9805356,11633669,11640252,14157845,14163031,17893849,17896164,21536040,21552726,21965317,21971901,22771758,22774578
X	gagggcagtcaaatctgcttaggtcaggctttaggatgtttacaagaacg	5390055,5392688,6445596,6450883,9798816,9805397,11633710,11640293,14157886,14163072,17893890,17896205,21536081,21552767,21965358,21971942,22771799,22774619,5390055,5392688,6445596,6450883,9798816,9805397,11633710,11640293,14157886,14163072,17893890,17896205,21536081,21552767,21965358,21971942,22771799,22774619
X	gagtcgaactaatgtcccgtcagttgactaaggacaacgccaagaaataa	5389839,5392472,6445380,6450667,9798600,9805181,11633494,11640077,14157670,14162856,17893674,17895989,21535865,21552551,21965142,21971726,22771583,22774403,5389839,5392472,6445380,6450667,9798600,9805181,11633494,11640077,14157670,14162856,17893674,17895989,21535865,21552551,21965142,21971726,22771583,22774403
X	gagtcttgctttaagggtaggccaatcttcgatgttcggaagtcccaaag	5391793,6449990,9804503,11639397,14162178,21551874,21971045,22773725
X	gataaaggtgtgaagggtttctggatcacccttgaatggcataatgtctt	5391949,6450146,9804659,11639553,14162334,21552030,21971201,22773881
X	gatcacccttgaatggcataatgtctttaagctgccgacgggcttcggca	5391972,6450169,9804682,11639576,14162357,21552053,21971224,22773904
X	gatcgtgtaatttgtccgtccaagttcctttcgatggctcccagtagaat	5391842,6450039,9804552,11639446,14162227,21551923,21971094,22773774
X	gatgagtcttgctttaagggtaggccaatcttcgatgttcggaagtccca	5391790,6449987,9804500,11639394,14162175,21551871,21971042,22773722
X	gatgttcggaagtcccaaagatcgtgtaatttgtccgtccaagttccttt	5391823,6450020,9804533,11639427,14162208,21551904,21971075,22773755
X	gattaggtagcgttgaaagagggcagtcaaatctgcttaggtcaggcttt	5390037,5392670,6445578,6450865,9798798,9805379,11633692,11640275,14157868,14163054,17893872,17896187,21536063,21552749,21965340,21971924,22771781,22774601,5390037,5392670,6445578,6450865,9798798,9805379,11633692,11640275,14157868,14163054,17893872,17896187,21536063,21552749,21965340,21971924,22771781,22774601
X	gattcctgatctgagcttgcaattgattctggtgtcctttggatatacaa	6448615,9803128,11638022,14160803,21969670
X	gcagaatgctcttaggcttcctctgtatggtgtctccctgaagttctcca	5391703,6449900,9804413,11639307,14162088,21551784,21970955
X	gcagtcaaatctgcttaggtcaggctttaggatgtttacaagaacggctg	5390059,5392692,6445600,6450887,9798820,9805401,11633714,11640297,14157890,14163076,17893894,17896209,21536085,21552771,21965362,21971946,22771803,22774623,5390059,5392692,6445600,6450887,9798820,9805401,11633714,11640297,14157890,14163076,17893894,17896209,21536085,21552771,21965362,21971946,22771803,22774623
X	gccaatcttcgatgttcggaagtcccaaagatcgtgtaatttgtccgtcc	5391813,6450010,9804523,11639417,14162198,21551894,21971065,22773745
X	gcctatacttgggctgggattgatggatatagtgtgggaaatggagtttc	5390249,6445790,9799010,11633904,14158080,17894084,21536275,21965552,22771993
X	gcctcagtatttgaacaatatttgtatttcgggagagcctcgctcttggg	5389980,5392613,6445521,6450808,9798741,9805322,11633635,11640218,14157811,14162997,17893815,17896130,21536006,21552692,21965283,21971867,22771724,22774544,5389980,5392613,6445521,6450808,9798741,9805322,11633635,11640218,14157811,14162997,17893815,17896130,21536006,21552692,21965283,21971867,22771724,22774544
X	gcctcgctcttgggttcttaagattaggtagcgttgaaagagggcagtca	5390016,5392649,6445557,6450844,9798777,9805358,11633671,11640254,14157847,14163033,17893851,17896166,21536042,21552728,21965319,21971903,22771760,22774580,5390016,5392649,6445557,6450844,9798777,9805358,11633671,11640254,14157847,14163033,17893851,17896166,21536042,21552728,21965319,21971903,22771760,22774580
X	gcgatgagtcttgctttaagggtaggccaatcttcgatgttcggaagtcc	5391788,6449985,9804498,11639392,14162173,21551869,21971040,22773720
X	gcgttgaaagagggcagtcaaatctgcttaggtcaggctttaggatgttt	5390046,5392679,6445587,6450874,9798807,9805388,11633701,11640284,14157877,14163063,17893881,17896196,21536072,21552758,21965349,21971933,22771790,22774610,5390046,5392679,6445587,6450874,9798807,9805388,11633701,11640284,14157877,14163063,17893881,17896196,21536072,21552758,21965349,21971933,22771790,22774610
X	gctcttaggcttcctctgtatggtgtctccctgaagttctccagaagttt	5391710,6449907,9804420,11639314,14162095,21551791,21970962
X	gctcttgggttcttaagattaggtagcgttgaaagagggcagtcaaatct	5390021,5392654,6445562,6450849,9798782,9805363,11633676,11640259,14157852,14163038,17893856,17896171,21536047,21552733,21965324,21971908,22771765,22774585,5390021,5392654,6445562,6450849,9798782,9805363,11633676,11640259,14157852,14163038,17893856,17896171,21536047,21552733,21965324,21971908,22771765,22774585
X	gctgataaaggtgtgaagggtttctggatcacccttgaatggcataatgt	5391946,6450143,9804656,11639550,14162331,21552027,21971198,22773878
X	gcttaggtcaggctttaggatgtttacaagaacggctgcgctgccaaaga	5390071,5392704,6445612,6450899,9798832,9805413,11633726,11640309,14157902,14163088,17893906,17896221,21536097,21552783,21965374,21971958,22771815,22774635,5390071,5392704,6445612,6450899,9798832,9805413,11633726,11640309,14157902,14163088,17893906,17896221,21536097,21552783,21965374,21971958,22771815,22774635
X	gcttcctctgtatggtgtctccctgaagttctccagaagtttgtagtttg	5391718,6449915,9804428,11639322,14162103,21551799,21970970
X	gctttaagggtaggccaatcttcgatgttcggaagtcccaaagatcgtgt	5391800,6449997,9804510,11639404,14162185,21551881,21971052,22773732
X	gctttaggatgtttacaagaacggctgcgctgccaaagataaacgaatgc	5390082,5392715,6445623,6450910,9798843,9805424,11633737,11640320,14157913,14163099,21536108,21552794,21965385,21971969,22771826,22774646,5390082,5392715,6445623,6450910,9798843,9805424,11633737,11640320,14157913,14163099,21536108,21552794,21965385,21971969,22771826,22774646
X	ggaagtcccaaagatcgtgtaatttgtccgtccaagttcctttcgatggc	5391830,6450027,9804540,11639434,14162215,21551911,21971082,22773762
X	ggagaaatagtttcacgactttattctttggatctcagcttaagactaaa	5389902,5392535,6445443,6450730,9798663,9805244,11633557,11640140,14157733,14162919,17893737,17896052,21535928,21552614,21965205,21971789,22771646,22774466,5389902,5392535,6445443,6450730,9798663,9805244,11633557,11640140,14157733,14162919,17893737,17896052,21535928,21552614,21965205,21971789,22771646,22774466
X	ggagaagcctcagtatttgaacaatatttgtatttcgggagagcctcgct	5389974,5392607,6445515,6450802,9798735,9805316,11633629,11640212,14157805,14162991,17893809,17896124,21536000,21552686,21965277,21971861,22771718,22774538,5389974,5392607,6445515,6450802,9798735,9805316,11633629,11640212,14157805,14162991,17893809,17896124,21536000,21552686,21965277,21971861,22771718,22774538
X	ggagagcctcgctcttgggttcttaagattaggtagcgttgaaagagggc	5390011,5392644,6445552,6450839,9798772,9805353,11633666,11640249,14157842,14163028,17893846,17896161,21536037,21552723,21965314,21971898,22771755,22774575,5390011,5392644,6445552,6450839,9798772,9805353,11633666,11640249,14157842,14163028,17893846,17896161,21536037,21552723,21965314,21971898,22771755,22774575
X	ggatatgattaatacttggttatcattgtagttaatccaagtggatgttt	5390953,9799714,11634608,14158784,17894787,21966256,22772697
X	ggatcacccttgaatggcataatgtctttaagctgccgacgggcttcggc	5391971,6450168,9804681,11639575,14162356,21552052,21971223,22773903
X	ggcagtcaaatctgcttaggtcaggctttaggatgtttacaagaacggct	5390058,5392691,6445599,6450886,9798819,9805400,11633713,11640296,14157889,14163075,17893893,17896208,21536084,21552770,21965361,21971945,22771802,22774622,5390058,5392691,6445599,6450886,9798819,9805400,11633713,11640296,14157889,14163075,17893893,17896208,21536084,21552770,21965361,21971945,22771802,22774622
X	ggccaatcttcgatgttcggaagtcccaaagatcgtgtaatttgtccgtc	5391812,6450009,9804522,11639416,14162197,21551893,21971064,22773744
X	ggcttcctctgtatggtgtctccctgaagttctccagaagtttgtagttt	5391717,6449914,9804427,11639321,14162102,21551798,21970969
X	ggctttaggatgtttacaagaacggctgcgctgccaaagataaacgaatg	5390081,5392714,6445622,6450909,9798842,9805423,11633736,11640319,14157912,14163098,17893916,17896231,21536107,21552793,21965384,21971968,22771825,22774645,5390081,5392714,6445622,6450909,9798842,9805423,11633736,11640319,14157912,14163098,17893916,17896231,21536107,21552793,21965384,21971968,22771825,22774645
X	gggagagcctcgctcttgggttcttaagattaggtagcgttgaaagaggg	5390010,5392643,6445551,6450838,9798771,9805352,11633665,11640248,14157841,14163027,17893845,17896160,21536036,21552722,21965313,21971897,22771754,22774574,5390010,5392643,6445551,6450838,9798771,9805352,11633665,11640248,14157841,14163027,17893845,17896160,21536036,21552722,21965313,21971897,22771754,22774574
X	gggatatgattaatacttggttatcattgtagttaatccaagtggatgtt	5390952,9799713,11634607,14158783,17894786,21966255,22772696
X	gggcagtcaaatctgcttaggtcaggctttaggatgtttacaagaacggc	5390057,5392690,6445598,6450885,9798818,9805399,11633712,11640295,14157888,14163074,17893892,17896207,21536083,21552769,21965360,21971944,22771801,22774621,5390057,5392690,6445598,6450885,9798818,9805399,11633712,11640295,14157888,14163074,17893892,17896207,21536083,21552769,21965360,21971944,22771801,22774621
X	gggtaggccaatcttcgatgttcggaagtcccaaagatcgtgtaatttgt	5391807,6450004,9804517,11639411,14162192,21551888,21971059,22773739
X	gggtatgtgggatatgattaatacttggttatcattgtagttaatccaag	5390944,9799705,11634599,14158775,17894778,21966247,22772688
X	gggttcttaagattaggtagcgttgaaagagggcagtcaaatctgcttag	5390027,5392660,6445568,6450855,9798788,9805369,11633682,11640265,14157858,14163044,17893862,17896177,21536053,21552739,21965330,21971914,22771771,22774591,5390027,5392660,6445568,6450855,9798788,9805369,11633682,11640265,14157858,14163044,17893862,17896177,21536053,21552739,21965330,21971914,22771771,22774591
X	gggtttctggatcacccttgaatggcataatgtctttaagctgccgacgg	5391963,6450160,9804673,11639567,14162348,21552044,21971215,22773895
X	ggtaaatgggtatgtgggatatgattaatacttggttatcattgtagtta	5390937,9799698,11634592,14158768,17894771,21966240,22772681
X	ggtagcgttgaaagagggcagtcaaatctgcttaggtcaggctttaggat	5390042,5392675,6445583,6450870,9798803,9805384,11633697,11640280,14157873,14163059,17893877,17896192,21536068,21552754,21965345,21971929,22771786,22774606,5390042,5392675,6445583,6450870,9798803,9805384,11633697,11640280,14157873,14163059,17893877,17896192,21536068,21552754,21965345,21971929,22771786,22774606
X	ggtaggccaatcttcgatgttcggaagtcccaaagatcgtgtaatttgtc	5391808,6450005,9804518,11639412,14162193,21551889,21971060,22773740
X	ggtatgtgggatatgattaatacttggttatcattgtagttaatccaagt	5390945,9799706,11634600,14158776,17894779,21966248,22772689
X	ggtcaggctttaggatgtttacaagaacggctgcgctgccaaagataaac	5390076,5392709,6445617,6450904,9798837,9805418,11633731,11640314,14157907,14163093,17893911,17896226,21536102,21552788,21965379,21971963,22771820,22774640,5390076,5392709,6445617,6450904,9798837,9805418,11633731,11640314,14157907,14163093,17893911,17896226,21536102,21552788,21965379,21971963,22771820,22774640
X	ggtgtgaagggtttctggatcacccttgaatggcataatgtctttaagct	5391955,6450152,9804665,11639559,14162340,21552036,21971207,22773887
X	ggttaagaattgtttgggttaagttccaggttacaattgtgtttggttct	5390670,6446211,9799431,11634325,14158501,17894504,21965973,22772414
X	ggttcttaagattaggtagcgttgaaagagggcagtcaaatctgcttagg	5390028,5392661,6445569,6450856,9798789,9805370,11633683,11640266,14157859,14163045,17893863,17896178,21536054,21552740,21965331,21971915,22771772,22774592,5390028,5392661,6445569,6450856,9798789,9805370,11633683,11640266,14157859,14163045,17893863,17896178,21536054,21552740,21965331,21971915,22771772,22774592
X	ggtttctggatcacccttgaatggcataatgtctttaagctgccgacggg	5391964,6450161,9804674,11639568,14162349,21552045,21971216,22773896
X	gtaaatgggtatgtgggatatgattaatacttggttatcattgtagttaa	5390938,9799699,11634593,14158769,17894772,21966241,22772682
X	gtaatttgtccgtccaagttcctttcgatggctcccagtagaatcctctg	5391848,6450045,9804558,11639452,14162233,21551929,21971100,22773780
X	gtagcgttgaaagagggcagtcaaatctgcttaggtcaggctttaggatg	5390043,5392676,6445584,6450871,9798804,9805385,11633698,11640281,14157874,14163060,17893878,17896193,21536069,21552755,21965346,21971930,22771787,22774607,5390043,5392676,6445584,6450871,9798804,9805385,11633698,11640281,14157874,14163060,17893878,17896193,21536069,21552755,21965346,21971930,22771787,22774607
X	gtaggccaatcttcgatgttcggaagtcccaaagatcgtgtaatttgtcc	5391809,6450006,9804519,11639413,14162194,21551890,21971061,22773741
X	gtatggtgtctccctgaagttctccagaagtttgtagtttggtgtttgaa	5391727,6449924,9804437,11639331,14162112,21551808,21970979
X	gtatgtgggatatgattaatacttggttatcattgtagttaatccaagtg	5390946,9799707,11634601,14158777,17894780,21966249,22772690
X	gtatttcgggagagcctcgctcttgggttcttaagattaggtagcgttga	5390003,5392636,6445544,6450831,9798764,9805345,11633658,11640241,14157834,14163020,17893838,17896153,21536029,21552715,21965306,21971890,22771747,22774567,5390003,5392636,6445544,6450831,9798764,9805345,11633658,11640241,14157834,14163020,17893838,17896153,21536029,21552715,21965306,21971890,22771747,22774567
X	gtatttgaacaatatttgtatttcgggagagcctcgctcttgggttctta	5389986,5392619,6445527,6450814,9798747,9805328,11633641,11640224,14157817,14163003,17893821,17896136,21536012,21552698,21965289,21971873,22771730,22774550,5389986,5392619,6445527,6450814,9798747,9805328,11633641,11640224,14157817,14163003,17893821,17896136,21536012,21552698,21965289,21971873,22771730,22774550
X	gtcaaatctgcttaggtcaggctttaggatgtttacaagaacggctgcgc	5390062,5392695,6445603,6450890,9798823,9805404,11633717,11640300,14157893,14163079,17893897,17896212,21536088,21552774,21965365,21971949,22771806,22774626,5390062,5392695,6445603,6450890,9798823,9805404,11633717,11640300,14157893,14163079,17893897,17896212,21536088,21552774,21965365,21971949,22771806,22774626
X	gtcaggctttaggatgtttacaagaacggctgcgctgccaaagataaacg	5390077,5392710,6445618,6450905,9798838,9805419,11633732,11640315,14157908,14163094,17893912,17896227,21536103,21552789,21965380,21971964,22771821,22774641,5390077,5392710,6445618,6450905,9798838,9805419,11633732,11640315,14157908,14163094,17893912,17896227,21536103,21552789,21965380,21971964,22771821,22774641
X	gtcccaaagatcgtgtaatttgtccgtccaagttcctttcgatggctccc	5391834,6450031,9804544,11639438,14162219,21551915,21971086,22773766
X	gtcttgctttaagggtaggccaatcttcgatgttcggaagtcccaaagat	5391795,6449992,9804505,11639399,14162180,21551876,21971047,22773727
X	gtgaaaggtaaatgggtatgtgggatatgattaatacttggttatcattg	5390931,9799692,11634586,14158762,17894765,21966234,22772675
X	gtgaagggtttctggatcacccttgaatggcataatgtctttaagctgcc	5391958,6450155,9804668,11639562,14162343,21552039,21971210,22773890
X	gtgcaatggtaattaaggatcttaagtctgtaatatcgtgatgggctaaa	6449707,9804220,11639114,14161895,21970762
X	gtgggatatgattaatacttggttatcattgtagttaatccaagtggatg	5390950,9799711,11634605,14158781,17894784,21966253,22772694
X	gtgtaatttgtccgtccaagttcctttcgatggctcccagtagaatcctc	5391846,6450043,9804556,11639450,14162231,21551927,21971098,22773778
X	gtgtctgtgtaatctagctgatagccgttggagtctgggtaaggaattat	5390864,6446377,9799625,11634519,14158695,17894698,21966167,22772608
X	gtgtgaagggtttctggatcacccttgaatggcataatgtctttaagctg	5391956,6450153,9804666,11639560,14162341,21552037,21971208,22773888
X	gttaagaattgtttgggttaagttccaggttacaattgtgtttggttcta	5390671,6446212,9799432,11634326,14158502,17894505,21965974,22772415
X	gttcggaagtcccaaagatcgtgtaatttgtccgtccaagttcctttcga	5391826,6450023,9804536,11639430,14162211,21551907,21971078,22773758
X	gttcttaagattaggtagcgttgaaagagggcagtcaaatctgcttaggt	5390029,5392662,6445570,6450857,9798790,9805371,11633684,11640267,14157860,14163046,17893864,17896179,21536055,21552741,21965332,21971916,22771773,22774593,5390029,5392662,6445570,6450857,9798790,9805371,11633684,11640267,14157860,14163046,17893864,17896179,21536055,21552741,21965332,21971916,22771773,22774593
X	gttgaaagagggcagtcaaatctgcttaggtcaggctttaggatgtttac	5390048,5392681,6445589,6450876,9798809,9805390,11633703,11640286,14157879,14163065,17893883,17896198,21536074,21552760,21965351,21971935,22771792,22774612,5390048,5392681,6445589,6450876,9798809,9805390,11633703,11640286,14157879,14163065,17893883,17896198,21536074,21552760,21965351,21971935,22771792,22774612
X	gttgatcctgtgtctagaaggcatttgtatgagcgccctttgtatactat	6448960,9803473,11638367,14161148,21550844,21970015
X	gtttctggatcacccttgaatggcataatgtctttaagctgccgacgggc	5391965,6450162,9804675,11639569,14162350,21552046,21971217,22773897
X	taaagagaagcctatacttgggctgggattgatggatatagtgtgggaaa	5390240,6445781,9799001,11633895,14158071,17894075,21536266,21965543,22771984
X	taaaggtgtgaagggtttctggatcacccttgaatggcataatgtcttta	5391951,6450148,9804661,11639555,14162336,21552032,21971203,22773883
X	taaatgggtatgtgggatatgattaatacttggttatcattgtagttaat	5390939,9799700,11634594,14158770,17894773,21966242,22772683
X	taaattccgcgatgagtcttgctttaagggtaggccaatcttcgatgttc	5391780,6449977,9804490,11639384,14162165,21551861,21971032,22773712
X	taagaattgtttgggttaagttccaggttacaattgtgtttggttctatg	5390673,6446214,9799434,11634328,14158504,17894507,21965976,22772417
X	taagattaggtagcgttgaaagagggcagtcaaatctgcttaggtcaggc	5390034,5392667,6445575,6450862,9798795,9805376,11633689,11640272,14157865,14163051,17893869,17896184,21536060,21552746,21965337,21971921,22771778,22774598,5390034,5392667,6445575,6450862,9798795,9805376,11633689,11640272,14157865,14163051,17893869,17896184,21536060,21552746,21965337,21971921,22771778,22774598
X	taagggtaggccaatcttcgatgttcggaagtcccaaagatcgtgtaatt	5391804,6450001,9804514,11639408,14162189,21551885,21971056,22773736
X	taatttgtccgtccaagttcctttcgatggctcccagtagaatcctctgt	5391849,6450046,9804559,11639453,14162234,21551930,21971101,22773781
X	tactatttctgggtaacataatcaagtcgttcaaggtaatagggccattt	6448841,9803354,11638248,14161029,21544200,21969896
X	tagcgttgaaagagggcagtcaaatctgcttaggtcaggctttaggatgt	5390044,5392677,6445585,6450872,9798805,9805386,11633699,11640282,14157875,14163061,17893879,17896194,21536070,21552756,21965347,21971931,22771788,22774608,5390044,5392677,6445585,6450872,9798805,9805386,11633699,11640282,14157875,14163061,17893879,17896194,21536070,21552756,21965347,21971931,22771788,22774608
X	taggagaaatagtttcacgactttattctttggatctcagcttaagacta	5389900,5392533,6445441,6450728,9798661,9805242,11633555,11640138,14157731,14162917,17893735,17896050,21535926,21552612,21965203,21971787,22771644,22774464,5389900,5392533,6445441,6450728,9798661,9805242,11633555,11640138,14157731,14162917,17893735,17896050,21535926,21552612,21965203,21971787,22771644,22774464
X	taggccaatcttcgatgttcggaagtcccaaagatcgtgtaatttgtccg	5391810,6450007,9804520,11639414,14162195,21551891,21971062,22773742
X	taggcttcctctgtatggtgtctccctgaagttctccagaagtttgtagt	5391715,6449912,9804425,11639319,14162100,21551796,21970967
X	taggtagcgttgaaagagggcagtcaaatctgcttaggtcaggctttagg	5390040,5392673,6445581,6450868,9798801,9805382,11633695,11640278,14157871,14163057,17893875,17896190,21536066,21552752,21965343,21971927,22771784,22774604,5390040,5392673,6445581,6450868,9798801,9805382,11633695,11640278,14157871,14163057,17893875,17896190,21536066,21552752,21965343,21971927,22771784,22774604
X	taggtcaggctttaggatgtttacaagaacggctgcgctgccaaagataa	5390074,5392707,6445615,6450902,9798835,9805416,11633729,11640312,14157905,14163091,17893909,17896224,21536100,21552786,21965377,21971961,22771818,22774638,5390074,5392707,6445615,6450902,9798835,9805416,11633729,11640312,14157905,14163091,17893909,17896224,21536100,21552786,21965377,21971961,22771818,22774638
X	tagtgaaaggtaaatgggtatgtgggatatgattaatacttggttatcat	5390929,9799690,11634584,14158760,17894763,21966232,22772673
X	tatggtgtctccctgaagttctccagaagtttgtagtttggtgtttgaat	5391728,6449925,9804438,11639332,14162113,21551809,21970980
X	tatgtgggatatgattaatacttggttatcattgtagttaatccaagtgg	5390947,9799708,11634602,14158778,17894781,21966250,22772691
X	tattacaatgatcatttgtatgtaaagtgtaatattgttctctgaaatca	5390425,6445966,9799186,11634080,14158256,17894260,21965728,22772169
X	tattagtgaaaggtaaatgggtatgtgggatatgattaatacttggttat	5390926,9799687,11634581,14158757,17894760,21966229,22772670
X	tattgattcctgatctgagcttgcaattgattctggtgtcctttggatat	6448611,9803124,11638018,14160799,21969666
X	tatttcgggagagcctcgctcttgggttcttaagattaggtagcgttgaa	5390004,5392637,6445545,6450832,9798765,9805346,11633659,11640242,14157835,14163021,17893839,17896154,21536030,21552716,21965307,21971891,22771748,22774568,5390004,5392637,6445545,6450832,9798765,9805346,11633659,11640242,14157835,14163021,17893839,17896154,21536030,21552716,21965307,21971891,22771748,22774568
X	tatttctgggtaacataatcaagtcgttcaaggtaatagggccatttgat	6448844,9803357,11638251,14161032,21544203,21969899
X	tatttgaacaatatttgtatttcgggagagcctcgctcttgggttcttaa	5389987,5392620,6445528,6450815,9798748,9805329,11633642,11640225,14157818,14163004,17893822,17896137,21536013,21552699,21965290,21971874,22771731,22774551,5389987,5392620,6445528,6450815,9798748,9805329,11633642,11640225,14157818,14163004,17893822,17896137,21536013,21552699,21965290,21971874,22771731,22774551
X	tatttgtatttcgggagagcctcgctcttgggttcttaagattaggtagc	5389998,5392631,6445539,6450826,9798759,9805340,11633653,11640236,14157829,14163015,17893833,17896148,21536024,21552710,21965301,21971885,22771742,22774562,5389998,5392631,6445539,6450826,9798759,9805340,11633653,11640236,14157829,14163015,17893833,17896148,21536024,21552710,21965301,21971885,22771742,22774562
X	tcaaatctgcttaggtcaggctttaggatgtttacaagaacggctgcgct	5390063,5392696,6445604,6450891,9798824,9805405,11633718,11640301,14157894,14163080,17893898,17896213,21536089,21552775,21965366,21971950,22771807,22774627,5390063,5392696,6445604,6450891,9798824,9805405,11633718,11640301,14157894,14163080,17893898,17896213,21536089,21552775,21965366,21971950,22771807,22774627
X	tcacccttgaatggcataatgtctttaagctgccgacgggcttcggcaag	5391974,6450171,9804684,11639578,14162359,21552055,21971226,22773906
X	tcaggctttaggatgtttacaagaacggctgcgctgccaaagataaacga	5390078,5392711,6445619,6450906,9798839,9805420,11633733,11640316,14157909,14163095,17893913,17896228,21536104,21552790,21965381,21971965,22771822,22774642,5390078,5392711,6445619,6450906,9798839,9805420,11633733,11640316,14157909,14163095,17893913,17896228,21536104,21552790,21965381,21971965,22771822,22774642
X	tcagtatttgaacaatatttgtatttcgggagagcctcgctcttgggttc	5389983,5392616,6445524,6450811,9798744,9805325,11633638,11640221,14157814,14163000,17893818,17896133,21536009,21552695,21965286,21971870,22771727,22774547,5389983,5392616,6445524,6450811,9798744,9805325,11633638,11640221,14157814,14163000,17893818,17896133,21536009,21552695,21965286,21971870,22771727,22774547
X	tcccaaagatcgtgtaatttgtccgtccaagttcctttcgatggctccca	5391835,6450032,9804545,11639439,14162220,21551916,21971087,22773767
X	tcccttaaagagaagcctatacttgggctgggattgatggatatagtgtg	5390235,6445776,9798996,11633890,14158066,17894070,21536261,21965538,22771979
X	tccgattggttaccttccaggtgtagtttcgaaattagtaattgacgtcg	6449835,9804348,11639242,14162023,21551719,21970890
X	tccgcgatgagtcttgctttaagggtaggccaatcttcgatgttcggaag	5391785,6449982,9804495,11639389,14162170,21551866,21971037,22773717
X	tcctctgtatggtgtctccctgaagttctccagaagtttgtagtttggtg	5391721,6449918,9804431,11639325,14162106,21551802,21970973
X	tcctgatctgagcttgcaattgattctggtgtcctttggatatacaaatt	6448618,9803131,11638025,14160806,21969673
X	tccttatcagtatcttaatagattctttaataccctgaatataaataaga	6449782,9804295,11639189,14161970,21551666
X	tcgatgttcggaagtcccaaagatcgtgtaatttgtccgtccaagttcct	5391821,6450018,9804531,11639425,14162206,21551902,21971073,22773753
X	tcgcagaatgctcttaggcttcctctgtatggtgtctccctgaagttctc	5391701,6449898,9804411,11639305,14162086,21551782,21970953
X	tcgctcttgggttcttaagattaggtagcgttgaaagagggcagtcaaat	5390019,5392652,6445560,6450847,9798780,9805361,11633674,11640257,14157850,14163036,17893854,17896169,21536045,21552731,21965322,21971906,22771763,22774583,5390019,5392652,6445560,6450847,9798780,9805361,11633674,11640257,14157850,14163036,17893854,17896169,21536045,21552731,21965322,21971906,22771763,22774583
X	tcggaagtcccaaagatcgtgtaatttgtccgtccaagttcctttcgatg	5391828,6450025,9804538,11639432,14162213,21551909,21971080,22773760
X	tcgggagagcctcgctcttgggttcttaagattaggtagcgttgaaagag	5390008,5392641,6445549,6450836,9798769,9805350,11633663,11640246,14157839,14163025,17893843,17896158,21536034,21552720,21965311,21971895,22771752,22774572,5390008,5392641,6445549,6450836,9798769,9805350,11633663,11640246,14157839,14163025,17893843,17896158,21536034,21552720,21965311,21971895,22771752,22774572
X	tcgtgtaatttgtccgtccaagttcctttcgatggctcccagtagaatcc	5391844,6450041,9804554,11639448,14162229,21551925,21971096,22773776
X	tctgcttaggtcaggctttaggatgtttacaagaacggctgcgctgccaa	5390068,5392701,6445609,6450896,9798829,9805410,11633723,11640306,14157899,14163085,17893903,17896218,21536094,21552780,21965371,21971955,22771812,22774632,5390068,5392701,6445609,6450896,9798829,9805410,11633723,11640306,14157899,14163085,17893903,17896218,21536094,21552780,21965371,21971955,22771812,22774632
X	tctggatcacccttgaatggcataatgtctttaagctgccgacgggcttc	5391968,6450165,9804678,11639572,14162353,21552049,21971220,22773900
X	tctgggtaacataatcaagtcgttcaaggtaatagggccatttgatgtta	6448848,9803361,11638255,14161036,21544207,21969903
X	tctgtatggtgtctccctgaagttctccagaagtttgtagtttggtgttt	5391724,6449921,9804434,11639328,14162109,21551805,21970976
X	tcttaagattaggtagcgttgaaagagggcagtcaaatctgcttaggtca	5390031,5392664,6445572,6450859,9798792,9805373,11633686,11640269,14157862,14163048,17893866,17896181,21536057,21552743,21965334,21971918,22771775,22774595,5390031,5392664,6445572,6450859,9798792,9805373,11633686,11640269,14157862,14163048,17893866,17896181,21536057,21552743,21965334,21971918,22771775,22774595
X	tcttaggcttcctctgtatggtgtctccctgaagttctccagaagtttgt	5391712,6449909,9804422,11639316,14162097,21551793,21970964
X	tcttcgatgttcggaagtcccaaagatcgtgtaatttgtccgtccaagtt	5391818,6450015,9804528,11639422,14162203,21551899,21971070,22773750
X	tcttcgcagaatgctcttaggcttcctctgtatggtgtctccctgaagtt	5391698,6449895,9804408,11639302,14162083,21551779,21970950
X	tcttgctttaagggtaggccaatcttcgatgttcggaagtcccaaagatc	5391796,6449993,9804506,11639400,14162181,21551877,21971048,22773728
X	tcttgggttcttaagattaggtagcgttgaaagagggcagtcaaatctgc	5390023,5392656,6445564,6450851,9798784,9805365,11633678,11640261,14157854,14163040,17893858,17896173,21536049,21552735,21965326,21971910,22771767,22774587,5390023,5392656,6445564,6450851,9798784,9805365,11633678,11640261,14157854,14163040,17893858,17896173,21536049,21552735,21965326,21971910,22771767,22774587
X	tgaaagagggcagtcaaatctgcttaggtcaggctttaggatgtttacaa	5390050,5392683,6445591,6450878,9798811,9805392,11633705,11640288,14157881,14163067,17893885,17896200,21536076,21552762,21965353,21971937,22771794,22774614,5390050,5392683,6445591,6450878,9798811,9805392,11633705,11640288,14157881,14163067,17893885,17896200,21536076,21552762,21965353,21971937,22771794,22774614
X	tgaaaggtaaatgggtatgtgggatatgattaatacttggttatcattgt	5390932,9799693,11634587,14158763,17894766,21966235,22772676
X	tgaacaatatttgtatttcgggagagcctcgctcttgggttcttaagatt	5389991,5392624,6445532,6450819,9798752,9805333,11633646,11640229,14157822,14163008,17893826,17896141,21536017,21552703,21965294,21971878,22771735,22774555,5389991,5392624,6445532,6450819,9798752,9805333,11633646,11640229,14157822,14163008,17893826,17896141,21536017,21552703,21965294,21971878,22771735,22774555
X	tgaagggtttctggatcacccttgaatggcataatgtctttaagctgccg	5391959,6450156,9804669,11639563,14162344,21552040,21971211,22773891
X	tgaatggcataatgtctttaagctgccgacgggcttcggcaaggtttatg	5391981,6450178,9804691,11639585,14162366,21552062,21971233,22773913
X	tgagtcgaactaatgtcccgtcagttgactaaggacaacgccaagaaata	5389838,5392471,6445379,6450666,9798599,9805180,11633493,11640076,14157669,14162855,17893673,17895988,21535864,21552550,21965141,21971725,22771582,22774402,5389838,5392471,6445379,6450666,9798599,9805180,11633493,11640076,14157669,14162855,17893673,17895988,21535864,21552550,21965141,21971725,22771582,22774402
X	tgagtcttgctttaagggtaggccaatcttcgatgttcggaagtcccaaa	5391792,6449989,9804502,11639396,14162177,21551873,21971044,22773724
X	tgataaaggtgtgaagggtttctggatcacccttgaatggcataatgtct	5391948,6450145,9804658,11639552,14162333,21552029,21971200,22773880
X	tgatcctgtgtctagaaggcatttgtatgagcgccctttgtatactattt	6448962,9803475,11638369,14161150,21550846,21970017
X	tgattcctgatctgagcttgcaattgattctggtgtcctttggatataca	6448614,9803127,11638021,14160802,21969669
X	tgctcttaggcttcctctgtatggtgtctccctgaagttctccagaagtt	5391709,6449906,9804419,11639313,14162094,21551790,21970961
X	tgctgataaaggtgtgaagggtttctggatcacccttgaatggcataatg	5391945,6450142,9804655,11639549,14162330,21552026,21971197,22773877
X	tgcttaggtcaggctttaggatgtttacaagaacggctgcgctgccaaag	5390070,5392703,6445611,6450898,9798831,9805412,11633725,11640308,14157901,14163087,17893905,17896220,21536096,21552782,21965373,21971957,22771814,22774634,5390070,5392703,6445611,6450898,9798831,9805412,11633725,11640308,14157901,14163087,17893905,17896220,21536096,21552782,21965373,21971957,22771814,22774634
X	tgctttaagggtaggccaatcttcgatgttcggaagtcccaaagatcgtg	5391799,6449996,9804509,11639403,14162184,21551880,21971051,22773731
X	tggatcacccttgaatggcataatgtctttaagctgccgacgggcttcgg	5391970,6450167,9804680,11639574,14162355,21552051,21971222,22773902
X	tgggatatgattaatacttggttatcattgtagttaatccaagtggatgt	5390951,9799712,11634606,14158782,17894785,21966254,22772695
X	tgggtaacataatcaagtcgttcaaggtaatagggccatttgatgttaaa	6448850,9803363,11638257,14161038,21544209,21969905
X	tgggtatgtgggatatgattaatacttggttatcattgtagttaatccaa	5390943,9799704,11634598,14158774,17894777,21966246,22772687
X	tgggttcttaagattaggtagcgttgaaagagggcagtcaaatctgctta	5390026,5392659,6445567,6450854,9798787,9805368,11633681,11640264,14157857,14163043,17893861,17896176,21536052,21552738,21965329,21971913,22771770,22774590,5390026,5392659,6445567,6450854,9798787,9805368,11633681,11640264,14157857,14163043,17893861,17896176,21536052,21552738,21965329,21971913,22771770,22774590
X	tggtgtctccctgaagttctccagaagtttgtagtttggtgtttgaattt	5391730,6449927,9804440,11639334,14162115,21551811,21970982
X	tggttaagaattgtttgggttaagttccaggttacaattgtgtttggttc	5390669,6446210,9799430,11634324,14158500,17894503,21965972,22772413
X	tgtaatttgtccgtccaagttcctttcgatggctcccagtagaatcctct	5391847,6450044,9804557,11639451,14162232,21551928,21971099,22773779
X	tgtatggtgtctccctgaagttctccagaagtttgtagtttggtgtttga	5391726,6449923,9804436,11639330,14162111,21551807,21970978
X	tgtatttcgggagagcctcgctcttgggttcttaagattaggtagcgttg	5390002,5392635,6445543,6450830,9798763,9805344,11633657,11640240,14157833,14163019,17893837,17896152,21536028,21552714,21965305,21971889,22771746,22774566,5390002,5392635,6445543,6450830,9798763,9805344,11633657,11640240,14157833,14163019,17893837,17896152,21536028,21552714,21965305,21971889,22771746,22774566
X	tgtgaagggtttctggatcacccttgaatggcataatgtctttaagctgc	5391957,6450154,9804667,11639561,14162342,21552038,21971209,22773889
X	tgtgcaatggtaattaaggatcttaagtctgtaatatcgtgatgggctaa	6449706,9804219,11639113,14161894,21970761
X	tgtgggatatgattaatacttggttatcattgtagttaatccaagtggat	5390949,9799710,11634604,14158780,17894783,21966252,22772693
X	tgtgtctgtgtaatctagctgatagccgttggagtctgggtaaggaatta	5390863,6446376,9799624,11634518,14158694,17894697,21966166,22772607
X	tgttcggaagtcccaaagatcgtgtaatttgtccgtccaagttcctttcg	5391825,6450022,9804535,11639429,14162210,21551906,21971077,22773757
X	tgttgatcctgtgtctagaaggcatttgtatgagcgccctttgtatacta	6448959,9803472,11638366,14161147,21550843,21970014
X	ttaaagagaagcctatacttgggctgggattgatggatatagtgtgggaa	5390239,6445780,9799000,11633894,14158070,17894074,21536265,21965542,22771983
X	ttaaattccgcgatgagtcttgctttaagggtaggccaatcttcgatgtt	5391779,6449976,9804489,11639383,14162164,21551860,21971031,22773711
X	ttaagaattgtttgggttaagttccaggttacaattgtgtttggttctat	5390672,6446213,9799433,11634327,14158503,17894506,21965975,22772416
X	ttaagattaggtagcgttgaaagagggcagtcaaatctgcttaggtcagg	5390033,5392666,6445574,6450861,9798794,9805375,11633688,11640271,14157864,14163050,17893868,17896183,21536059,21552745,21965336,21971920,22771777,22774597,5390033,5392666,6445574,6450861,9798794,9805375,11633688,11640271,14157864,14163050,17893868,17896183,21536059,21552745,21965336,21971920,22771777,22774597
X	ttaagggtaggccaatcttcgatgttcggaagtcccaaagatcgtgtaat	5391803,6450000,9804513,11639407,14162188,21551884,21971055,22773735
X	ttaggagaaatagtttcacgactttattctttggatctcagcttaagact	5389899,5392532,6445440,6450727,9798660,9805241,11633554,11640137,14157730,14162916,17893734,17896049,21535925,21552611,21965202,21971786,22771643,22774463,5389899,5392532,6445440,6450727,9798660,9805241,11633554,11640137,14157730,14162916,17893734,17896049,21535925,21552611,21965202,21971786,22771643,22774463
X	ttaggcttcctctgtatggtgtctccctgaagttctccagaagtttgtag	5391714,6449911,9804424,11639318,14162099,21551795,21970966
X	ttaggtagcgttgaaagagggcagtcaaatctgcttaggtcaggctttag	5390039,5392672,6445580,6450867,9798800,9805381,11633694,11640277,14157870,14163056,17893874,17896189,21536065,21552751,21965342,21971926,22771783,22774603,5390039,5392672,6445580,6450867,9798800,9805381,11633694,11640277,14157870,14163056,17893874,17896189,21536065,21552751,21965342,21971926,22771783,22774603
X	ttaggtcaggctttaggatgtttacaagaacggctgcgctgccaaagata	5390073,5392706,6445614,6450901,9798834,9805415,11633728,11640311,14157904,14163090,17893908,17896223,21536099,21552785,21965376,21971960,22771817,22774637,5390073,5392706,6445614,6450901,9798834,9805415,11633728,11640311,14157904,14163090,17893908,17896223,21536099,21552785,21965376,21971960,22771817,22774637
X	ttagtgaaaggtaaatgggtatgtgggatatgattaatacttggttatca	5390928,9799689,11634583,14158759,17894762,21966231,22772672
X	ttattgattcctgatctgagcttgcaattgattctggtgtcctttggata	6448610,9803123,11638017,14160798,21969665
X	ttcccttaaagagaagcctatacttgggctgggattgatggatatagtgt	5390234,6445775,9798995,11633889,14158065,17894069,21536260,21965537,22771978
X	ttccgcgatgagtcttgctttaagggtaggccaatcttcgatgttcggaa	5391784,6449981,9804494,11639388,14162169,21551865,21971036,22773716
X	ttcctctgtatggtgtctccctgaagttctccagaagtttgtagtttggt	5391720,6449917,9804430,11639324,14162105,21551801,21970972
X	ttcctgatctgagcttgcaattgattctggtgtcctttggatatacaaat	6448617,9803130,11638024,14160805,21969672
X	ttccttatcagtatcttaatagattctttaataccctgaatataaataag	6449781,9804294,11639188,14161969,21551665
X	ttcgatgttcggaagtcccaaagatcgtgtaatttgtccgtccaagttcc	5391820,6450017,9804530,11639424,14162205,21551901,21971072,22773752
X	ttcgcagaatgctcttaggcttcctctgtatggtgtctccctgaagttct	5391700,6449897,9804410,11639304,14162085,21551781,21970952
X	ttcggaagtcccaaagatcgtgtaatttgtccgtccaagttcctttcgat	5391827,6450024,9804537,11639431,14162212,21551908,21971079,22773759
X	ttcgggagagcctcgctcttgggttcttaagattaggtagcgttgaaaga	5390007,5392640,6445548,6450835,9798768,9805349,11633662,11640245,14157838,14163024,17893842,17896157,21536033,21552719,21965310,21971894,22771751,22774571,5390007,5392640,6445548,6450835,9798768,9805349,11633662,11640245,14157838,14163024,17893842,17896157,21536033,21552719,21965310,21971894,22771751,22774571
X	ttctggatcacccttgaatggcataatgtctttaagctgccgacgggctt	5391967,6450164,9804677,11639571,14162352,21552048,21971219,22773899
X	ttctgggtaacataatcaagtcgttcaaggtaatagggccatttgatgtt	6448847,9803360,11638254,14161035,21544206,21969902
X	ttcttaagattaggtagcgttgaaagagggcagtcaaatctgcttaggtc	5390030,5392663,6445571,6450858,9798791,9805372,11633685,11640268,14157861,14163047,17893865,17896180,21536056,21552742,21965333,21971917,22771774,22774594,5390030,5392663,6445571,6450858,9798791,9805372,11633685,11640268,14157861,14163047,17893865,17896180,21536056,21552742,21965333,21971917,22771774,22774594
X	ttgaaagagggcagtcaaatctgcttaggtcaggctttaggatgtttaca	5390049,5392682,6445590,6450877,9798810,9805391,11633704,11640287,14157880,14163066,17893884,17896199,21536075,21552761,21965352,21971936,22771793,22774613,5390049,5392682,6445590,6450877,9798810,9805391,11633704,11640287,14157880,14163066,17893884,17896199,21536075,21552761,21965352,21971936,22771793,22774613
X	ttgaacaatatttgtatttcgggagagcctcgctcttgggttcttaagat	5389990,5392623,6445531,6450818,9798751,9805332,11633645,11640228,14157821,14163007,17893825,17896140,21536016,21552702,21965293,21971877,22771734,22774554,5389990,5392623,6445531,6450818,9798751,9805332,11633645,11640228,14157821,14163007,17893825,17896140,21536016,21552702,21965293,21971877,22771734,22774554
X	ttgaatggcataatgtctttaagctgccgacgggcttcggcaaggtttat	5391980,6450177,9804690,11639584,14162365,21552061,21971232,22773912
X	ttgatcctgtgtctagaaggcatttgtatgagcgccctttgtatactatt	6448961,9803474,11638368,14161149,21550845,21970016
X	ttgattcctgatctgagcttgcaattgattctggtgtcctttggatatac	6448613,9803126,11638020,14160801,21969668
X	ttgctttaagggtaggccaatcttcgatgttcggaagtcccaaagatcgt	5391798,6449995,9804508,11639402,14162183,21551879,21971050,22773730
X	ttgggttcttaagattaggtagcgttgaaagagggcagtcaaatctgctt	5390025,5392658,6445566,6450853,9798786,9805367,11633680,11640263,14157856,14163042,17893860,17896175,21536051,21552737,21965328,21971912,22771769,22774589,5390025,5392658,6445566,6450853,9798786,9805367,11633680,11640263,14157856,14163042,17893860,17896175,21536051,21552737,21965328,21971912,22771769,22774589
X	ttggttaagaattgtttgggttaagttccaggttacaattgtgtttggtt	5390668,6446209,9799429,11634323,14158499,17894502,21965971,22772412
X	ttgtatttcgggagagcctcgctcttgggttcttaagattaggtagcgtt	5390001,5392634,6445542,6450829,9798762,9805343,11633656,11640239,14157832,14163018,17893836,17896151,21536027,21552713,21965304,21971888,22771745,22774565,5390001,5392634,6445542,6450829,9798762,9805343,11633656,11640239,14157832,14163018,17893836,17896151,21536027,21552713,21965304,21971888,22771745,22774565
X	ttgtgcaatggtaattaaggatcttaagtctgtaatatcgtgatgggcta	6449705,9804218,11639112,14161893,21970760
X	tttaaattccgcgatgagtcttgctttaagggtaggccaatcttcgatgt	5391778,6449975,9804488,11639382,14162163,21551859,21971030,22773710
X	tttaagggtaggccaatcttcgatgttcggaagtcccaaagatcgtgtaa	5391802,6449999,9804512,11639406,14162187,21551883,21971054,22773734
X	tttaggagaaatagtttcacgactttattctttggatctcagcttaagac	5389898,5392531,6445439,6450726,9798659,9805240,11633553,11640136,14157729,14162915,17893733,17896048,21535924,21552610,21965201,21971785,22771642,22774462,5389898,5392531,6445439,6450726,9798659,9805240,11633553,11640136,14157729,14162915,17893733,17896048,21535924,21552610,21965201,21971785,22771642,22774462
X	tttaggatgtttacaagaacggctgcgctgccaaagataaacgaatgctg	5390084,5392717,6445625,6450912,9798845,9805426,11633739,11640322,14157915,14163101,21536110,21552796,21965387,21971971,22771828,22774648,5390084,5392717,6445625,6450912,9798845,9805426,11633739,11640322,14157915,14163101,21536110,21552796,21965387,21971971,22771828,22774648
X	tttattgattcctgatctgagcttgcaattgattctggtgtcctttggat	6448609,9803122,11638016,14160797,21969664
X	tttcgggagagcctcgctcttgggttcttaagattaggtagcgttgaaag	5390006,5392639,6445547,6450834,9798767,9805348,11633661,11640244,14157837,14163023,17893841,17896156,21536032,21552718,21965309,21971893,22771750,22774570,5390006,5392639,6445547,6450834,9798767,9805348,11633661,11640244,14157837,14163023,17893841,17896156,21536032,21552718,21965309,21971893,22771750,22774570
X	tttctggatcacccttgaatggcataatgtctttaagctgccgacgggct	5391966,6450163,9804676,11639570,14162351,21552047,21971218,22773898
X	tttctgggtaacataatcaagtcgttcaaggtaatagggccatttgatgt	6448846,9803359,11638253,14161034,21544205,21969901
X	tttgaacaatatttgtatttcgggagagcctcgctcttgggttcttaaga	5389989,5392622,6445530,6450817,9798750,9805331,11633644,11640227,14157820,14163006,17893824,17896139,21536015,21552701,21965292,21971876,22771733,22774553,5389989,5392622,6445530,6450817,9798750,9805331,11633644,11640227,14157820,14163006,17893824,17896139,21536015,21552701,21965292,21971876,22771733,22774553
X	tttggttaagaattgtttgggttaagttccaggttacaattgtgtttggt	5390667,6446208,9799428,11634322,14158498,17894501,21965970,22772411
X	tttgtatttcgggagagcctcgctcttgggttcttaagattaggtagcgt	5390000,5392633,6445541,6450828,9798761,9805342,11633655,11640238,14157831,14163017,17893835,17896150,21536026,21552712,21965303,21971887,22771744,22774564,5390000,5392633,6445541,6450828,9798761,9805342,11633655,11640238,14157831,14163017,17893835,17896150,21536026,21552712,21965303,21971887,22771744,22774564
X	tttgtgcaatggtaattaaggatcttaagtctgtaatatcgtgatgggct	6449704,9804217,11639111,14161892,21970759
