X	aaacaccaaactacaaacttctggagaacttcagggagacaccatacaga	813396,10096304,10526214,18755480,20034459,22621628
X	aaacatccacttggattaactacaatgataaccaagtattaatcatatcc	816721,4163737,10530934,18756216,20035747
X	aaacatcctaaagcctgacctaagcagatttgactgccctctttcaacgc	812442,817615,4158080,4164644,10095351,10100812,10525259,10531841,11240685,18754525,18757718,20033504,20036654,22620675,22626472,812442,817615,4158080,4164644,10095351,10100812,10525259,10531841,11240685,18754525,18757718,20033504,20036654,22620675,22626472
X	aaaccttgccgaagcccgtcggcagcttaaagacattatgccattcaagg	813142,4158781,10096050,10525960,18755226,20034205,22621374
X	aaactacaaacttctggagaacttcagggagacaccatacagaggaagcc	813403,10096311,10526221,18755487,20034466,22621635
X	aaactccatttcccacactatatccatcaatcccagcccaagtataggct	817426,4164442,10100610,10531639,18757516,20036452,22626270
X	aaacttctggagaacttcagggagacaccatacagaggaagcctaagagc	813410,4159049,10096318,10526228,18755494,20034473,22621642
X	aaagacattatgccattcaagggtgatccagaaacccttcacacctttat	813170,4158809,10096078,10525988,18755254,20034233,22621402
X	aaagcctgacctaagcagatttgactgccctctttcaacgctacctaatc	812451,817624,4158089,4164653,10095360,10100821,10525268,10531850,11240694,18754534,18757727,20033513,20036663,22620684,22626481,812451,817624,4158089,4164653,10095360,10100821,10525268,10531850,11240694,18754534,18757727,20033513,20036663,22620684,22626481
X	aaaggaacttggacggacaaattacacgatctttgggacttccgaacatc	813297,4158936,10096205,10526115,18755381,20034360,22621529
X	aaagtatcctggctgccacttctggtctacaggaatacctggatgcattc	1522271,9508716,13429675,22569166
X	aaatacatagaaccaaacacaattgtaacctggaacttaacccaaacaat	816996,4164012,10100180,10531209,18757086,20036022,22625840
X	aaattacacgatctttgggacttccgaacatcgaagattggcctaccctt	813315,4158954,10096223,10526133,18755399,20034378,22621547
X	aaattcaaacaccaaactacaaacttctggagaacttcagggagacacca	813390,10096298,10526208,18755474,20034453,22621622
X	aaattttgatgatgttaccccttacaaaaaatgcgaaaaatgactcaaaa	5490220,5502797,5712270
X	aacaaactgtcgcttggctgcaaggtcaatatttacaagtccatattggc	1522567,9509012,13429971,22569462
X	aacaagagacatcgaacgcgacctcaaggtgcccaaattaggagacaagc	1522737,9509182,13430141,22569632
X	aacaccaaactacaaacttctggagaacttcagggagacaccatacagag	813397,10096305,10526215,18755481,20034460,22621629
X	aacagaggattctactgggagccatcgaaaggaacttggacggacaaatt	813270,4158909,10096178,10526088,18755354,20034333,22621502
X	aacagcctagcaaggaagctaggaactgcagctgtggtcaatgctgaccc	1522834,7702971,8922393,9509279,13430238,16936073,22569729
X	aacaggtagctgtccgggtgtcagtctgaatgggagactgatcagacacc	1522392,9508837,13429796,22569287
X	aacatccacttggattaactacaatgataaccaagtattaatcatatccc	816722,4163738,10530935,18756217,20035748
X	aacatcctaaagcctgacctaagcagatttgactgccctctttcaacgct	812443,817616,4158081,4164645,10095352,10100813,10525260,10531842,11240686,18754526,18757719,20033505,20036655,22620676,22626473,812443,817616,4158081,4164645,10095352,10100813,10525260,10531842,11240686,18754526,18757719,20033505,20036655,22620676,22626473
X	aacatcgaagattggcctacccttaaagcaagactcatcgcggaatttaa	813341,4158980,10096249,10526159,18755425,20034404,22621573
X	aaccaaacacaattgtaacctggaacttaacccaaacaattcttaaccaa	817006,4164022,10100190,10531219,18757096,20036032,22625850
X	aacccaagagcgaggctctcccgaaatacaaatattgttcaaatactgag	812506,817679,4158144,4164708,10095415,10100876,10525323,10531905,11240749,18754589,18757782,20033568,20036718,22620739,22626536,812506,817679,4158144,4164708,10095415,10100876,10525323,10531905,11240749,18754589,18757782,20033568,20036718,22620739,22626536
X	aaccgaacaggtagctgtccgggtgtcagtctgaatgggagactgatcag	1522387,9508832,13429791,22569282
X	aaccttgccgaagcccgtcggcagcttaaagacattatgccattcaaggg	813143,4158782,10096051,10525961,18755227,20034206,22621375
X	aacgccgagaagtgtgccaatgtgacgttcgccaaccgaacaggtagctg	9508799
X	aacgcgacctcaaggtgcccaaattaggagacaagctccagaacatcgcc	1522751,9509196,22569646
X	aacgctacctaatcttaagaacccaagagcgaggctctcccgaaatacaa	812487,817660,4158125,4164689,10095396,10100857,10525304,10531886,11240730,18754570,18757763,20033549,20036699,22620720,22626517,812487,817660,4158125,4164689,10095396,10100857,10525304,10531886,11240730,18754570,18757763,20033549,20036699,22620720,22626517
X	aactacaaacttctggagaacttcagggagacaccatacagaggaagcct	813404,10096312,10526222,18755488,20034467,22621636
X	aactacaatgataaccaagtattaatcatatcccacatacccatttacct	816738,4163754,10530951,18756233,20035764
X	aactccatttcccacactatatccatcaatcccagcccaagtataggctt	817427,4164443,10100611,10531640,18757517,20036453,22626271
X	aactggaatgtgcgcatcaacgccgagaagtgtgccaatgtgacgttcgc	9508781
X	aacttcagggagacaccatacagaggaagcctaagagcattctgcgaaga	813422,4159061,10096330,10526240,18755506,20034485,22621654
X	aacttctggagaacttcagggagacaccatacagaggaagcctaagagca	813411,4159050,10096319,10526229,18755495,20034474,22621643
X	aacttggacggacaaattacacgatctttgggacttccgaacatcgaaga	813302,4158941,10096210,10526120,18755386,20034365,22621534
X	aagaaactccatttcccacactatatccatcaatcccagcccaagtatag	817423,4164439,10100607,10531636,18757513,20036449,22626267
X	aagaacccaagagcgaggctctcccgaaatacaaatattgttcaaatact	812503,817676,4158141,4164705,10095412,10100873,10525320,10531902,11240746,18754586,18757779,20033565,20036715,22620736,22626533,812503,817676,4158141,4164705,10095412,10100873,10525320,10531902,11240746,18754586,18757779,20033565,20036715,22620736,22626533
X	aagacattatgccattcaagggtgatccagaaacccttcacacctttatc	813171,4158810,10096079,10525989,18755255,20034234,22621403
X	aagagacatcgaacgcgacctcaaggtgcccaaattaggagacaagctcc	1522740,9509185,13430144,22569635
X	aagagcgaggctctcccgaaatacaaatattgttcaaatactgaggcttc	812511,817684,4158149,4164713,10095420,10100881,10525328,10531910,11240754,18754594,18757787,20033573,20036723,22620744,22626541,812511,817684,4158149,4164713,10095420,10100881,10525328,10531910,11240754,18754594,18757787,20033573,20036723,22620744,22626541
X	aagcagatcaaattaagttgccgcatgggtaacagtgcgttgatcaaata	1523101,7703235,8922660,9509546,13401729,13430505,16936340,22569996
X	aagcagatttgactgccctctttcaacgctacctaatcttaagaacccaa	812463,817636,4158101,4164665,10095372,10100833,10525280,10531862,11240706,18754546,18757739,20033525,20036675,22620696,22626493,812463,817636,4158101,4164665,10095372,10100833,10525280,10531862,11240706,18754546,18757739,20033525,20036675,22620696,22626493
X	aagccaattgcagctggagttcctcaaggaagcgttcttggcccaaccct	1522108,9508553,22569003
X	aagcccgtcggcagcttaaagacattatgccattcaagggtgatccagaa	813153,4158792,10096061,10525971,18755237,20034216,22621385
X	aagcctgacctaagcagatttgactgccctctttcaacgctacctaatct	812452,817625,4158090,4164654,10095361,10100822,10525269,10531851,11240695,18754535,18757728,20033514,20036664,22620685,22626482,812452,817625,4158090,4164654,10095361,10100822,10525269,10531851,11240695,18754535,18757728,20033514,20036664,22620685,22626482
X	aagctaggaactgcagctgtggtcaatgctgaccctcggactagagtcaa	1522849,7702986,8922408,9509294,13430253,16936088,22569744
X	aaggaacttggacggacaaattacacgatctttgggacttccgaacatcg	813298,4158937,10096206,10526116,18755382,20034361,22621530
X	aaggaagctaggaactgcagctgtggtcaatgctgaccctcggactagag	1522845,7702982,8922404,9509290,13430249,16936084,22569740
X	aagtatcctggctgccacttctggtctacaggaatacctggatgcattcc	1522272,9508717,13429676,22569167
X	aagtgtgccaatgtgacgttcgccaaccgaacaggtagctgtccgggtgt	1522363,9508808,13429767,22569258
X	aatacatagaaccaaacacaattgtaacctggaacttaacccaaacaatt	816997,4164013,10100181,10531210,18757087,20036023,22625841
X	aatacctggatgcattccagcaatgggctgagaactggaatgtgcgcatc	1522304,9508749,13429708,22569199
X	aatcaagccaattgcagctggagttcctcaaggaagcgttcttggcccaa	1522104,9508549,22568999
X	aatcttaagaacccaagagcgaggctctcccgaaatacaaatattgttca	812497,817670,4158135,4164699,10095406,10100867,10525314,10531896,11240740,18754580,18757773,20033559,20036709,22620730,22626527,812497,817670,4158135,4164699,10095406,10100867,10525314,10531896,11240740,18754580,18757773,20033559,20036709,22620730,22626527
X	aatgataaccaagtattaatcatatcccacatacccatttacctttcact	816744,4163760,10530957,18756239,20035770
X	aatgggagactgatcagacaccatcaggcttataaataccttggtattac	1522420,9508865,13429824,22569315
X	aatgggctgagaactggaatgtgcgcatcaacgccgagaagtgtgccaat	9508770
X	aatgtgacgttcgccaaccgaacaggtagctgtccgggtgtcagtctgaa	1522372,9508817,13429776,22569267
X	aatgtgcgcatcaacgccgagaagtgtgccaatgtgacgttcgccaaccg	9508787
X	aattacacgatctttgggacttccgaacatcgaagattggcctaccctta	813316,4158955,10096224,10526134,18755400,20034379,22621548
X	aattcaaacaccaaactacaaacttctggagaacttcagggagacaccat	813391,10096299,10526209,18755475,20034454,22621623
X	aattgcagctggagttcctcaaggaagcgttcttggcccaaccctatact	1522113,9508558,22569008
X	aatttaagcagatcaaattaagttgccgcatgggtaacagtgcgttgatc	1523096,7703230,8922655,9509541,13401724,13430500,16936335,22569991
X	aattttgatgatgttaccccttacaaaaaatgcgaaaaatgactcaaaaa	5490221,5502798,5712271
X	acaaactgtcgcttggctgcaaggtcaatatttacaagtccatattggcc	1522568,9509013,13429972,22569463
X	acaaacttctggagaacttcagggagacaccatacagaggaagcctaaga	813408,4159047,10096316,10526226,18755492,20034471,22621640
X	acaaattacacgatctttgggacttccgaacatcgaagattggcctaccc	813313,4158952,10096221,10526131,18755397,20034376,22621545
X	acaagagacatcgaacgcgacctcaaggtgcccaaattaggagacaagct	1522738,9509183,13430142,22569633
X	acaatgataaccaagtattaatcatatcccacatacccatttacctttca	816742,4163758,10530955,18756237,20035768
X	acaccaaactacaaacttctggagaacttcagggagacaccatacagagg	813398,10096306,10526216,18755482,20034461,22621630
X	acaccatcaggcttataaataccttggtattaccctcgataggaagctca	1522437,9508882,13429841,22569332
X	acacgatctttgggacttccgaacatcgaagattggcctacccttaaagc	813320,4158959,10096228,10526138,18755404,20034383,22621552
X	acactatatccatcaatcccagcccaagtataggcttctctttaagggaa	817440,4164456,10100624,10531653,18757530,20036466,22626284
X	acagaggattctactgggagccatcgaaaggaacttggacggacaaatta	813271,4158910,10096179,10526089,18755355,20034334,22621503
X	acagcctagcaaggaagctaggaactgcagctgtggtcaatgctgaccct	1522835,7702972,8922394,9509280,13430239,16936074,22569730
X	acaggaatacctggatgcattccagcaatgggctgagaactggaatgtgc	1522299,9508744,13429703,22569194
X	acaggtagctgtccgggtgtcagtctgaatgggagactgatcagacacca	1522393,9508838,13429797,22569288
X	acataaaccttgccgaagcccgtcggcagcttaaagacattatgccattc	813138,4158777,10096046,10525956,18755222,20034201,22621370
X	acatagaaccaaacacaattgtaacctggaacttaacccaaacaattctt	817000,4164016,10100184,10531213,18757090,20036026,22625844
X	acatccacttggattaactacaatgataaccaagtattaatcatatccca	816723,4163739,10530936,18756218,20035749
X	acatcctaaagcctgacctaagcagatttgactgccctctttcaacgcta	812444,817617,4158082,4164646,10095353,10100814,10525261,10531843,11240687,18754527,18757720,20033506,20036656,22620677,22626474,812444,817617,4158082,4164646,10095353,10100814,10525261,10531843,11240687,18754527,18757720,20033506,20036656,22620677,22626474
X	acatcgaacgcgacctcaaggtgcccaaattaggagacaagctccagaac	1522745,9509190,13430149,22569640
X	acatcgaagattggcctacccttaaagcaagactcatcgcggaatttaaa	813342,4158981,10096250,10526160,18755426,20034405,22621574
X	acattatgccattcaagggtgatccagaaacccttcacacctttatcagc	813174,4158813,10096082,10525992,18755258,20034237,22621406
X	accaaacacaattgtaacctggaacttaacccaaacaattcttaaccaaa	817007,4164023,10100191,10531220,18757097,20036033,22625851
X	accaaactacaaacttctggagaacttcagggagacaccatacagaggaa	813400,10096308,10526218,18755484,20034463,22621632
X	accatcaggcttataaataccttggtattaccctcgataggaagctcacc	1522439,9508884,13429843,22569334
X	accattttttgcaaattttgatgatgttaccccttacaaaaaatgcgaaa	9597886
X	acccaagagcgaggctctcccgaaatacaaatattgttcaaatactgagg	812507,817680,4158145,4164709,10095416,10100877,10525324,10531906,11240750,18754590,18757783,20033569,20036719,22620740,22626537,812507,817680,4158145,4164709,10095416,10100877,10525324,10531906,11240750,18754590,18757783,20033569,20036719,22620740,22626537
X	accgaacaggtagctgtccgggtgtcagtctgaatgggagactgatcaga	1522388,9508833,13429792,22569283
X	acctaagcagatttgactgccctctttcaacgctacctaatcttaagaac	812459,817632,4158097,4164661,10095368,10100829,10525276,10531858,11240702,18754542,18757735,20033521,20036671,22620692,22626489,812459,817632,4158097,4164661,10095368,10100829,10525276,10531858,11240702,18754542,18757735,20033521,20036671,22620692,22626489
X	acctaatcttaagaacccaagagcgaggctctcccgaaatacaaatattg	812493,817666,4158131,4164695,10095402,10100863,10525310,10531892,11240736,18754576,18757769,20033555,20036705,22620726,22626523,812493,817666,4158131,4164695,10095402,10100863,10525310,10531892,11240736,18754576,18757769,20033555,20036705,22620726,22626523
X	acctggatgcattccagcaatgggctgagaactggaatgtgcgcatcaac	1522307,9508752,13429711,22569202
X	acctggtacccgataacactattgtttatactgatcacagctgttcatgg	4163109,10530288
X	accttgccgaagcccgtcggcagcttaaagacattatgccattcaagggt	813144,4158783,10096052,10525962,18755228,20034207,22621376
X	acgatctttgggacttccgaacatcgaagattggcctacccttaaagcaa	813322,4158961,10096230,10526140,18755406,20034385,22621554
X	acgccgagaagtgtgccaatgtgacgttcgccaaccgaacaggtagctgt	9508800
X	acgcgacctcaaggtgcccaaattaggagacaagctccagaacatcgccc	1522752,9509197,22569647
X	acgctacctaatcttaagaacccaagagcgaggctctcccgaaatacaaa	812488,817661,4158126,4164690,10095397,10100858,10525305,10531887,11240731,18754571,18757764,20033550,20036700,22620721,22626518,812488,817661,4158126,4164690,10095397,10100858,10525305,10531887,11240731,18754571,18757764,20033550,20036700,22620721,22626518
X	acggacaaattacacgatctttgggacttccgaacatcgaagattggcct	813309,4158948,10096217,10526127,18755393,20034372,22621541
X	acgttcgccaaccgaacaggtagctgtccgggtgtcagtctgaatgggag	1522378,9508823,13429782,22569273
X	actacaaacttctggagaacttcagggagacaccatacagaggaagccta	813405,10096313,10526223,18755489,20034468,22621637
X	actacaatgataaccaagtattaatcatatcccacatacccatttacctt	816739,4163755,10530952,18756234,20035765
X	actatatccatcaatcccagcccaagtataggcttctctttaagggaagg	817442,4164458,10100626,10531655,14309726,18757532,20036468,22626286
X	actccatttcccacactatatccatcaatcccagcccaagtataggcttc	817428,4164444,10100612,10531641,18757518,20036454,22626272
X	actgatcagacaccatcaggcttataaataccttggtattaccctcgata	1522428,9508873,13429832,22569323
X	actgccctctttcaacgctacctaatcttaagaacccaagagcgaggctc	812474,817647,4158112,4164676,10095383,10100844,10525291,10531873,11240717,18754557,18757750,20033536,20036686,22620707,22626504,812474,817647,4158112,4164676,10095383,10100844,10525291,10531873,11240717,18754557,18757750,20033536,20036686,22620707,22626504
X	actggaatgtgcgcatcaacgccgagaagtgtgccaatgtgacgttcgcc	9508782
X	actgggagccatcgaaaggaacttggacggacaaattacacgatctttgg	813283,4158922,10096191,10526101,18755367,20034346,22621515
X	acttccgaacatcgaagattggcctacccttaaagcaagactcatcgcgg	813334,4158973,10096242,10526152,18755418,20034397,22621566
X	acttctggagaacttcagggagacaccatacagaggaagcctaagagcat	813412,4159051,10096320,10526230,18755496,20034475,22621644
X	acttctggtctacaggaatacctggatgcattccagcaatgggctgagaa	1522288,9508733,13429692,22569183
X	acttggacggacaaattacacgatctttgggacttccgaacatcgaagat	813303,4158942,10096211,10526121,18755387,20034366,22621535
X	acttggattaactacaatgataaccaagtattaatcatatcccacatacc	816729,4163745,10530942,18756224,20035755
X	agaaactccatttcccacactatatccatcaatcccagcccaagtatagg	817424,4164440,10100608,10531637,18757514,20036450,22626268
X	agaacaagagacatcgaacgcgacctcaaggtgcccaaattaggagacaa	1522735,9509180,13430139,22569630
X	agaaccaaacacaattgtaacctggaacttaacccaaacaattcttaacc	817004,4164020,10100188,10531217,18757094,20036030,22625848
X	agaacccaagagcgaggctctcccgaaatacaaatattgttcaaatactg	812504,817677,4158142,4164706,10095413,10100874,10525321,10531903,11240747,18754587,18757780,20033566,20036716,22620737,22626534,812504,817677,4158142,4164706,10095413,10100874,10525321,10531903,11240747,18754587,18757780,20033566,20036716,22620737,22626534
X	agaactggaatgtgcgcatcaacgccgagaagtgtgccaatgtgacgttc	9508779
X	agaacttcagggagacaccatacagaggaagcctaagagcattctgcgaa	813420,4159059,10096328,10526238,18755504,20034483,22621652
X	agaagtgtgccaatgtgacgttcgccaaccgaacaggtagctgtccgggt	1522361,9508806,13429765,22569256
X	agacaccatcaggcttataaataccttggtattaccctcgataggaagct	1522435,9508880,13429839,22569330
X	agacatcgaacgcgacctcaaggtgcccaaattaggagacaagctccaga	1522743,9509188,13430147,22569638
X	agacattatgccattcaagggtgatccagaaacccttcacacctttatca	813172,4158811,10096080,10525990,18755256,20034235,22621404
X	agactgatcagacaccatcaggcttataaataccttggtattaccctcga	1522426,9508871,13429830,22569321
X	agagacatcgaacgcgacctcaaggtgcccaaattaggagacaagctcca	1522741,9509186,13430145,22569636
X	agagcgaggctctcccgaaatacaaatattgttcaaatactgaggcttct	812512,817685,4158150,4164714,10095421,10100882,10525329,10531911,11240755,18754595,18757788,20033574,20036724,22620745,22626542,812512,817685,4158150,4164714,10095421,10100882,10525329,10531911,11240755,18754595,18757788,20033574,20036724,22620745,22626542
X	agaggattctactgggagccatcgaaaggaacttggacggacaaattaca	813273,4158912,10096181,10526091,18755357,20034336,22621505
X	agatttgactgccctctttcaacgctacctaatcttaagaacccaagagc	812467,817640,4158105,4164669,10095376,10100837,10525284,10531866,11240710,18754550,18757743,20033529,20036679,22620700,22626497,812467,817640,4158105,4164669,10095376,10100837,10525284,10531866,11240710,18754550,18757743,20033529,20036679,22620700,22626497
X	agcaagcgttcaggaccaaggttgctcggatgtcttggctcattgcacca	1522514,9508959,13429918,22569409
X	agcaaggaagctaggaactgcagctgtggtcaatgctgaccctcggacta	1522842,7702979,8922401,9509287,13430246,16936081,22569737
X	agcaatgggctgagaactggaatgtgcgcatcaacgccgagaagtgtgcc	9508767
X	agcagatcaaattaagttgccgcatgggtaacagtgcgttgatcaaataa	1523102,7703236,8922661,9509547,13401730,13430506,16936341,22569997
X	agcagatttgactgccctctttcaacgctacctaatcttaagaacccaag	812464,817637,4158102,4164666,10095373,10100834,10525281,10531863,11240707,18754547,18757740,20033526,20036676,22620697,22626494,812464,817637,4158102,4164666,10095373,10100834,10525281,10531863,11240707,18754547,18757740,20033526,20036676,22620697,22626494
X	agcattcgtttatctttggcagcgcagccgttcttgtaaacatcctaaag	812405,817578,4158043,4164607,10095314,10100775,10525222,10531804,11240648,18754488,18757681,20033467,20036617,22620638,22626435,812405,817578,4158043,4164607,10095314,10100775,10525222,10531804,11240648,18754488,18757681,20033467,20036617,22620638,22626435
X	agccaattgcagctggagttcctcaaggaagcgttcttggcccaacccta	1522109,9508554,22569004
X	agccatcgaaaggaacttggacggacaaattacacgatctttgggacttc	813289,4158928,10096197,10526107,18755373,20034352,22621521
X	agcccgtcggcagcttaaagacattatgccattcaagggtgatccagaaa	813154,4158793,10096062,10525972,18755238,20034217,22621386
X	agccgttcttgtaaacatcctaaagcctgacctaagcagatttgactgcc	812430,817603,4158068,4164632,10095339,10100800,10525247,10531829,11240673,18754513,18757706,20033492,20036642,22620663,22626460,812430,817603,4158068,4164632,10095339,10100800,10525247,10531829,11240673,18754513,18757706,20033492,20036642,22620663,22626460
X	agcctagcaaggaagctaggaactgcagctgtggtcaatgctgaccctcg	1522837,7702974,8922396,9509282,13430241,16936076,22569732
X	agcctgacctaagcagatttgactgccctctttcaacgctacctaatctt	812453,817626,4158091,4164655,10095362,10100823,10525270,10531852,11240696,18754536,18757729,20033515,20036665,22620686,22626483,812453,817626,4158091,4164655,10095362,10100823,10525270,10531852,11240696,18754536,18757729,20033515,20036665,22620686,22626483
X	agcgacataaaccttgccgaagcccgtcggcagcttaaagacattatgcc	813134,4158773,10096042,10525952,20034197,22621366
X	agcgaggctctcccgaaatacaaatattgttcaaatactgaggcttctcc	812514,817687,4158152,4164716,10095423,10100884,10525331,10531913,11240757,18754597,18757790,20033576,20036726,22620747,22626544,812514,817687,4158152,4164716,10095423,10100884,10525331,10531913,11240757,18754597,18757790,20033576,20036726,22620747,22626544
X	agcgcagccgttcttgtaaacatcctaaagcctgacctaagcagatttga	812425,817598,4158063,4164627,10095334,10100795,10525242,10531824,11240668,18754508,18757701,20033487,20036637,22620658,22626455,812425,817598,4158063,4164627,10095334,10100795,10525242,10531824,11240668,18754508,18757701,20033487,20036637,22620658,22626455
X	agctaggaactgcagctgtggtcaatgctgaccctcggactagagtcaaa	1522850,7702987,8922409,9509295,13430254,16936089,22569745
X	agctggagttcctcaaggaagcgttcttggcccaaccctatactcagttt	1522119,9508564,13429523,22569014
X	agctgtccgggtgtcagtctgaatgggagactgatcagacaccatcaggc	1522399,9508844,13429803,22569294
X	agcttaaagacattatgccattcaagggtgatccagaaacccttcacacc	813165,4158804,10096073,10525983,18755249,20034228,22621397
X	aggaacttggacggacaaattacacgatctttgggacttccgaacatcga	813299,4158938,10096207,10526117,18755383,20034362,22621531
X	aggaagctaggaactgcagctgtggtcaatgctgaccctcggactagagt	1522846,7702983,8922405,9509291,13430250,16936085,22569741
X	aggaatacctggatgcattccagcaatgggctgagaactggaatgtgcgc	1522301,9508746,13429705,22569196
X	aggattctactgggagccatcgaaaggaacttggacggacaaattacacg	813275,4158914,10096183,10526093,18755359,20034338,22621507
X	aggcacctggtacccgataacactattgtttatactgatcacagctgttc	4163105,10530284
X	aggcttataaataccttggtattaccctcgataggaagctcaccttcagc	1522445,9508890,13429849,22569340
X	aggtagctgtccgggtgtcagtctgaatgggagactgatcagacaccatc	1522395,9508840,13429799,22569290
X	agtatcctggctgccacttctggtctacaggaatacctggatgcattcca	1522273,9508718,13429677,22569168
X	agtctgaatgggagactgatcagacaccatcaggcttataaataccttgg	1522414,9508859,13429818,22569309
X	agtcttaagctgagatccaaagaataaagtcgtgaaactatttctcctaa	812589,817762,4158227,4164791,10095498,10525406,10531988,11240832,18754672,18757865,20033651,20036801,22620822,22626619,812589,817762,4158227,4164791,10095498,10525406,10531988,11240832,18754672,18757865,20033651,20036801,22620822,22626619
X	agtgtgccaatgtgacgttcgccaaccgaacaggtagctgtccgggtgtc	1522364,9508809,13429768,22569259
X	ataaaccttgccgaagcccgtcggcagcttaaagacattatgccattcaa	813140,4158779,10096048,10525958,18755224,20034203,22621372
X	ataaccaagtattaatcatatcccacatacccatttacctttcactaata	816748,4163764,10530961,18756243,20035774
X	ataattccttacccagactccaacggctatcagctagattacacagacac	816810,4163826,10531023,18756305,20035836
X	ataatttaagcagatcaaattaagttgccgcatgggtaacagtgcgttga	1523094,7703228,8922653,9509539,13401722,13430498,16936333,22569989
X	atacatagaaccaaacacaattgtaacctggaacttaacccaaacaattc	816998,4164014,10100182,10531211,18757088,20036024,22625842
X	atacctggatgcattccagcaatgggctgagaactggaatgtgcgcatca	1522305,9508750,13429709,22569200
X	atagaaccaaacacaattgtaacctggaacttaacccaaacaattcttaa	817002,4164018,10100186,10531215,18757092,20036028,22625846
X	atatgagaacaagagacatcgaacgcgacctcaaggtgcccaaattagga	1522730,9509175,13430134,22569625
X	atcaacgccgagaagtgtgccaatgtgacgttcgccaaccgaacaggtag	9508796
X	atcaagccaattgcagctggagttcctcaaggaagcgttcttggcccaac	1522105,9508550,22569000
X	atcaatcaagccaattgcagctggagttcctcaaggaagcgttcttggcc	1522101,9508546,22568996
X	atcagacaccatcaggcttataaataccttggtattaccctcgataggaa	1522432,9508877,13429836,22569327
X	atcaggcttataaataccttggtattaccctcgataggaagctcaccttc	1522442,9508887,13429846,22569337
X	atccacttggattaactacaatgataaccaagtattaatcatatcccaca	816725,4163741,10530938,18756220,20035751
X	atcctaaagcctgacctaagcagatttgactgccctctttcaacgctacc	812446,817619,4158084,4164648,10095355,10100816,10525263,10531845,11240689,18754529,18757722,20033508,20036658,22620679,22626476,812446,817619,4158084,4164648,10095355,10100816,10525263,10531845,11240689,18754529,18757722,20033508,20036658,22620679,22626476
X	atcctggctgccacttctggtctacaggaatacctggatgcattccagca	1522276,9508721,13429680,22569171
X	atcgaaaggaacttggacggacaaattacacgatctttgggacttccgaa	813293,4158932,10096201,10526111,18755377,20034356,22621525
X	atcgaacgcgacctcaaggtgcccaaattaggagacaagctccagaacat	1522747,9509192,13430151,22569642
X	atcttaagaacccaagagcgaggctctcccgaaatacaaatattgttcaa	812498,817671,4158136,4164700,10095407,10100868,10525315,10531897,11240741,18754581,18757774,20033560,20036710,22620731,22626528,812498,817671,4158136,4164700,10095407,10100868,10525315,10531897,11240741,18754581,18757774,20033560,20036710,22620731,22626528
X	atctttggcagcgcagccgttcttgtaaacatcctaaagcctgacctaag	812416,817589,4158054,4164618,10095325,10100786,10525233,10531815,11240659,18754499,18757692,20033478,20036628,22620649,22626446,812416,817589,4158054,4164618,10095325,10100786,10525233,10531815,11240659,18754499,18757692,20033478,20036628,22620649,22626446
X	atctttgggacttccgaacatcgaagattggcctacccttaaagcaagac	813325,4158964,10096233,10526143,18755409,20034388,22621557
X	atgagaacaagagacatcgaacgcgacctcaaggtgcccaaattaggaga	1522732,9509177,13430136,22569627
X	atgataaccaagtattaatcatatcccacatacccatttacctttcacta	816745,4163761,10530958,18756240,20035771
X	atgatgttaccccttacaaaaaatgcgaaaaatgactcaaaaattatttt	5490228,5502805,5712278
X	atgatttcagagaacaatattacactttacatacaaatgatcattgtaat	817248,4164264,10100432,10531461,18757338,20036274,22626092
X	atgcattccagcaatgggctgagaactggaatgtgcgcatcaacgccgag	9508758
X	atgggagactgatcagacaccatcaggcttataaataccttggtattacc	1522421,9508866,13429825,22569316
X	atgggctgagaactggaatgtgcgcatcaacgccgagaagtgtgccaatg	9508771
X	atgtgacgttcgccaaccgaacaggtagctgtccgggtgtcagtctgaat	1522373,9508818,13429777,22569268
X	atgtgcgcatcaacgccgagaagtgtgccaatgtgacgttcgccaaccga	9508788
X	attaactacaatgataaccaagtattaatcatatcccacatacccattta	816735,4163751,10530948,18756230,20035761
X	attacacgatctttgggacttccgaacatcgaagattggcctacccttaa	813317,4158956,10096225,10526135,18755401,20034380,22621549
X	attcaaacaccaaactacaaacttctggagaacttcagggagacaccata	813392,10096300,10526210,18755476,20034455,22621624
X	attcagcaagcgttcaggaccaaggttgctcggatgtcttggctcattgc	1522510,9508955,13429914,22569405
X	attccagcaatgggctgagaactggaatgtgcgcatcaacgccgagaagt	9508762
X	attcgtttatctttggcagcgcagccgttcttgtaaacatcctaaagcct	812408,817581,4158046,4164610,10095317,10100778,10525225,10531807,11240651,18754491,18757684,20033470,20036620,22620641,22626438,812408,817581,4158046,4164610,10095317,10100778,10525225,10531807,11240651,18754491,18757684,20033470,20036620,22620641,22626438
X	attctactgggagccatcgaaaggaacttggacggacaaattacacgatc	813278,4158917,10096186,10526096,18755362,20034341,22621510
X	attgcagctggagttcctcaaggaagcgttcttggcccaaccctatactc	1522114,9508559,22569009
X	attgcgctgagcgacataaaccttgccgaagcccgtcggcagcttaaaga	813125,4158764,10096033,10525943,20034188,22621357
X	atttaagcagatcaaattaagttgccgcatgggtaacagtgcgttgatca	1523097,7703231,8922656,9509542,13401725,13430501,16936336,22569992
X	atttcccacactatatccatcaatcccagcccaagtataggcttctcttt	817433,4164449,10100617,10531646,18757523,20036459,22626277
X	atttcttggcgttgtccttagtcaactgacgggacattagttcgactcat	812651,817824,4158289,4164853,10095560,10101021,10525468,10532050,11240894,20033713,20036862,22620884,22626681,812651,817824,4158289,4164853,10095560,10101021,10525468,10532050,11240894,20033713,20036862,22620884,22626681
X	atttgactgccctctttcaacgctacctaatcttaagaacccaagagcga	812469,817642,4158107,4164671,10095378,10100839,10525286,10531868,11240712,18754552,18757745,20033531,20036681,22620702,22626499,812469,817642,4158107,4164671,10095378,10100839,10525286,10531868,11240712,18754552,18757745,20033531,20036681,22620702,22626499
X	attttgatgatgttaccccttacaaaaaatgcgaaaaatgactcaaaaat	5490222,5502799,5712272
X	attttttgaccattttttgcaaattttgatgatgttaccccttacaaaaa	9597878
X	attttttgcaaattttgatgatgttaccccttacaaaaaatgcgaaaaat	5490211,5490937,5502788
X	caaacaccaaactacaaacttctggagaacttcagggagacaccatacag	813395,10096303,10526213,18755479,20034458,22621627
X	caaactacaaacttctggagaacttcagggagacaccatacagaggaagc	813402,10096310,10526220,18755486,20034465,22621634
X	caaactgtcgcttggctgcaaggtcaatatttacaagtccatattggccc	1522569,9509014,13429973,22569464
X	caaacttctggagaacttcagggagacaccatacagaggaagcctaagag	813409,4159048,10096317,10526227,18755493,20034472,22621641
X	caaattacacgatctttgggacttccgaacatcgaagattggcctaccct	813314,4158953,10096222,10526132,18755398,20034377,22621546
X	caaattttgatgatgttaccccttacaaaaaatgcgaaaaatgactcaaa	5490219,5502796
X	caacagaggattctactgggagccatcgaaaggaacttggacggacaaat	813269,4158908,10096177,10526087,18755353,20034332,22621501
X	caacagcctagcaaggaagctaggaactgcagctgtggtcaatgctgacc	1522833,7702970,8922392,9509278,13430237,16936072,22569728
X	caaccgaacaggtagctgtccgggtgtcagtctgaatgggagactgatca	1522386,9508831,13429790,22569281
X	caacgccgagaagtgtgccaatgtgacgttcgccaaccgaacaggtagct	9508798
X	caacgctacctaatcttaagaacccaagagcgaggctctcccgaaataca	812486,817659,4158124,4164688,10095395,10100856,10525303,10531885,11240729,18754569,18757762,20033548,20036698,22620719,22626516,812486,817659,4158124,4164688,10095395,10100856,10525303,10531885,11240729,18754569,18757762,20033548,20036698,22620719,22626516
X	caagagacatcgaacgcgacctcaaggtgcccaaattaggagacaagctc	1522739,9509184,13430143,22569634
X	caagagcgaggctctcccgaaatacaaatattgttcaaatactgaggctt	812510,817683,4158148,4164712,10095419,10100880,10525327,10531909,11240753,18754593,18757786,20033572,20036722,22620743,22626540,812510,817683,4158148,4164712,10095419,10100880,10525327,10531909,11240753,18754593,18757786,20033572,20036722,22620743,22626540
X	caagccaattgcagctggagttcctcaaggaagcgttcttggcccaaccc	1522107,9508552,22569002
X	caaggaagctaggaactgcagctgtggtcaatgctgaccctcggactaga	1522844,7702981,8922403,9509289,13430248,16936083,22569739
X	caatcaagccaattgcagctggagttcctcaaggaagcgttcttggccca	1522103,9508548,22568998
X	caatgataaccaagtattaatcatatcccacatacccatttacctttcac	816743,4163759,10530956,18756238,20035769
X	caatgggctgagaactggaatgtgcgcatcaacgccgagaagtgtgccaa	9508769
X	caatgtgacgttcgccaaccgaacaggtagctgtccgggtgtcagtctga	1522371,9508816,13429775,22569266
X	caattgcagctggagttcctcaaggaagcgttcttggcccaaccctatac	1522112,9508557,22569007
X	cacactatatccatcaatcccagcccaagtataggcttctctttaaggga	817439,4164455,10100623,10531652,18757529,20036465,22626283
X	caccaaactacaaacttctggagaacttcagggagacaccatacagagga	813399,10096307,10526217,18755483,20034462,22621631
X	caccatcaggcttataaataccttggtattaccctcgataggaagctcac	1522438,9508883,13429842,22569333
X	cacctggtacccgataacactattgtttatactgatcacagctgttcatg	4163108,10530287
X	cacgatctttgggacttccgaacatcgaagattggcctacccttaaagca	813321,4158960,10096229,10526139,18755405,20034384,22621553
X	cactatatccatcaatcccagcccaagtataggcttctctttaagggaag	817441,4164457,10100625,10531654,18757531,20036467,22626285
X	cacttctggtctacaggaatacctggatgcattccagcaatgggctgaga	1522287,9508732,13429691,22569182
X	cacttggattaactacaatgataaccaagtattaatcatatcccacatac	816728,4163744,10530941,18756223,20035754
X	cagacaccatcaggcttataaataccttggtattaccctcgataggaagc	1522434,9508879,13429838,22569329
X	cagaggattctactgggagccatcgaaaggaacttggacggacaaattac	813272,4158911,10096180,10526090,18755356,20034335,22621504
X	cagatttgactgccctctttcaacgctacctaatcttaagaacccaagag	812466,817639,4158104,4164668,10095375,10100836,10525283,10531865,11240709,18754549,18757742,20033528,20036678,22620699,22626496,812466,817639,4158104,4164668,10095375,10100836,10525283,10531865,11240709,18754549,18757742,20033528,20036678,22620699,22626496
X	cagcaagcgttcaggaccaaggttgctcggatgtcttggctcattgcacc	1522513,9508958,13429917,22569408
X	cagcaatgggctgagaactggaatgtgcgcatcaacgccgagaagtgtgc	9508766
X	cagcattcgtttatctttggcagcgcagccgttcttgtaaacatcctaaa	812404,817577,4158042,4164606,10095313,10100774,10525221,10531803,11240647,18754487,18757680,20033466,20036616,22620637,22626434,812404,817577,4158042,4164606,10095313,10100774,10525221,10531803,11240647,18754487,18757680,20033466,20036616,22620637,22626434
X	cagccgttcttgtaaacatcctaaagcctgacctaagcagatttgactgc	812429,817602,4158067,4164631,10095338,10100799,10525246,10531828,11240672,18754512,18757705,20033491,20036641,22620662,22626459,812429,817602,4158067,4164631,10095338,10100799,10525246,10531828,11240672,18754512,18757705,20033491,20036641,22620662,22626459
X	cagcctagcaaggaagctaggaactgcagctgtggtcaatgctgaccctc	1522836,7702973,8922395,9509281,13430240,16936075,22569731
X	cagcgcagccgttcttgtaaacatcctaaagcctgacctaagcagatttg	812424,817597,4158062,4164626,10095333,10100794,10525241,10531823,11240667,18754507,18757700,20033486,20036636,22620657,22626454,812424,817597,4158062,4164626,10095333,10100794,10525241,10531823,11240667,18754507,18757700,20033486,20036636,22620657,22626454
X	cagctggagttcctcaaggaagcgttcttggcccaaccctatactcagtt	1522118,9508563,13429522,22569013
X	cagcttaaagacattatgccattcaagggtgatccagaaacccttcacac	813164,4158803,10096072,10525982,18755248,20034227,22621396
X	caggaatacctggatgcattccagcaatgggctgagaactggaatgtgcg	1522300,9508745,13429704,22569195
X	caggcttataaataccttggtattaccctcgataggaagctcaccttcag	1522444,9508889,13429848,22569339
X	caggtagctgtccgggtgtcagtctgaatgggagactgatcagacaccat	1522394,9508839,13429798,22569289
X	cagtctgaatgggagactgatcagacaccatcaggcttataaataccttg	1522413,9508858,13429817,22569308
X	cataaaccttgccgaagcccgtcggcagcttaaagacattatgccattca	813139,4158778,10096047,10525957,18755223,20034202,22621371
X	catagaaccaaacacaattgtaacctggaacttaacccaaacaattctta	817001,4164017,10100185,10531214,18757091,20036027,22625845
X	catcaacgccgagaagtgtgccaatgtgacgttcgccaaccgaacaggta	9508795
X	catcaatcaagccaattgcagctggagttcctcaaggaagcgttcttggc	1522100,9508545,22568995
X	catcaggcttataaataccttggtattaccctcgataggaagctcacctt	1522441,9508886,13429845,22569336
X	catccacttggattaactacaatgataaccaagtattaatcatatcccac	816724,4163740,10530937,18756219,20035750
X	catcctaaagcctgacctaagcagatttgactgccctctttcaacgctac	812445,817618,4158083,4164647,10095354,10100815,10525262,10531844,11240688,18754528,18757721,20033507,20036657,22620678,22626475,812445,817618,4158083,4164647,10095354,10100815,10525262,10531844,11240688,18754528,18757721,20033507,20036657,22620678,22626475
X	catcgaaaggaacttggacggacaaattacacgatctttgggacttccga	813292,4158931,10096200,10526110,18755376,20034355,22621524
X	catcgaacgcgacctcaaggtgcccaaattaggagacaagctccagaaca	1522746,9509191,13430150,22569641
X	cattatgccattcaagggtgatccagaaacccttcacacctttatcagca	813175,4158814,10096083,10525993,18755259,20034238,22621407
X	cattccagcaatgggctgagaactggaatgtgcgcatcaacgccgagaag	9508761
X	cattcgtttatctttggcagcgcagccgttcttgtaaacatcctaaagcc	812407,817580,4158045,4164609,10095316,10100777,10525224,10531806,11240650,18754490,18757683,20033469,20036619,22620640,22626437,812407,817580,4158045,4164609,10095316,10100777,10525224,10531806,11240650,18754490,18757683,20033469,20036619,22620640,22626437
X	catttcccacactatatccatcaatcccagcccaagtataggcttctctt	817432,4164448,10100616,10531645,18757522,20036458,22626276
X	cattttttgcaaattttgatgatgttaccccttacaaaaaatgcgaaaaa	5490210,5502787
X	ccaaactacaaacttctggagaacttcagggagacaccatacagaggaag	813401,10096309,10526219,18755485,20034464,22621633
X	ccaacagcctagcaaggaagctaggaactgcagctgtggtcaatgctgac	1522832,7702969,8922391,9509277,13430236,16936071,22569727
X	ccaaccgaacaggtagctgtccgggtgtcagtctgaatgggagactgatc	1522385,9508830,13429789,22569280
X	ccaagagcgaggctctcccgaaatacaaatattgttcaaatactgaggct	812509,817682,4158147,4164711,10095418,10100879,10525326,10531908,11240752,18754592,18757785,20033571,20036721,22620742,22626539,812509,817682,4158147,4164711,10095418,10100879,10525326,10531908,11240752,18754592,18757785,20033571,20036721,22620742,22626539
X	ccaatgtgacgttcgccaaccgaacaggtagctgtccgggtgtcagtctg	1522370,9508815,13429774,22569265
X	ccaattgcagctggagttcctcaaggaagcgttcttggcccaaccctata	1522111,9508556,22569006
X	ccacactatatccatcaatcccagcccaagtataggcttctctttaaggg	817438,4164454,10100622,10531651,18757528,20036464,22626282
X	ccacttctggtctacaggaatacctggatgcattccagcaatgggctgag	1522286,9508731,13429690,22569181
X	ccacttggattaactacaatgataaccaagtattaatcatatcccacata	816727,4163743,10530940,18756222,20035753
X	ccagcaatgggctgagaactggaatgtgcgcatcaacgccgagaagtgtg	9508765
X	ccatcaggcttataaataccttggtattaccctcgataggaagctcacct	1522440,9508885,13429844,22569335
X	ccatcgaaaggaacttggacggacaaattacacgatctttgggacttccg	813291,4158930,10096199,10526109,18755375,20034354,22621523
X	ccatttcccacactatatccatcaatcccagcccaagtataggcttctct	817431,4164447,10100615,10531644,18757521,20036457,22626275
X	ccattttttgcaaattttgatgatgttaccccttacaaaaaatgcgaaaa	5490209,5502786,9005803,9137748,9138110,9138471,9138832,9597887,9711040,9772388,9920116,10048818,10120861,13057066
X	cccaacagcctagcaaggaagctaggaactgcagctgtggtcaatgctga	1522831,7702968,8922390,9509276,13430235,16936070,22569726
X	cccaagagcgaggctctcccgaaatacaaatattgttcaaatactgaggc	812508,817681,4158146,4164710,10095417,10100878,10525325,10531907,11240751,18754591,18757784,20033570,20036720,22620741,22626538,812508,817681,4158146,4164710,10095417,10100878,10525325,10531907,11240751,18754591,18757784,20033570,20036720,22620741,22626538
X	cccacactatatccatcaatcccagcccaagtataggcttctctttaagg	817437,4164453,10100621,10531650,18757527,20036463,22626281
X	cccgtcggcagcttaaagacattatgccattcaagggtgatccagaaacc	813156,4158795,10096064,10525974,18755240,20034219,22621388
X	ccctctttcaacgctacctaatcttaagaacccaagagcgaggctctccc	812478,817651,4158116,4164680,10095387,10100848,10525295,10531877,11240721,18754561,18757754,20033540,20036690,22620711,22626508,812478,817651,4158116,4164680,10095387,10100848,10525295,10531877,11240721,18754561,18757754,20033540,20036690,22620711,22626508
X	ccgaacaggtagctgtccgggtgtcagtctgaatgggagactgatcagac	1522389,9508834,13429793,22569284
X	ccgaacatcgaagattggcctacccttaaagcaagactcatcgcggaatt	813338,4158977,10096246,10526156,18755422,20034401,22621570
X	ccgaagcccgtcggcagcttaaagacattatgccattcaagggtgatcca	813150,4158789,10096058,10525968,18755234,20034213,22621382
X	ccgagaagtgtgccaatgtgacgttcgccaaccgaacaggtagctgtccg	9508803
X	ccgggtgtcagtctgaatgggagactgatcagacaccatcaggcttataa	1522405,9508850,13429809,22569300
X	ccgtcggcagcttaaagacattatgccattcaagggtgatccagaaaccc	813157,4158796,10096065,10525975,18755241,20034220,22621389
X	ccgttcttgtaaacatcctaaagcctgacctaagcagatttgactgccct	812432,817605,4158070,4164634,10095341,10100802,10525249,10531831,11240675,18754515,18757708,20033494,20036644,22620665,22626462,812432,817605,4158070,4164634,10095341,10100802,10525249,10531831,11240675,18754515,18757708,20033494,20036644,22620665,22626462
X	cctaaagcctgacctaagcagatttgactgccctctttcaacgctaccta	812448,817621,4158086,4164650,10095357,10100818,10525265,10531847,11240691,18754531,18757724,20033510,20036660,22620681,22626478,812448,817621,4158086,4164650,10095357,10100818,10525265,10531847,11240691,18754531,18757724,20033510,20036660,22620681,22626478
X	cctaagcagatttgactgccctctttcaacgctacctaatcttaagaacc	812460,817633,4158098,4164662,10095369,10100830,10525277,10531859,11240703,18754543,18757736,20033522,20036672,22620693,22626490,812460,817633,4158098,4164662,10095369,10100830,10525277,10531859,11240703,18754543,18757736,20033522,20036672,22620693,22626490
X	cctaatcttaagaacccaagagcgaggctctcccgaaatacaaatattgt	812494,817667,4158132,4164696,10095403,10100864,10525311,10531893,11240737,18754577,18757770,20033556,20036706,22620727,22626524,812494,817667,4158132,4164696,10095403,10100864,10525311,10531893,11240737,18754577,18757770,20033556,20036706,22620727,22626524
X	cctagcaaggaagctaggaactgcagctgtggtcaatgctgaccctcgga	1522839,7702976,8922398,9509284,13430243,16936078,22569734
X	cctctttcaacgctacctaatcttaagaacccaagagcgaggctctcccg	812479,817652,4158117,4164681,10095388,10100849,10525296,10531878,11240722,18754562,18757755,20033541,20036691,22620712,22626509,812479,817652,4158117,4164681,10095388,10100849,10525296,10531878,11240722,18754562,18757755,20033541,20036691,22620712,22626509
X	cctgacctaagcagatttgactgccctctttcaacgctacctaatcttaa	812455,817628,4158093,4164657,10095364,10100825,10525272,10531854,11240698,18754538,18757731,20033517,20036667,22620688,22626485,812455,817628,4158093,4164657,10095364,10100825,10525272,10531854,11240698,18754538,18757731,20033517,20036667,22620688,22626485
X	cctggatgcattccagcaatgggctgagaactggaatgtgcgcatcaacg	1522308,9508753,13429712,22569203
X	cctggctgccacttctggtctacaggaatacctggatgcattccagcaat	1522278,9508723,13429682,22569173
X	cctggtacccgataacactattgtttatactgatcacagctgttcatgga	4163110,10530289
X	ccttgccgaagcccgtcggcagcttaaagacattatgccattcaagggtg	813145,4158784,10096053,10525963,18755229,20034208,22621377
X	ccttggtatatgagaacaagagacatcgaacgcgacctcaaggtgcccaa	1522723,9509168,13430127,22569618
X	cgaaaggaacttggacggacaaattacacgatctttgggacttccgaaca	813295,4158934,10096203,10526113,18755379,20034358,22621527
X	cgaacaggtagctgtccgggtgtcagtctgaatgggagactgatcagaca	1522390,9508835,13429794,22569285
X	cgaacatcgaagattggcctacccttaaagcaagactcatcgcggaattt	813339,4158978,10096247,10526157,18755423,20034402,22621571
X	cgaacgcgacctcaaggtgcccaaattaggagacaagctccagaacatcg	1522749,9509194,22569644
X	cgaagcccgtcggcagcttaaagacattatgccattcaagggtgatccag	813151,4158790,10096059,10525969,18755235,20034214,22621383
X	cgacataaaccttgccgaagcccgtcggcagcttaaagacattatgccat	813136,4158775,10096044,10525954,18755220,20034199,22621368
X	cgacctcaaggtgcccaaattaggagacaagctccagaacatcgcccaaa	1522755,9509200,22569650
X	cgagaagtgtgccaatgtgacgttcgccaaccgaacaggtagctgtccgg	9508804
X	cgatctttgggacttccgaacatcgaagattggcctacccttaaagcaag	813323,4158962,10096231,10526141,18755407,20034386,22621555
X	cgcagccgttcttgtaaacatcctaaagcctgacctaagcagatttgact	812427,817600,4158065,4164629,10095336,10100797,10525244,10531826,11240670,18754510,18757703,20033489,20036639,22620660,22626457,812427,817600,4158065,4164629,10095336,10100797,10525244,10531826,11240670,18754510,18757703,20033489,20036639,22620660,22626457
X	cgcatcaacgccgagaagtgtgccaatgtgacgttcgccaaccgaacagg	9508793
X	cgccaaccgaacaggtagctgtccgggtgtcagtctgaatgggagactga	1522383,9508828,13429787,22569278
X	cgccgagaagtgtgccaatgtgacgttcgccaaccgaacaggtagctgtc	9508801
X	cgcgacctcaaggtgcccaaattaggagacaagctccagaacatcgccca	1522753,9509198,22569648
X	cgctacctaatcttaagaacccaagagcgaggctctcccgaaatacaaat	812489,817662,4158127,4164691,10095398,10100859,10525306,10531888,11240732,18754572,18757765,20033551,20036701,22620722,22626519,812489,817662,4158127,4164691,10095398,10100859,10525306,10531888,11240732,18754572,18757765,20033551,20036701,22620722,22626519
X	cgctgagcgacataaaccttgccgaagcccgtcggcagcttaaagacatt	813129,4158768,10096037,10525947,20034192,22621361
X	cggacaaattacacgatctttgggacttccgaacatcgaagattggccta	813310,4158949,10096218,10526128,18755394,20034373,22621542
X	cggcagcttaaagacattatgccattcaagggtgatccagaaacccttca	813161,4158800,10096069,10525979,18755245,20034224,22621393
X	cgggtgtcagtctgaatgggagactgatcagacaccatcaggcttataaa	1522406,9508851,13429810,22569301
X	cgtcggcagcttaaagacattatgccattcaagggtgatccagaaaccct	813158,4158797,10096066,10525976,18755242,20034221,22621390
X	cgttcgccaaccgaacaggtagctgtccgggtgtcagtctgaatgggaga	1522379,9508824,13429783,22569274
X	cgttcttgtaaacatcctaaagcctgacctaagcagatttgactgccctc	812433,817606,4158071,4164635,10095342,10100803,10525250,10531832,11240676,18754516,18757709,20033495,20036645,22620666,22626463,812433,817606,4158071,4164635,10095342,10100803,10525250,10531832,11240676,18754516,18757709,20033495,20036645,22620666,22626463
X	cgtttatctttggcagcgcagccgttcttgtaaacatcctaaagcctgac	812411,817584,4158049,4164613,10095320,10100781,10525228,10531810,11240654,18754494,18757687,20033473,20036623,22620644,22626441,812411,817584,4158049,4164613,10095320,10100781,10525228,10531810,11240654,18754494,18757687,20033473,20036623,22620644,22626441
X	ctaaagcctgacctaagcagatttgactgccctctttcaacgctacctaa	812449,817622,4158087,4164651,10095358,10100819,10525266,10531848,11240692,18754532,18757725,20033511,20036661,22620682,22626479,812449,817622,4158087,4164651,10095358,10100819,10525266,10531848,11240692,18754532,18757725,20033511,20036661,22620682,22626479
X	ctaagcagatttgactgccctctttcaacgctacctaatcttaagaaccc	812461,817634,4158099,4164663,10095370,10100831,10525278,10531860,11240704,18754544,18757737,20033523,20036673,22620694,22626491,812461,817634,4158099,4164663,10095370,10100831,10525278,10531860,11240704,18754544,18757737,20033523,20036673,22620694,22626491
X	ctaatcttaagaacccaagagcgaggctctcccgaaatacaaatattgtt	812495,817668,4158133,4164697,10095404,10100865,10525312,10531894,11240738,18754578,18757771,20033557,20036707,22620728,22626525,812495,817668,4158133,4164697,10095404,10100865,10525312,10531894,11240738,18754578,18757771,20033557,20036707,22620728,22626525
X	ctacaaacttctggagaacttcagggagacaccatacagaggaagcctaa	813406,10096314,10526224,18755490,20034469,22621638
X	ctacaatgataaccaagtattaatcatatcccacatacccatttaccttt	816740,4163756,10530953,18756235,20035766
X	ctacaggaatacctggatgcattccagcaatgggctgagaactggaatgt	1522297,9508742,13429701,22569192
X	ctacctaatcttaagaacccaagagcgaggctctcccgaaatacaaatat	812491,817664,4158129,4164693,10095400,10100861,10525308,10531890,11240734,18754574,18757767,20033553,20036703,22620724,22626521,812491,817664,4158129,4164693,10095400,10100861,10525308,10531890,11240734,18754574,18757767,20033553,20036703,22620724,22626521
X	ctactgggagccatcgaaaggaacttggacggacaaattacacgatcttt	813281,4158920,10096189,10526099,18755365,20034344,22621513
X	ctagcaaggaagctaggaactgcagctgtggtcaatgctgaccctcggac	1522840,7702977,8922399,9509285,13430244,16936079,22569735
X	ctatatccatcaatcccagcccaagtataggcttctctttaagggaaggg	817443,4164459,10100627,10531656,14309727,18757533,20036469,22626287
X	ctccatttcccacactatatccatcaatcccagcccaagtataggcttct	817429,4164445,10100613,10531642,18757519,20036455,22626273
X	ctccttggtatatgagaacaagagacatcgaacgcgacctcaaggtgccc	1522721,9509166,13430125,22569616
X	ctctttcaacgctacctaatcttaagaacccaagagcgaggctctcccga	812480,817653,4158118,4164682,10095389,10100850,10525297,10531879,11240723,18754563,18757756,20033542,20036692,22620713,22626510,812480,817653,4158118,4164682,10095389,10100850,10525297,10531879,11240723,18754563,18757756,20033542,20036692,22620713,22626510
X	ctgaatgggagactgatcagacaccatcaggcttataaataccttggtat	1522417,9508862,13429821,22569312
X	ctgacctaagcagatttgactgccctctttcaacgctacctaatcttaag	812456,817629,4158094,4164658,10095365,10100826,10525273,10531855,11240699,18754539,18757732,20033518,20036668,22620689,22626486,812456,817629,4158094,4164658,10095365,10100826,10525273,10531855,11240699,18754539,18757732,20033518,20036668,22620689,22626486
X	ctgagaactggaatgtgcgcatcaacgccgagaagtgtgccaatgtgacg	9508776
X	ctgagcgacataaaccttgccgaagcccgtcggcagcttaaagacattat	813131,4158770,10096039,10525949,20034194,22621363
X	ctgatcagacaccatcaggcttataaataccttggtattaccctcgatag	1522429,9508874,13429833,22569324
X	ctgccacttctggtctacaggaatacctggatgcattccagcaatgggct	1522283,9508728,13429687,22569178
X	ctgccctctttcaacgctacctaatcttaagaacccaagagcgaggctct	812475,817648,4158113,4164677,10095384,10100845,10525292,10531874,11240718,18754558,18757751,20033537,20036687,22620708,22626505,812475,817648,4158113,4164677,10095384,10100845,10525292,10531874,11240718,18754558,18757751,20033537,20036687,22620708,22626505
X	ctggaatgtgcgcatcaacgccgagaagtgtgccaatgtgacgttcgcca	9508783
X	ctggagaacttcagggagacaccatacagaggaagcctaagagcattctg	813416,4159055,10096324,10526234,18755500,20034479,22621648
X	ctggatgcattccagcaatgggctgagaactggaatgtgcgcatcaacgc	1522309,9508754,13429713,22569204
X	ctggctgccacttctggtctacaggaatacctggatgcattccagcaatg	1522279,9508724,13429683,22569174
X	ctgggagccatcgaaaggaacttggacggacaaattacacgatctttggg	813284,4158923,10096192,10526102,18755368,20034347,22621516
X	ctggtacccgataacactattgtttatactgatcacagctgttcatggac	4163111,10530290
X	ctggtctacaggaatacctggatgcattccagcaatgggctgagaactgg	1522292,9508737,13429696,22569187
X	ctgtccgggtgtcagtctgaatgggagactgatcagacaccatcaggctt	1522401,9508846,13429805,22569296
X	cttaaagacattatgccattcaagggtgatccagaaacccttcacacctt	813167,4158806,10096075,10525985,18755251,20034230,22621399
X	cttaagaacccaagagcgaggctctcccgaaatacaaatattgttcaaat	812500,817673,4158138,4164702,10095409,10100870,10525317,10531899,11240743,18754583,18757776,20033562,20036712,22620733,22626530,812500,817673,4158138,4164702,10095409,10100870,10525317,10531899,11240743,18754583,18757776,20033562,20036712,22620733,22626530
X	cttccgaacatcgaagattggcctacccttaaagcaagactcatcgcgga	813335,4158974,10096243,10526153,18755419,20034398,22621567
X	cttctggagaacttcagggagacaccatacagaggaagcctaagagcatt	813413,4159052,10096321,10526231,18755497,20034476,22621645
X	cttctggtctacaggaatacctggatgcattccagcaatgggctgagaac	1522289,9508734,13429693,22569184
X	cttgccgaagcccgtcggcagcttaaagacattatgccattcaagggtga	813146,4158785,10096054,10525964,18755230,20034209,22621378
X	cttggacggacaaattacacgatctttgggacttccgaacatcgaagatt	813304,4158943,10096212,10526122,18755388,20034367,22621536
X	cttggattaactacaatgataaccaagtattaatcatatcccacataccc	816730,4163746,10530943,18756225,20035756
X	cttggcgttgtccttagtcaactgacgggacattagttcgactcataaat	812655,817828,4158293,4164857,10095564,10101025,10525472,10532054,11240898,20033717,20036866,22620888,22626685,812655,817828,4158293,4164857,10095564,10101025,10525472,10532054,11240898,20033717,20036866,22620888,22626685
X	cttggtatatgagaacaagagacatcgaacgcgacctcaaggtgcccaaa	1522724,9509169,13430128,22569619
X	cttgtaaacatcctaaagcctgacctaagcagatttgactgccctctttc	812437,817610,4158075,4164639,10095346,10100807,10525254,10531836,11240680,18754520,18757713,20033499,20036649,22620670,22626467,812437,817610,4158075,4164639,10095346,10100807,10525254,10531836,11240680,18754520,18757713,20033499,20036649,22620670,22626467
X	ctttcaacgctacctaatcttaagaacccaagagcgaggctctcccgaaa	812482,817655,4158120,4164684,10095391,10100852,10525299,10531881,11240725,18754565,18757758,20033544,20036694,22620715,22626512,812482,817655,4158120,4164684,10095391,10100852,10525299,10531881,11240725,18754565,18757758,20033544,20036694,22620715,22626512
X	ctttggcagcgcagccgttcttgtaaacatcctaaagcctgacctaagca	812418,817591,4158056,4164620,10095327,10100788,10525235,10531817,11240661,18754501,18757694,20033480,20036630,22620651,22626448,812418,817591,4158056,4164620,10095327,10100788,10525235,10531817,11240661,18754501,18757694,20033480,20036630,22620651,22626448
X	ctttgggacttccgaacatcgaagattggcctacccttaaagcaagactc	813327,4158966,10096235,10526145,18755411,20034390,22621559
X	gaaactccatttcccacactatatccatcaatcccagcccaagtataggc	817425,4164441,10100609,10531638,18757515,20036451,22626269
X	gaaaggaacttggacggacaaattacacgatctttgggacttccgaacat	813296,4158935,10096204,10526114,18755380,20034359,22621528
X	gaacaagagacatcgaacgcgacctcaaggtgcccaaattaggagacaag	1522736,9509181,13430140,22569631
X	gaacaggtagctgtccgggtgtcagtctgaatgggagactgatcagacac	1522391,9508836,13429795,22569286
X	gaacatcgaagattggcctacccttaaagcaagactcatcgcggaattta	813340,4158979,10096248,10526158,18755424,20034403,22621572
X	gaaccaaacacaattgtaacctggaacttaacccaaacaattcttaacca	817005,4164021,10100189,10531218,18757095,20036031,22625849
X	gaacccaagagcgaggctctcccgaaatacaaatattgttcaaatactga	812505,817678,4158143,4164707,10095414,10100875,10525322,10531904,11240748,18754588,18757781,20033567,20036717,22620738,22626535,812505,817678,4158143,4164707,10095414,10100875,10525322,10531904,11240748,18754588,18757781,20033567,20036717,22620738,22626535
X	gaacgcgacctcaaggtgcccaaattaggagacaagctccagaacatcgc	1522750,9509195,22569645
X	gaactggaatgtgcgcatcaacgccgagaagtgtgccaatgtgacgttcg	9508780
X	gaacttcagggagacaccatacagaggaagcctaagagcattctgcgaag	813421,4159060,10096329,10526239,18755505,20034484,22621653
X	gaacttggacggacaaattacacgatctttgggacttccgaacatcgaag	813301,4158940,10096209,10526119,18755385,20034364,22621533
X	gaagatttggaaatggctatgcagctttccagacttggactgtttaaccc	4163628,10530825
X	gaagcccgtcggcagcttaaagacattatgccattcaagggtgatccaga	813152,4158791,10096060,10525970,18755236,20034215,22621384
X	gaagctaggaactgcagctgtggtcaatgctgaccctcggactagagtca	1522848,7702985,8922407,9509293,13430252,16936087,22569743
X	gaagtgtgccaatgtgacgttcgccaaccgaacaggtagctgtccgggtg	1522362,9508807,13429766,22569257
X	gaatacctggatgcattccagcaatgggctgagaactggaatgtgcgcat	1522303,9508748,13429707,22569198
X	gaatgggagactgatcagacaccatcaggcttataaataccttggtatta	1522419,9508864,13429823,22569314
X	gaatgtgcgcatcaacgccgagaagtgtgccaatgtgacgttcgccaacc	9508786
X	gacaaattacacgatctttgggacttccgaacatcgaagattggcctacc	813312,4158951,10096220,10526130,18755396,20034375,22621544
X	gacaccatcaggcttataaataccttggtattaccctcgataggaagctc	1522436,9508881,13429840,22569331
X	gacataaaccttgccgaagcccgtcggcagcttaaagacattatgccatt	813137,4158776,10096045,10525955,18755221,20034200,22621369
X	gacatcgaacgcgacctcaaggtgcccaaattaggagacaagctccagaa	1522744,9509189,13430148,22569639
X	gacattatgccattcaagggtgatccagaaacccttcacacctttatcag	813173,4158812,10096081,10525991,18755257,20034236,22621405
X	gaccattttttgcaaattttgatgatgttaccccttacaaaaaatgcgaa	9597885
X	gacctaagcagatttgactgccctctttcaacgctacctaatcttaagaa	812458,817631,4158096,4164660,10095367,10100828,10525275,10531857,11240701,18754541,18757734,20033520,20036670,22620691,22626488,812458,817631,4158096,4164660,10095367,10100828,10525275,10531857,11240701,18754541,18757734,20033520,20036670,22620691,22626488
X	gacggacaaattacacgatctttgggacttccgaacatcgaagattggcc	813308,4158947,10096216,10526126,18755392,20034371,22621540
X	gacgttcgccaaccgaacaggtagctgtccgggtgtcagtctgaatggga	1522377,9508822,13429781,22569272
X	gactgatcagacaccatcaggcttataaataccttggtattaccctcgat	1522427,9508872,13429831,22569322
X	gactgccctctttcaacgctacctaatcttaagaacccaagagcgaggct	812473,817646,4158111,4164675,10095382,10100843,10525290,10531872,11240716,18754556,18757749,20033535,20036685,22620706,22626503,812473,817646,4158111,4164675,10095382,10100843,10525290,10531872,11240716,18754556,18757749,20033535,20036685,22620706,22626503
X	gacttccgaacatcgaagattggcctacccttaaagcaagactcatcgcg	813333,4158972,10096241,10526151,18755417,20034396,22621565
X	gagaacaagagacatcgaacgcgacctcaaggtgcccaaattaggagaca	1522734,9509179,13430138,22569629
X	gagaactggaatgtgcgcatcaacgccgagaagtgtgccaatgtgacgtt	9508778
X	gagaacttcagggagacaccatacagaggaagcctaagagcattctgcga	813419,4159058,10096327,10526237,18755503,20034482,22621651
X	gagaagtgtgccaatgtgacgttcgccaaccgaacaggtagctgtccggg	1522360,9508805,13429764,22569255
X	gagacatcgaacgcgacctcaaggtgcccaaattaggagacaagctccag	1522742,9509187,13430146,22569637
X	gagactgatcagacaccatcaggcttataaataccttggtattaccctcg	1522425,9508870,13429829,22569320
X	gagccatcgaaaggaacttggacggacaaattacacgatctttgggactt	813288,4158927,10096196,10526106,18755372,20034351,22621520
X	gagcgacataaaccttgccgaagcccgtcggcagcttaaagacattatgc	813133,4158772,10096041,10525951,20034196,22621365
X	gagcgaggctctcccgaaatacaaatattgttcaaatactgaggcttctc	812513,817686,4158151,4164715,10095422,10100883,10525330,10531912,11240756,18754596,18757789,20033575,20036725,22620746,22626543,812513,817686,4158151,4164715,10095422,10100883,10525330,10531912,11240756,18754596,18757789,20033575,20036725,22620746,22626543
X	gaggattctactgggagccatcgaaaggaacttggacggacaaattacac	813274,4158913,10096182,10526092,18755358,20034337,22621506
X	gataaccaagtattaatcatatcccacatacccatttacctttcactaat	816747,4163763,10530960,18756242,20035773
X	gatcagacaccatcaggcttataaataccttggtattaccctcgatagga	1522431,9508876,13429835,22569326
X	gatctttgggacttccgaacatcgaagattggcctacccttaaagcaaga	813324,4158963,10096232,10526142,18755408,20034387,22621556
X	gatgatgttaccccttacaaaaaatgcgaaaaatgactcaaaaattattt	5490227,5502804,5712277
X	gatgcattccagcaatgggctgagaactggaatgtgcgcatcaacgccga	9508757
X	gattaactacaatgataaccaagtattaatcatatcccacatacccattt	816734,4163750,10530947,18756229,20035760
X	gattctactgggagccatcgaaaggaacttggacggacaaattacacgat	813277,4158916,10096185,10526095,18755361,20034340,22621509
X	gatttgactgccctctttcaacgctacctaatcttaagaacccaagagcg	812468,817641,4158106,4164670,10095377,10100838,10525285,10531867,11240711,18754551,18757744,20033530,20036680,22620701,22626498,812468,817641,4158106,4164670,10095377,10100838,10525285,10531867,11240711,18754551,18757744,20033530,20036680,22620701,22626498
X	gcaaattttgatgatgttaccccttacaaaaaatgcgaaaaatgactcaa	5490218,5502795
X	gcaaggaagctaggaactgcagctgtggtcaatgctgaccctcggactag	1522843,7702980,8922402,9509288,13430247,16936082,22569738
X	gcaatgggctgagaactggaatgtgcgcatcaacgccgagaagtgtgcca	9508768
X	gcacctggtacccgataacactattgtttatactgatcacagctgttcat	4163107,10530286
X	gcagatttgactgccctctttcaacgctacctaatcttaagaacccaaga	812465,817638,4158103,4164667,10095374,10100835,10525282,10531864,11240708,18754548,18757741,20033527,20036677,22620698,22626495,812465,817638,4158103,4164667,10095374,10100835,10525282,10531864,11240708,18754548,18757741,20033527,20036677,22620698,22626495
X	gcagccgttcttgtaaacatcctaaagcctgacctaagcagatttgactg	812428,817601,4158066,4164630,10095337,10100798,10525245,10531827,11240671,18754511,18757704,20033490,20036640,22620661,22626458,812428,817601,4158066,4164630,10095337,10100798,10525245,10531827,11240671,18754511,18757704,20033490,20036640,22620661,22626458
X	gcagcgcagccgttcttgtaaacatcctaaagcctgacctaagcagattt	812423,817596,4158061,4164625,10095332,10100793,10525240,10531822,11240666,18754506,18757699,20033485,20036635,22620656,22626453,812423,817596,4158061,4164625,10095332,10100793,10525240,10531822,11240666,18754506,18757699,20033485,20036635,22620656,22626453
X	gcagctggagttcctcaaggaagcgttcttggcccaaccctatactcagt	1522117,9508562,22569012
X	gcagcttaaagacattatgccattcaagggtgatccagaaacccttcaca	813163,4158802,10096071,10525981,18755247,20034226,22621395
X	gcatcaacgccgagaagtgtgccaatgtgacgttcgccaaccgaacaggt	9508794
X	gcattccagcaatgggctgagaactggaatgtgcgcatcaacgccgagaa	9508760
X	gcattcgtttatctttggcagcgcagccgttcttgtaaacatcctaaagc	812406,817579,4158044,4164608,10095315,10100776,10525223,10531805,11240649,18754489,18757682,20033468,20036618,22620639,22626436,812406,817579,4158044,4164608,10095315,10100776,10525223,10531805,11240649,18754489,18757682,20033468,20036618,22620639,22626436
X	gccaaccgaacaggtagctgtccgggtgtcagtctgaatgggagactgat	1522384,9508829,13429788,22569279
X	gccaatgtgacgttcgccaaccgaacaggtagctgtccgggtgtcagtct	1522369,9508814,13429773,22569264
X	gccaattgcagctggagttcctcaaggaagcgttcttggcccaaccctat	1522110,9508555,22569005
X	gccacttctggtctacaggaatacctggatgcattccagcaatgggctga	1522285,9508730,13429689,22569180
X	gccatcgaaaggaacttggacggacaaattacacgatctttgggacttcc	813290,4158929,10096198,10526108,18755374,20034353,22621522
X	gcccgtcggcagcttaaagacattatgccattcaagggtgatccagaaac	813155,4158794,10096063,10525973,18755239,20034218,22621387
X	gccctctttcaacgctacctaatcttaagaacccaagagcgaggctctcc	812477,817650,4158115,4164679,10095386,10100847,10525294,10531876,11240720,18754560,18757753,20033539,20036689,22620710,22626507,812477,817650,4158115,4164679,10095386,10100847,10525294,10531876,11240720,18754560,18757753,20033539,20036689,22620710,22626507
X	gccgaagcccgtcggcagcttaaagacattatgccattcaagggtgatcc	813149,4158788,10096057,10525967,18755233,20034212,22621381
X	gccgagaagtgtgccaatgtgacgttcgccaaccgaacaggtagctgtcc	9508802
X	gccgttcttgtaaacatcctaaagcctgacctaagcagatttgactgccc	812431,817604,4158069,4164633,10095340,10100801,10525248,10531830,11240674,18754514,18757707,20033493,20036643,22620664,22626461,812431,817604,4158069,4164633,10095340,10100801,10525248,10531830,11240674,18754514,18757707,20033493,20036643,22620664,22626461
X	gcctagcaaggaagctaggaactgcagctgtggtcaatgctgaccctcgg	1522838,7702975,8922397,9509283,13430242,16936077,22569733
X	gcctgacctaagcagatttgactgccctctttcaacgctacctaatctta	812454,817627,4158092,4164656,10095363,10100824,10525271,10531853,11240697,18754537,18757730,20033516,20036666,22620687,22626484,812454,817627,4158092,4164656,10095363,10100824,10525271,10531853,11240697,18754537,18757730,20033516,20036666,22620687,22626484
X	gcgacataaaccttgccgaagcccgtcggcagcttaaagacattatgcca	813135,4158774,10096043,10525953,20034198,22621367
X	gcgacctcaaggtgcccaaattaggagacaagctccagaacatcgcccaa	1522754,9509199,22569649
X	gcgaggctctcccgaaatacaaatattgttcaaatactgaggcttctcct	812515,817688,4158153,4164717,10095424,10100885,10525332,10531914,11240758,18754598,18757791,20033577,20036727,22620748,22626545,812515,817688,4158153,4164717,10095424,10100885,10525332,10531914,11240758,18754598,18757791,20033577,20036727,22620748,22626545
X	gcgcagccgttcttgtaaacatcctaaagcctgacctaagcagatttgac	812426,817599,4158064,4164628,10095335,10100796,10525243,10531825,11240669,18754509,18757702,20033488,20036638,22620659,22626456,812426,817599,4158064,4164628,10095335,10100796,10525243,10531825,11240669,18754509,18757702,20033488,20036638,22620659,22626456
X	gcgcatcaacgccgagaagtgtgccaatgtgacgttcgccaaccgaacag	9508792
X	gcgctgagcgacataaaccttgccgaagcccgtcggcagcttaaagacat	813128,4158767,10096036,10525946,20034191,22621360
X	gctacctaatcttaagaacccaagagcgaggctctcccgaaatacaaata	812490,817663,4158128,4164692,10095399,10100860,10525307,10531889,11240733,18754573,18757766,20033552,20036702,22620723,22626520,812490,817663,4158128,4164692,10095399,10100860,10525307,10531889,11240733,18754573,18757766,20033552,20036702,22620723,22626520
X	gctccttggtatatgagaacaagagacatcgaacgcgacctcaaggtgcc	1522720,9509165,13430124,22569615
X	gctgagaactggaatgtgcgcatcaacgccgagaagtgtgccaatgtgac	9508775
X	gctgagcgacataaaccttgccgaagcccgtcggcagcttaaagacatta	813130,4158769,10096038,10525948,20034193,22621362
X	gctgccacttctggtctacaggaatacctggatgcattccagcaatgggc	1522282,9508727,13429686,22569177
X	gctgtccgggtgtcagtctgaatgggagactgatcagacaccatcaggct	1522400,9508845,13429804,22569295
X	gcttaaagacattatgccattcaagggtgatccagaaacccttcacacct	813166,4158805,10096074,10525984,18755250,20034229,22621398
X	ggaacttggacggacaaattacacgatctttgggacttccgaacatcgaa	813300,4158939,10096208,10526118,18755384,20034363,22621532
X	ggaagctaggaactgcagctgtggtcaatgctgaccctcggactagagtc	1522847,7702984,8922406,9509292,13430251,16936086,22569742
X	ggaatacctggatgcattccagcaatgggctgagaactggaatgtgcgca	1522302,9508747,13429706,22569197
X	ggaatgtgcgcatcaacgccgagaagtgtgccaatgtgacgttcgccaac	9508785
X	ggacaaattacacgatctttgggacttccgaacatcgaagattggcctac	813311,4158950,10096219,10526129,18755395,20034374,22621543
X	ggacggacaaattacacgatctttgggacttccgaacatcgaagattggc	813307,4158946,10096215,10526125,18755391,20034370,22621539
X	ggacttccgaacatcgaagattggcctacccttaaagcaagactcatcgc	813332,4158971,10096240,10526150,18755416,20034395,22621564
X	ggagaacttcagggagacaccatacagaggaagcctaagagcattctgcg	813418,4159057,10096326,10526236,18755502,20034481,22621650
X	ggagactgatcagacaccatcaggcttataaataccttggtattaccctc	1522424,9508869,13429828,22569319
X	ggagccatcgaaaggaacttggacggacaaattacacgatctttgggact	813287,4158926,10096195,10526105,18755371,20034350,22621519
X	ggatgcattccagcaatgggctgagaactggaatgtgcgcatcaacgccg	9508756
X	ggattaactacaatgataaccaagtattaatcatatcccacatacccatt	816733,4163749,10530946,18756228,20035759
X	ggattctactgggagccatcgaaaggaacttggacggacaaattacacga	813276,4158915,10096184,10526094,18755360,20034339,22621508
X	ggcacctggtacccgataacactattgtttatactgatcacagctgttca	4163106,10530285
X	ggcagcgcagccgttcttgtaaacatcctaaagcctgacctaagcagatt	812422,817595,4158060,4164624,10095331,10100792,10525239,10531821,11240665,18754505,18757698,20033484,20036634,22620655,22626452,812422,817595,4158060,4164624,10095331,10100792,10525239,10531821,11240665,18754505,18757698,20033484,20036634,22620655,22626452
X	ggcagcttaaagacattatgccattcaagggtgatccagaaacccttcac	813162,4158801,10096070,10525980,18755246,20034225,22621394
X	ggcgttgtccttagtcaactgacgggacattagttcgactcataaataaa	812658,817831,4158296,4164860,10095567,10101028,10525475,10532057,11240901,20033720,20036869,22620891,22626688,812658,817831,4158296,4164860,10095567,10101028,10525475,10532057,11240901,20033720,20036869,22620891,22626688
X	ggctccttggtatatgagaacaagagacatcgaacgcgacctcaaggtgc	1522719,9509164,13430123,22569614
X	ggctgagaactggaatgtgcgcatcaacgccgagaagtgtgccaatgtga	9508774
X	ggctgccacttctggtctacaggaatacctggatgcattccagcaatggg	1522281,9508726,13429685,22569176
X	ggcttataaataccttggtattaccctcgataggaagctcaccttcagca	1522446,9508891,13429850,22569341
X	gggacttccgaacatcgaagattggcctacccttaaagcaagactcatcg	813331,4158970,10096239,10526149,18755415,20034394,22621563
X	gggagactgatcagacaccatcaggcttataaataccttggtattaccct	1522423,9508868,13429827,22569318
X	gggagccatcgaaaggaacttggacggacaaattacacgatctttgggac	813286,4158925,10096194,10526104,18755370,20034349,22621518
X	gggctccttggtatatgagaacaagagacatcgaacgcgacctcaaggtg	1522718,9509163,13430122,22569613
X	gggctgagaactggaatgtgcgcatcaacgccgagaagtgtgccaatgtg	9508773
X	gggtgtcagtctgaatgggagactgatcagacaccatcaggcttataaat	1522407,9508852,13429811,22569302
X	ggtacccgataacactattgtttatactgatcacagctgttcatggacaa	4163113,10530292
X	ggtagctgtccgggtgtcagtctgaatgggagactgatcagacaccatca	1522396,9508841,13429800,22569291
X	ggtatatgagaacaagagacatcgaacgcgacctcaaggtgcccaaatta	1522727,9509172,13430131,22569622
X	ggtctacaggaatacctggatgcattccagcaatgggctgagaactggaa	1522294,9508739,13429698,22569189
X	ggtgtcagtctgaatgggagactgatcagacaccatcaggcttataaata	1522408,9508853,13429812,22569303
X	gtaaacatcctaaagcctgacctaagcagatttgactgccctctttcaac	812440,817613,4158078,4164642,10095349,10100810,10525257,10531839,11240683,18754523,18757716,20033502,20036652,22620673,22626470,812440,817613,4158078,4164642,10095349,10100810,10525257,10531839,11240683,18754523,18757716,20033502,20036652,22620673,22626470
X	gtacccgataacactattgtttatactgatcacagctgttcatggacaac	4163114,10530293
X	gtagctgtccgggtgtcagtctgaatgggagactgatcagacaccatcag	1522397,9508842,13429801,22569292
X	gtatatgagaacaagagacatcgaacgcgacctcaaggtgcccaaattag	1522728,9509173,13430132,22569623
X	gtatcctggctgccacttctggtctacaggaatacctggatgcattccag	1522274,9508719,13429678,22569169
X	gtcagtctgaatgggagactgatcagacaccatcaggcttataaatacct	1522411,9508856,13429815,22569306
X	gtccgggtgtcagtctgaatgggagactgatcagacaccatcaggcttat	1522403,9508848,13429807,22569298
X	gtcggcagcttaaagacattatgccattcaagggtgatccagaaaccctt	813159,4158798,10096067,10525977,18755243,20034222,22621391
X	gtctacaggaatacctggatgcattccagcaatgggctgagaactggaat	1522295,9508740,13429699,22569190
X	gtctgaatgggagactgatcagacaccatcaggcttataaataccttggt	1522415,9508860,13429819,22569310
X	gtcttaagctgagatccaaagaataaagtcgtgaaactatttctcctaaa	812590,817763,4158228,4164792,10095499,10525407,10531989,11240833,18754673,18757866,20033652,20036802,22620823,22626620,812590,817763,4158228,4164792,10095499,10525407,10531989,11240833,18754673,18757866,20033652,20036802,22620823,22626620
X	gtgacgttcgccaaccgaacaggtagctgtccgggtgtcagtctgaatgg	1522375,9508820,13429779,22569270
X	gtgccaatgtgacgttcgccaaccgaacaggtagctgtccgggtgtcagt	1522367,9508812,13429771,22569262
X	gtgcgcatcaacgccgagaagtgtgccaatgtgacgttcgccaaccgaac	9508790
X	gtgtcagtctgaatgggagactgatcagacaccatcaggcttataaatac	1522409,9508854,13429813,22569304
X	gtgtgccaatgtgacgttcgccaaccgaacaggtagctgtccgggtgtca	1522365,9508810,13429769,22569260
X	gttcgccaaccgaacaggtagctgtccgggtgtcagtctgaatgggagac	1522380,9508825,13429784,22569275
X	gttcttgtaaacatcctaaagcctgacctaagcagatttgactgccctct	812434,817607,4158072,4164636,10095343,10100804,10525251,10531833,11240677,18754517,18757710,20033496,20036646,22620667,22626464,812434,817607,4158072,4164636,10095343,10100804,10525251,10531833,11240677,18754517,18757710,20033496,20036646,22620667,22626464
X	gtttatctttggcagcgcagccgttcttgtaaacatcctaaagcctgacc	812412,817585,4158050,4164614,10095321,10100782,10525229,10531811,11240655,18754495,18757688,20033474,20036624,22620645,22626442,812412,817585,4158050,4164614,10095321,10100782,10525229,10531811,11240655,18754495,18757688,20033474,20036624,22620645,22626442
X	taaacatcctaaagcctgacctaagcagatttgactgccctctttcaacg	812441,817614,4158079,4164643,10095350,10100811,10525258,10531840,11240684,18754524,18757717,20033503,20036653,22620674,22626471,812441,817614,4158079,4164643,10095350,10100811,10525258,10531840,11240684,18754524,18757717,20033503,20036653,22620674,22626471
X	taaaccttgccgaagcccgtcggcagcttaaagacattatgccattcaag	813141,4158780,10096049,10525959,18755225,20034204,22621373
X	taaagacattatgccattcaagggtgatccagaaacccttcacaccttta	813169,4158808,10096077,10525987,18755253,20034232,22621401
X	taaagcctgacctaagcagatttgactgccctctttcaacgctacctaat	812450,817623,4158088,4164652,10095359,10100820,10525267,10531849,11240693,18754533,18757726,20033512,20036662,22620683,22626480,812450,817623,4158088,4164652,10095359,10100820,10525267,10531849,11240693,18754533,18757726,20033512,20036662,22620683,22626480
X	taactacaatgataaccaagtattaatcatatcccacatacccatttacc	816737,4163753,10530950,18756232,20035763
X	taagaacccaagagcgaggctctcccgaaatacaaatattgttcaaatac	812502,817675,4158140,4164704,10095411,10100872,10525319,10531901,11240745,18754585,18757778,20033564,20036714,22620735,22626532,812502,817675,4158140,4164704,10095411,10100872,10525319,10531901,11240745,18754585,18757778,20033564,20036714,22620735,22626532
X	taagcagatcaaattaagttgccgcatgggtaacagtgcgttgatcaaat	1523100,7703234,8922659,9509545,13401728,13430504,16936339,22569995
X	taagcagatttgactgccctctttcaacgctacctaatcttaagaaccca	812462,817635,4158100,4164664,10095371,10100832,10525279,10531861,11240705,18754545,18757738,20033524,20036674,22620695,22626492,812462,817635,4158100,4164664,10095371,10100832,10525279,10531861,11240705,18754545,18757738,20033524,20036674,22620695,22626492
X	taatcttaagaacccaagagcgaggctctcccgaaatacaaatattgttc	812496,817669,4158134,4164698,10095405,10100866,10525313,10531895,11240739,18754579,18757772,20033558,20036708,22620729,22626526,812496,817669,4158134,4164698,10095405,10100866,10525313,10531895,11240739,18754579,18757772,20033558,20036708,22620729,22626526
X	taattccttacccagactccaacggctatcagctagattacacagacaca	816811,4163827,10531024,18756306,20035837
X	taatttaagcagatcaaattaagttgccgcatgggtaacagtgcgttgat	1523095,7703229,8922654,9509540,13401723,13430499,16936334,22569990
X	tacaaacttctggagaacttcagggagacaccatacagaggaagcctaag	813407,4159046,10096315,10526225,18755491,20034470,22621639
X	tacaatgataaccaagtattaatcatatcccacatacccatttacctttc	816741,4163757,10530954,18756236,20035767
X	tacacgatctttgggacttccgaacatcgaagattggcctacccttaaag	813319,4158958,10096227,10526137,18755403,20034382,22621551
X	tacaggaatacctggatgcattccagcaatgggctgagaactggaatgtg	1522298,9508743,13429702,22569193
X	tacatagaaccaaacacaattgtaacctggaacttaacccaaacaattct	816999,4164015,10100183,10531212,18757089,20036025,22625843
X	tacctaatcttaagaacccaagagcgaggctctcccgaaatacaaatatt	812492,817665,4158130,4164694,10095401,10100862,10525309,10531891,11240735,18754575,18757768,20033554,20036704,22620725,22626522,812492,817665,4158130,4164694,10095401,10100862,10525309,10531891,11240735,18754575,18757768,20033554,20036704,22620725,22626522
X	tacctggatgcattccagcaatgggctgagaactggaatgtgcgcatcaa	1522306,9508751,13429710,22569201
X	tactgggagccatcgaaaggaacttggacggacaaattacacgatctttg	813282,4158921,10096190,10526100,18755366,20034345,22621514
X	tagaaccaaacacaattgtaacctggaacttaacccaaacaattcttaac	817003,4164019,10100187,10531216,18757093,20036029,22625847
X	tagcaaggaagctaggaactgcagctgtggtcaatgctgaccctcggact	1522841,7702978,8922400,9509286,13430245,16936080,22569736
X	tagctgtccgggtgtcagtctgaatgggagactgatcagacaccatcagg	1522398,9508843,13429802,22569293
X	tagtcttaagctgagatccaaagaataaagtcgtgaaactatttctccta	812588,817761,4158226,4164790,10095497,10525405,10531987,11240831,18754671,18757864,20033650,20036800,22620821,22626618,812588,817761,4158226,4164790,10095497,10525405,10531987,11240831,18754671,18757864,20033650,20036800,22620821,22626618
X	tatatgagaacaagagacatcgaacgcgacctcaaggtgcccaaattagg	1522729,9509174,13430133,22569624
X	tatcctggctgccacttctggtctacaggaatacctggatgcattccagc	1522275,9508720,13429679,22569170
X	tatctttggcagcgcagccgttcttgtaaacatcctaaagcctgacctaa	812415,817588,4158053,4164617,10095324,10100785,10525232,10531814,11240658,18754498,18757691,20033477,20036627,22620648,22626445,812415,817588,4158053,4164617,10095324,10100785,10525232,10531814,11240658,18754498,18757691,20033477,20036627,22620648,22626445
X	tatgagaacaagagacatcgaacgcgacctcaaggtgcccaaattaggag	1522731,9509176,13430135,22569626
X	tattcagcaagcgttcaggaccaaggttgctcggatgtcttggctcattg	1522509,9508954,13429913,22569404
X	tattgcgctgagcgacataaaccttgccgaagcccgtcggcagcttaaag	813124,4158763,10096032,10525942,20034187,22621356
X	tatttcttggcgttgtccttagtcaactgacgggacattagttcgactca	812650,817823,4158288,4164852,10095559,10101020,10525467,10532049,11240893,18754734,18757927,20033712,20036861,22620883,22626680,812650,817823,4158288,4164852,10095559,10101020,10525467,10532049,11240893,18754734,18757927,20033712,20036861,22620883,22626680
X	tcaaacaccaaactacaaacttctggagaacttcagggagacaccataca	813394,10096302,10526212,18755478,20034457,22621626
X	tcaacgccgagaagtgtgccaatgtgacgttcgccaaccgaacaggtagc	9508797
X	tcaacgctacctaatcttaagaacccaagagcgaggctctcccgaaatac	812485,817658,4158123,4164687,10095394,10100855,10525302,10531884,11240728,18754568,18757761,20033547,20036697,22620718,22626515,812485,817658,4158123,4164687,10095394,10100855,10525302,10531884,11240728,18754568,18757761,20033547,20036697,22620718,22626515
X	tcaagccaattgcagctggagttcctcaaggaagcgttcttggcccaacc	1522106,9508551,22569001
X	tcaatcaagccaattgcagctggagttcctcaaggaagcgttcttggccc	1522102,9508547,22568997
X	tcagacaccatcaggcttataaataccttggtattaccctcgataggaag	1522433,9508878,13429837,22569328
X	tcagcaagcgttcaggaccaaggttgctcggatgtcttggctcattgcac	1522512,9508957,13429916,22569407
X	tcaggcttataaataccttggtattaccctcgataggaagctcaccttca	1522443,9508888,13429847,22569338
X	tcagtctgaatgggagactgatcagacaccatcaggcttataaatacctt	1522412,9508857,13429816,22569307
X	tccacttggattaactacaatgataaccaagtattaatcatatcccacat	816726,4163742,10530939,18756221,20035752
X	tccagcaatgggctgagaactggaatgtgcgcatcaacgccgagaagtgt	9508764
X	tccatttcccacactatatccatcaatcccagcccaagtataggcttctc	817430,4164446,10100614,10531643,18757520,20036456,22626274
X	tcccacactatatccatcaatcccagcccaagtataggcttctctttaag	817436,4164452,10100620,10531649,18757526,20036462,22626280
X	tccgaacatcgaagattggcctacccttaaagcaagactcatcgcggaat	813337,4158976,10096245,10526155,18755421,20034400,22621569
X	tccgggtgtcagtctgaatgggagactgatcagacaccatcaggcttata	1522404,9508849,13429808,22569299
X	tcctaaagcctgacctaagcagatttgactgccctctttcaacgctacct	812447,817620,4158085,4164649,10095356,10100817,10525264,10531846,11240690,18754530,18757723,20033509,20036659,22620680,22626477,812447,817620,4158085,4164649,10095356,10100817,10525264,10531846,11240690,18754530,18757723,20033509,20036659,22620680,22626477
X	tcctggctgccacttctggtctacaggaatacctggatgcattccagcaa	1522277,9508722,13429681,22569172
X	tccttggtatatgagaacaagagacatcgaacgcgacctcaaggtgccca	1522722,9509167,13430126,22569617
X	tcgaaaggaacttggacggacaaattacacgatctttgggacttccgaac	813294,4158933,10096202,10526112,18755378,20034357,22621526
X	tcgaacgcgacctcaaggtgcccaaattaggagacaagctccagaacatc	1522748,9509193,22569643
X	tcgccaaccgaacaggtagctgtccgggtgtcagtctgaatgggagactg	1522382,9508827,13429786,22569277
X	tcggcagcttaaagacattatgccattcaagggtgatccagaaacccttc	813160,4158799,10096068,10525978,18755244,20034223,22621392
X	tcgtttatctttggcagcgcagccgttcttgtaaacatcctaaagcctga	812410,817583,4158048,4164612,10095319,10100780,10525227,10531809,11240653,18754493,18757686,20033472,20036622,22620643,22626440,812410,817583,4158048,4164612,10095319,10100780,10525227,10531809,11240653,18754493,18757686,20033472,20036622,22620643,22626440
X	tctacaggaatacctggatgcattccagcaatgggctgagaactggaatg	1522296,9508741,13429700,22569191
X	tctactgggagccatcgaaaggaacttggacggacaaattacacgatctt	813280,4158919,10096188,10526098,18755364,20034343,22621512
X	tctgaatgggagactgatcagacaccatcaggcttataaataccttggta	1522416,9508861,13429820,22569311
X	tctggagaacttcagggagacaccatacagaggaagcctaagagcattct	813415,4159054,10096323,10526233,18755499,20034478,22621647
X	tctggtctacaggaatacctggatgcattccagcaatgggctgagaactg	1522291,9508736,13429695,22569186
X	tcttaagaacccaagagcgaggctctcccgaaatacaaatattgttcaaa	812499,817672,4158137,4164701,10095408,10100869,10525316,10531898,11240742,18754582,18757775,20033561,20036711,22620732,22626529,812499,817672,4158137,4164701,10095408,10100869,10525316,10531898,11240742,18754582,18757775,20033561,20036711,22620732,22626529
X	tcttggcgttgtccttagtcaactgacgggacattagttcgactcataaa	812654,817827,4158292,4164856,10095563,10101024,10525471,10532053,11240897,20033716,20036865,22620887,22626684,812654,817827,4158292,4164856,10095563,10101024,10525471,10532053,11240897,20033716,20036865,22620887,22626684
X	tcttgtaaacatcctaaagcctgacctaagcagatttgactgccctcttt	812436,817609,4158074,4164638,10095345,10100806,10525253,10531835,11240679,18754519,18757712,20033498,20036648,22620669,22626466,812436,817609,4158074,4164638,10095345,10100806,10525253,10531835,11240679,18754519,18757712,20033498,20036648,22620669,22626466
X	tctttcaacgctacctaatcttaagaacccaagagcgaggctctcccgaa	812481,817654,4158119,4164683,10095390,10100851,10525298,10531880,11240724,18754564,18757757,20033543,20036693,22620714,22626511,812481,817654,4158119,4164683,10095390,10100851,10525298,10531880,11240724,18754564,18757757,20033543,20036693,22620714,22626511
X	tctttggcagcgcagccgttcttgtaaacatcctaaagcctgacctaagc	812417,817590,4158055,4164619,10095326,10100787,10525234,10531816,11240660,18754500,18757693,20033479,20036629,22620650,22626447,812417,817590,4158055,4164619,10095326,10100787,10525234,10531816,11240660,18754500,18757693,20033479,20036629,22620650,22626447
X	tctttgggacttccgaacatcgaagattggcctacccttaaagcaagact	813326,4158965,10096234,10526144,18755410,20034389,22621558
X	tgaatgggagactgatcagacaccatcaggcttataaataccttggtatt	1522418,9508863,13429822,22569313
X	tgaccattttttgcaaattttgatgatgttaccccttacaaaaaatgcga	9597884
X	tgacctaagcagatttgactgccctctttcaacgctacctaatcttaaga	812457,817630,4158095,4164659,10095366,10100827,10525274,10531856,11240700,18754540,18757733,20033519,20036669,22620690,22626487,812457,817630,4158095,4164659,10095366,10100827,10525274,10531856,11240700,18754540,18757733,20033519,20036669,22620690,22626487
X	tgacgttcgccaaccgaacaggtagctgtccgggtgtcagtctgaatggg	1522376,9508821,13429780,22569271
X	tgactgccctctttcaacgctacctaatcttaagaacccaagagcgaggc	812472,817645,4158110,4164674,10095381,10100842,10525289,10531871,11240715,18754555,18757748,20033534,20036684,22620705,22626502,812472,817645,4158110,4164674,10095381,10100842,10525289,10531871,11240715,18754555,18757748,20033534,20036684,22620705,22626502
X	tgagaacaagagacatcgaacgcgacctcaaggtgcccaaattaggagac	1522733,9509178,13430137,22569628
X	tgagaactggaatgtgcgcatcaacgccgagaagtgtgccaatgtgacgt	9508777
X	tgagcgacataaaccttgccgaagcccgtcggcagcttaaagacattatg	813132,4158771,10096040,10525950,20034195,22621364
X	tgataaccaagtattaatcatatcccacatacccatttacctttcactaa	816746,4163762,10530959,18756241,20035772
X	tgatcagacaccatcaggcttataaataccttggtattaccctcgatagg	1522430,9508875,13429834,22569325
X	tgatgatgttaccccttacaaaaaatgcgaaaaatgactcaaaaattatt	5490226,5502803,5712276
X	tgatgttaccccttacaaaaaatgcgaaaaatgactcaaaaattattttt	5490229,5502806,5712279
X	tgatttcagagaacaatattacactttacatacaaatgatcattgtaata	817249,4164265,10100433,10531462,18757339,20036275,22626093
X	tgcaaattttgatgatgttaccccttacaaaaaatgcgaaaaatgactca	5490217,5502794
X	tgcagctggagttcctcaaggaagcgttcttggcccaaccctatactcag	1522116,9508561,22569011
X	tgcattccagcaatgggctgagaactggaatgtgcgcatcaacgccgaga	9508759
X	tgccaatgtgacgttcgccaaccgaacaggtagctgtccgggtgtcagtc	1522368,9508813,13429772,22569263
X	tgccacttctggtctacaggaatacctggatgcattccagcaatgggctg	1522284,9508729,13429688,22569179
X	tgccctctttcaacgctacctaatcttaagaacccaagagcgaggctctc	812476,817649,4158114,4164678,10095385,10100846,10525293,10531875,11240719,18754559,18757752,20033538,20036688,22620709,22626506,812476,817649,4158114,4164678,10095385,10100846,10525293,10531875,11240719,18754559,18757752,20033538,20036688,22620709,22626506
X	tgccgaagcccgtcggcagcttaaagacattatgccattcaagggtgatc	813148,4158787,10096056,10525966,18755232,20034211,22621380
X	tgcgcatcaacgccgagaagtgtgccaatgtgacgttcgccaaccgaaca	9508791
X	tgcgctgagcgacataaaccttgccgaagcccgtcggcagcttaaagaca	813127,4158766,10096035,10525945,20034190,22621359
X	tggaatgtgcgcatcaacgccgagaagtgtgccaatgtgacgttcgccaa	9508784
X	tggacggacaaattacacgatctttgggacttccgaacatcgaagattgg	813306,4158945,10096214,10526124,18755390,20034369,22621538
X	tggagaacttcagggagacaccatacagaggaagcctaagagcattctgc	813417,4159056,10096325,10526235,18755501,20034480,22621649
X	tggatgcattccagcaatgggctgagaactggaatgtgcgcatcaacgcc	9508755
X	tggattaactacaatgataaccaagtattaatcatatcccacatacccat	816732,4163748,10530945,18756227,20035758
X	tggcagcgcagccgttcttgtaaacatcctaaagcctgacctaagcagat	812421,817594,4158059,4164623,10095330,10100791,10525238,10531820,11240664,18754504,18757697,20033483,20036633,22620654,22626451,812421,817594,4158059,4164623,10095330,10100791,10525238,10531820,11240664,18754504,18757697,20033483,20036633,22620654,22626451
X	tggcgttgtccttagtcaactgacgggacattagttcgactcataaataa	812657,817830,4158295,4164859,10095566,10101027,10525474,10532056,11240900,20033719,20036868,22620890,22626687,812657,817830,4158295,4164859,10095566,10101027,10525474,10532056,11240900,20033719,20036868,22620890,22626687
X	tggctgccacttctggtctacaggaatacctggatgcattccagcaatgg	1522280,9508725,13429684,22569175
X	tgggacttccgaacatcgaagattggcctacccttaaagcaagactcatc	813330,4158969,10096238,10526148,18755414,20034393,22621562
X	tgggagactgatcagacaccatcaggcttataaataccttggtattaccc	1522422,9508867,13429826,22569317
X	tgggagccatcgaaaggaacttggacggacaaattacacgatctttggga	813285,4158924,10096193,10526103,18755369,20034348,22621517
X	tgggctgagaactggaatgtgcgcatcaacgccgagaagtgtgccaatgt	9508772
X	tggtacccgataacactattgtttatactgatcacagctgttcatggaca	4163112,10530291
X	tggtatatgagaacaagagacatcgaacgcgacctcaaggtgcccaaatt	1522726,9509171,13430130,22569621
X	tggtctacaggaatacctggatgcattccagcaatgggctgagaactgga	1522293,9508738,13429697,22569188
X	tgtaaacatcctaaagcctgacctaagcagatttgactgccctctttcaa	812439,817612,4158077,4164641,10095348,10100809,10525256,10531838,11240682,18754522,18757715,20033501,20036651,22620672,22626469,812439,817612,4158077,4164641,10095348,10100809,10525256,10531838,11240682,18754522,18757715,20033501,20036651,22620672,22626469
X	tgtcagtctgaatgggagactgatcagacaccatcaggcttataaatacc	1522410,9508855,13429814,22569305
X	tgtccgggtgtcagtctgaatgggagactgatcagacaccatcaggctta	1522402,9508847,13429806,22569297
X	tgtgacgttcgccaaccgaacaggtagctgtccgggtgtcagtctgaatg	1522374,9508819,13429778,22569269
X	tgtgccaatgtgacgttcgccaaccgaacaggtagctgtccgggtgtcag	1522366,9508811,13429770,22569261
X	tgtgcgcatcaacgccgagaagtgtgccaatgtgacgttcgccaaccgaa	9508789
X	ttaaagacattatgccattcaagggtgatccagaaacccttcacaccttt	813168,4158807,10096076,10525986,18755252,20034231,22621400
X	ttaactacaatgataaccaagtattaatcatatcccacatacccatttac	816736,4163752,10530949,18756231,20035762
X	ttaagaacccaagagcgaggctctcccgaaatacaaatattgttcaaata	812501,817674,4158139,4164703,10095410,10100871,10525318,10531900,11240744,18754584,18757777,20033563,20036713,22620734,22626531,812501,817674,4158139,4164703,10095410,10100871,10525318,10531900,11240744,18754584,18757777,20033563,20036713,22620734,22626531
X	ttaagcagatcaaattaagttgccgcatgggtaacagtgcgttgatcaaa	1523099,7703233,8922658,9509544,13401727,13430503,16936338,22569994
X	ttacacgatctttgggacttccgaacatcgaagattggcctacccttaaa	813318,4158957,10096226,10526136,18755402,20034381,22621550
X	ttagtcttaagctgagatccaaagaataaagtcgtgaaactatttctcct	812587,817760,4158225,4164789,10095496,10525404,10531986,11240830,18754670,18757863,20033649,20036799,22620820,22626617,812587,817760,4158225,4164789,10095496,10525404,10531986,11240830,18754670,18757863,20033649,20036799,22620820,22626617
X	ttatctttggcagcgcagccgttcttgtaaacatcctaaagcctgaccta	812414,817587,4158052,4164616,10095323,10100784,10525231,10531813,11240657,18754497,18757690,20033476,20036626,22620647,22626444,812414,817587,4158052,4164616,10095323,10100784,10525231,10531813,11240657,18754497,18757690,20033476,20036626,22620647,22626444
X	ttattgcgctgagcgacataaaccttgccgaagcccgtcggcagcttaaa	813123,4158762,10096031,10525941,20034186,22621355
X	ttatttcttggcgttgtccttagtcaactgacgggacattagttcgactc	812649,817822,4158287,4164851,10095558,10101019,10525466,10532048,11240892,18754733,18757926,20033711,20036860,22620882,22626679,812649,817822,4158287,4164851,10095558,10101019,10525466,10532048,11240892,18754733,18757926,20033711,20036860,22620882,22626679
X	ttcaaacaccaaactacaaacttctggagaacttcagggagacaccatac	813393,10096301,10526211,18755477,20034456,22621625
X	ttcaacgctacctaatcttaagaacccaagagcgaggctctcccgaaata	812484,817657,4158122,4164686,10095393,10100854,10525301,10531883,11240727,18754567,18757760,20033546,20036696,22620717,22626514,812484,817657,4158122,4164686,10095393,10100854,10525301,10531883,11240727,18754567,18757760,20033546,20036696,22620717,22626514
X	ttcagcaagcgttcaggaccaaggttgctcggatgtcttggctcattgca	1522511,9508956,13429915,22569406
X	ttccagcaatgggctgagaactggaatgtgcgcatcaacgccgagaagtg	9508763
X	ttcccacactatatccatcaatcccagcccaagtataggcttctctttaa	817435,4164451,10100619,10531648,18757525,20036461,22626279
X	ttccgaacatcgaagattggcctacccttaaagcaagactcatcgcggaa	813336,4158975,10096244,10526154,18755420,20034399,22621568
X	ttcgccaaccgaacaggtagctgtccgggtgtcagtctgaatgggagact	1522381,9508826,13429785,22569276
X	ttcgtttatctttggcagcgcagccgttcttgtaaacatcctaaagcctg	812409,817582,4158047,4164611,10095318,10100779,10525226,10531808,11240652,18754492,18757685,20033471,20036621,22620642,22626439,812409,817582,4158047,4164611,10095318,10100779,10525226,10531808,11240652,18754492,18757685,20033471,20036621,22620642,22626439
X	ttctactgggagccatcgaaaggaacttggacggacaaattacacgatct	813279,4158918,10096187,10526097,18755363,20034342,22621511
X	ttctggagaacttcagggagacaccatacagaggaagcctaagagcattc	813414,4159053,10096322,10526232,18755498,20034477,22621646
X	ttctggtctacaggaatacctggatgcattccagcaatgggctgagaact	1522290,9508735,13429694,22569185
X	ttcttggcgttgtccttagtcaactgacgggacattagttcgactcataa	812653,817826,4158291,4164855,10095562,10101023,10525470,10532052,11240896,20033715,20036864,22620886,22626683,812653,817826,4158291,4164855,10095562,10101023,10525470,10532052,11240896,20033715,20036864,22620886,22626683
X	ttcttgtaaacatcctaaagcctgacctaagcagatttgactgccctctt	812435,817608,4158073,4164637,10095344,10100805,10525252,10531834,11240678,18754518,18757711,20033497,20036647,22620668,22626465,812435,817608,4158073,4164637,10095344,10100805,10525252,10531834,11240678,18754518,18757711,20033497,20036647,22620668,22626465
X	ttgaccattttttgcaaattttgatgatgttaccccttacaaaaaatgcg	9597883
X	ttgactgccctctttcaacgctacctaatcttaagaacccaagagcgagg	812471,817644,4158109,4164673,10095380,10100841,10525288,10531870,11240714,18754554,18757747,20033533,20036683,22620704,22626501,812471,817644,4158109,4164673,10095380,10100841,10525288,10531870,11240714,18754554,18757747,20033533,20036683,22620704,22626501
X	ttgatgatgttaccccttacaaaaaatgcgaaaaatgactcaaaaattat	5490225,5502802,5712275
X	ttgcaaattttgatgatgttaccccttacaaaaaatgcgaaaaatgactc	5490216,5502793
X	ttgcagctggagttcctcaaggaagcgttcttggcccaaccctatactca	1522115,9508560,22569010
X	ttgccgaagcccgtcggcagcttaaagacattatgccattcaagggtgat	813147,4158786,10096055,10525965,18755231,20034210,22621379
X	ttgcgctgagcgacataaaccttgccgaagcccgtcggcagcttaaagac	813126,4158765,10096034,10525944,20034189,22621358
X	ttggacggacaaattacacgatctttgggacttccgaacatcgaagattg	813305,4158944,10096213,10526123,18755389,20034368,22621537
X	ttggattaactacaatgataaccaagtattaatcatatcccacataccca	816731,4163747,10530944,18756226,20035757
X	ttggcagcgcagccgttcttgtaaacatcctaaagcctgacctaagcaga	812420,817593,4158058,4164622,10095329,10100790,10525237,10531819,11240663,18754503,18757696,20033482,20036632,22620653,22626450,812420,817593,4158058,4164622,10095329,10100790,10525237,10531819,11240663,18754503,18757696,20033482,20036632,22620653,22626450
X	ttggcgttgtccttagtcaactgacgggacattagttcgactcataaata	812656,817829,4158294,4164858,10095565,10101026,10525473,10532055,11240899,20033718,20036867,22620889,22626686,812656,817829,4158294,4164858,10095565,10101026,10525473,10532055,11240899,20033718,20036867,22620889,22626686
X	ttgggacttccgaacatcgaagattggcctacccttaaagcaagactcat	813329,4158968,10096237,10526147,18755413,20034392,22621561
X	ttggtatatgagaacaagagacatcgaacgcgacctcaaggtgcccaaat	1522725,9509170,13430129,22569620
X	ttgtaaacatcctaaagcctgacctaagcagatttgactgccctctttca	812438,817611,4158076,4164640,10095347,10100808,10525255,10531837,11240681,18754521,18757714,20033500,20036650,22620671,22626468,812438,817611,4158076,4164640,10095347,10100808,10525255,10531837,11240681,18754521,18757714,20033500,20036650,22620671,22626468
X	tttaagcagatcaaattaagttgccgcatgggtaacagtgcgttgatcaa	1523098,7703232,8922657,9509543,13401726,13430502,16936337,22569993
X	tttagtcttaagctgagatccaaagaataaagtcgtgaaactatttctcc	812586,817759,4158224,4164788,10095495,10525403,10531985,11240829,18754669,18757862,20033648,20036798,22620819,22626616,812586,817759,4158224,4164788,10095495,10525403,10531985,11240829,18754669,18757862,20033648,20036798,22620819,22626616
X	tttatctttggcagcgcagccgttcttgtaaacatcctaaagcctgacct	812413,817586,4158051,4164615,10095322,10100783,10525230,10531812,11240656,18754496,18757689,20033475,20036625,22620646,22626443,812413,817586,4158051,4164615,10095322,10100783,10525230,10531812,11240656,18754496,18757689,20033475,20036625,22620646,22626443
X	tttatttcttggcgttgtccttagtcaactgacgggacattagttcgact	812648,817821,4158286,4164850,10095557,10101018,10525465,10532047,11240891,18754732,18757925,20033710,20036859,22620881,22626678,812648,817821,4158286,4164850,10095557,10101018,10525465,10532047,11240891,18754732,18757925,20033710,20036859,22620881,22626678
X	tttcaacgctacctaatcttaagaacccaagagcgaggctctcccgaaat	812483,817656,4158121,4164685,10095392,10100853,10525300,10531882,11240726,18754566,18757759,20033545,20036695,22620716,22626513,812483,817656,4158121,4164685,10095392,10100853,10525300,10531882,11240726,18754566,18757759,20033545,20036695,22620716,22626513
X	tttcccacactatatccatcaatcccagcccaagtataggcttctcttta	817434,4164450,10100618,10531647,18757524,20036460,22626278
X	tttcttggcgttgtccttagtcaactgacgggacattagttcgactcata	812652,817825,4158290,4164854,10095561,10101022,10525469,10532051,11240895,20033714,20036863,22620885,22626682,812652,817825,4158290,4164854,10095561,10101022,10525469,10532051,11240895,20033714,20036863,22620885,22626682
X	tttgaccattttttgcaaattttgatgatgttaccccttacaaaaaatgc	9597882
X	tttgactgccctctttcaacgctacctaatcttaagaacccaagagcgag	812470,817643,4158108,4164672,10095379,10100840,10525287,10531869,11240713,18754553,18757746,20033532,20036682,22620703,22626500,812470,817643,4158108,4164672,10095379,10100840,10525287,10531869,11240713,18754553,18757746,20033532,20036682,22620703,22626500
X	tttgatgatgttaccccttacaaaaaatgcgaaaaatgactcaaaaatta	5490224,5502801,5712274
X	tttgcaaattttgatgatgttaccccttacaaaaaatgcgaaaaatgact	5490215,5502792
X	tttggcagcgcagccgttcttgtaaacatcctaaagcctgacctaagcag	812419,817592,4158057,4164621,10095328,10100789,10525236,10531818,11240662,18754502,18757695,20033481,20036631,22620652,22626449,812419,817592,4158057,4164621,10095328,10100789,10525236,10531818,11240662,18754502,18757695,20033481,20036631,22620652,22626449
X	tttgggacttccgaacatcgaagattggcctacccttaaagcaagactca	813328,4158967,10096236,10526146,18755412,20034391,22621560
X	ttttgaccattttttgcaaattttgatgatgttaccccttacaaaaaatg	9597881
X	ttttgatgatgttaccccttacaaaaaatgcgaaaaatgactcaaaaatt	5490223,5502800,5712273
X	ttttgcaaattttgatgatgttaccccttacaaaaaatgcgaaaaatgac	5490214,5502791
X	tttttgaccattttttgcaaattttgatgatgttaccccttacaaaaaat	9597880
X	tttttgcaaattttgatgatgttaccccttacaaaaaatgcgaaaaatga	5490213,5502790
X	ttttttgaccattttttgcaaattttgatgatgttaccccttacaaaaaa	9597879
X	ttttttgcaaattttgatgatgttaccccttacaaaaaatgcgaaaaatg	5490212,5490938,5502789
