X	aaagtaatcgaccaaatatggaatggcatacctcgctgaattcgttacaa	8664500,8664500
X	aaattttcgcattttttgtaaggggtaacatcatcaaaatttgcaaaaaa	8318033,8369605,8699508,8699867,8700227,8700587,8700946,8701306,8702026,8735388,8735748,8840408,8840768,9072556,9374508,9810276,10340763,13360903,13361263,13361983,13362343
X	aaatttttgcattttctgtaaggggtaacatcatcaaaatttgcaaaaaa	8699147,8702386
X	aaggggtaacatcatcaaaatttgcaaaaaattgaaaaatcctagaattc	8699527,8699886,8700246,8700606,8700965,8701325,8735407,8840787,13360922,13361282,13362002,13693333
X	aagtaatcgaccaaatatggaatggcatacctcgctgaattcgttacaaa	8664501,8664501
X	aattttcgcattttttgtaaggggtaacatcatcaaaatttgcaaaaaat	8318034,8369606,8699509,8699868,8700228,8700588,8700947,8701307,8702027,8735389,8735749,8840409,8840769,9374509,9396889,9623418,9623727,9624086,9624445,9624804,9625163,9625522,9625881,9726392,9809918,9810277,9905080,9956158,10240044,10292149,10340405,10340764,12437774,12438132,12794880,12795599,12795959,12796679,12797039,12797399,12797759,13360904,13361264,13361984,13362344
X	aatttttgcattttctgtaaggggtaacatcatcaaaatttgcaaaaaat	8702387
X	aggggtaacatcatcaaaatttgcaaaaaattgaaaaatcctagaattcc	8699528,8699887,8700247,8700607,8700966,8701326,8735408,8840788,13360923,13361283,13362003,13693334
X	attttcgcattttttgtaaggggtaacatcatcaaaatttgcaaaaaatt	8318035,8369607,8699510,8699869,8700229,8700589,8700948,8701308,8702028,8735390,8735750,8840410,8840770,10240045,10340765,13360905,13361265,13361985
X	attttctgtaaggggtaacatcatcaaaatttgcaaaaaattgaaaaatc	13693324
X	atttttgcattttctgtaaggggtaacatcatcaaaatttgcaaaaaatt	8702388
X	attttttgtaaggggtaacatcatcaaaatttgcaaaaaattgaaaaatc	8699518,8699877,8700237,8700597,8700956,8701316,8735398,8735758,8840418,8840778,13360913,13361273,13361993
X	attttttgtaaggggtaacatcatcaaaatttgcgaaaaattgaaaaatc	10489134
X	caaattttcgcattttttgtaaggggtaacatcatcaaaatttgcaaaaa	8318032,8369604,8699507,8699866,8700226,8700586,8700945,8701305,8702025,8735387,8735747,8840407,8840767,9072555,13360902,13361262,13361982,13362342
X	caaatttttgcattttctgtaaggggtaacatcatcaaaatttgcaaaaa	8699146,8702385
X	cattttctgtaaggggtaacatcatcaaaatttgcaaaaaattgaaaaat	13693323
X	cattttttgtaaggggtaacatcatcaaaatttgcaaaaaattgaaaaat	8699517,8699876,8700236,8700596,8700955,8701315,8735397,8735757,8840417,8840777,13360912,13361272,13361992
X	cattttttgtaaggggtaacatcatcaaaatttgcgaaaaattgaaaaat	10489133
X	ccaaattttcgcattttttgtaaggggtaacatcatcaaaatttgcaaaa	8318031,8369603,8699506,8699865,8700225,8700585,8700944,8701304,8702024,8735386,8735746,8840406,8840766,9072554,13360901,13361261,13361981,13362341
X	ccaaatttttgcattttctgtaaggggtaacatcatcaaaatttgcaaaa	8702384
X	cgcattttttgtaaggggtaacatcatcaaaatttgcaaaaaattgaaaa	8318040,8369612,8699515,8699874,8700234,8700594,8700953,8701313,8735395,8735755,8840415,8840775,13360910,13361270,13361990
X	gcattttttgtaaggggtaacatcatcaaaatttgcaaaaaattgaaaaa	8318041,8369613,8699516,8699875,8700235,8700595,8700954,8701314,8735396,8735756,8840416,8840776,13360911,13361271,13361991
X	gccaaattttcgcattttttgtaaggggtaacatcatcaaaatttgcaaa	8369602,8700584,8700943,8701303,8702023,8735385,8735745,8840405,8840765,9072553,13360900,13361260,13361980,13362340
X	ggggtaacatcatcaaaatttgcaaaaaattgaaaaatcctagaattccc	8699529,8699888,8700248,8700608,8700967,8701327,8735409,8840789,13360924,13361284,13362004,13693335
X	gtaaggggtaacatcatcaaaatttgcaaaaaattgaaaaatcctagaat	8699525,8699884,8700244,8700604,8700963,8701323,8735405,8840785,13360920,13361280,13362000,13693331
X	taaggggtaacatcatcaaaatttgcaaaaaattgaaaaatcctagaatt	8699526,8699885,8700245,8700605,8700964,8701324,8735406,8840786,13360921,13361281,13362001,13693332
X	tcgcattttttgtaaggggtaacatcatcaaaatttgcaaaaaattgaaa	8318039,8369611,8699514,8699873,8700233,8700593,8700952,8701312,8735394,8735754,8840414,8840774,13360909,13361269,13361989
X	tgcattttctgtaaggggtaacatcatcaaaatttgcaaaaaattgaaaa	8702393
X	tgtaaggggtaacatcatcaaaatttgcaaaaaattgaaaaatcctagaa	8699524,8699883,8700243,8700603,8700962,8701322,8735404,8840784,13360919,13361279,13361999,13693330
X	tgtaaggggtaacatcatcaaaatttgcaaaaaattgaaaaatcttagaa	8735764
X	ttcgcattttttgtaaggggtaacatcatcaaaatttgcaaaaaattgaa	8318038,8369610,8699513,8699872,8700232,8700592,8700951,8701311,8735393,8735753,8840413,8840773,13360908,13361268,13361988
X	ttgcattttctgtaaggggtaacatcatcaaaatttgcaaaaaattgaaa	8702392
X	ttgtaaggggtaacatcatcaaaatttgcaaaaaattgaaaaatcctaga	8699523,8699882,8700242,8700602,8700961,8701321,8735403,8840783,13360918,13361278,13361998
X	tttcgcattttttgtaaggggtaacatcatcaaaatttgcaaaaaattga	5523162,5523500,5580393,5580753,5581113,8318037,8369609,8699512,8699871,8700231,8700591,8700950,8701310,8735392,8735752,8840412,8840772,13360907,13361267,13361987
X	tttgcattttctgtaaggggtaacatcatcaaaatttgcaaaaaattgaa	8702391
X	tttgtaaggggtaacatcatcaaaatttgcaaaaaattgaaaaatcctag	8699522,8699881,8700241,8700601,8700960,8701320,8735402,8840782,13360917,13361277,13361997
X	tttgtaaggggtaacatcatcaaaatttgcgaaaaattgaaaaatcctag	10489138
X	ttttcgcattttttgtaaggggtaacatcatcaaaatttgcaaaaaattg	5523161,5523499,5580392,5580752,5581112,8318036,8369608,8699511,8699870,8700230,8700590,8700949,8701309,8735391,8735751,8840411,8840771,10240046,13360906,13361266,13361986
X	ttttgcattttctgtaaggggtaacatcatcaaaatttgcaaaaaattga	8702390
X	ttttgtaaggggtaacatcatcaaaatttgcaaaaaattgaaaaatccta	8699521,8699880,8700240,8700600,8700959,8701319,8735401,8840421,8840781,13360916,13361276,13361996
X	ttttgtaaggggtaacatcatcaaaatttgcgaaaaattgaaaaatccta	10489137
X	tttttgcattttctgtaaggggtaacatcatcaaaatttgcaaaaaattg	8702389
X	tttttgtaaggggtaacatcatcaaaatttgcaaaaaattgaaaaatcct	8699520,8699879,8700239,8700599,8700958,8701318,8735400,8840420,8840780,13360915,13361275,13361995
X	tttttgtaaggggtaacatcatcaaaatttgcgaaaaattgaaaaatcct	10489136
X	ttttttgtaaggggtaacatcatcaaaatttgcaaaaaattgaaaaatcc	8699519,8699878,8700238,8700598,8700957,8701317,8735399,8840419,8840779,13360914,13361274,13361994
X	ttttttgtaaggggtaacatcatcaaaatttgcgaaaaattgaaaaatcc	10489135
