X	aaattctatttttttgacattttttgcaaattttgatgatgttacccctt	9203968,10156169,9203968,10156169,9203968,10156169,9203968,10156169,9203968,10156169,9203968,10156169,9203968,10156169,9203968,10156169
X	aaattttgatgatgttaccccttacaaaaaatgcgaaaattgacccaaaa	9203995,9597898,9711051,9772399,10262268,9203995,9597898,9711051,9772399,10262268,9203995,9597898,9711051,9772399,10262268,9203995,9597898,9711051,9772399,10262268,9203995,9597898,9711051,9772399,10262268,9203995,9597898,9711051,9772399,10262268,9203995,9597898,9711051,9772399,10262268
X	aaattttgatgatgttaccccttacaaaaaatgcgaaaattgacttaaaa	9556948
X	aattctatttttttgacattttttgcaaattttgatgatgttacccctta	9203969,10156170,9203969,10156170,9203969,10156170,9203969,10156170,9203969,10156170,9203969,10156170,9203969,10156170,9203969,10156170
X	aattttgatgatgttaccccttacaaaaaatgcgaaaattgacccaaaaa	9203996,9597899,9711052,9772400,10262269,9203996,9597899,9711052,9772400,10262269,9203996,9597899,9711052,9772400,10262269,9203996,9597899,9711052,9772400,10262269,9203996,9597899,9711052,9772400,10262269,9203996,9597899,9711052,9772400,10262269,9203996,9597899,9711052,9772400,10262269
X	aattttgatgatgttaccccttacaaaaaatgcgaaaattgacttaaaaa	9556949
X	acattttttgcaaattttgatgatgttaccccttacaaaaaatgcgaaaa	9203984,9534683,9203984,9534683,9203984,9534683,9203984,9534683,9203984,9534683,9203984,9534683,9203984,9534683,9203984,9534683
X	atgatgttaccccttacaaaaaatgcgaaaattgacccaaaaattaattt	9597906,9711059,10262276,9597906,9711059,10262276,9597906,9711059,10262276,9597906,9711059,10262276,9597906,9711059,10262276,9597906,9711059,10262276,9597906,9711059,10262276
X	atgatgttaccccttacaaaaaatgcgaaaattgacttaaaaattaattt	9556956
X	atgttaccccttacaaaaaatgcgaaaattgacccaaaaattaatttccc	9422806,9422806,9422806,9422806,9422806,9422806,9422806
X	atgttaccccttacaaaaaatgcgaaaattgacttaaaaattaatttccc	9556959
X	attctatttttttgacattttttgcaaattttgatgatgttaccccttac	9203970,9203970,9203970,9203970,9203970,9203970,9203970,9203970
X	attttgatgatgttaccccttacaaaaaatgcgaaaattgacccaaaaat	9203997,9597900,9711053,9772401,10262270,9203997,9597900,9711053,9772401,10262270,9203997,9597900,9711053,9772401,10262270,9203997,9597900,9711053,9772401,10262270,9203997,9597900,9711053,9772401,10262270,9203997,9597900,9711053,9772401,10262270,9203997,9597900,9711053,9772401,10262270
X	attttgatgatgttaccccttacaaaaaatgcgaaaattgacttaaaaat	9556950
X	attttttgcaaattttgatgatgttaccccttacaaaaaatgcgaaaatt	6207171,8577606,8750575,8750935,8752015,8752375,8827639,9005805,9137750,9138112,9138473,9138834,9203986,9204345,9534685,9556939,9597530,9597889,9711042,9772390,9920118,10048820,10120863,10261900,10262259,12093301,12189319,13057068,6207171,8577606,8750575,8750935,8752015,8752375,8827639,9005805,9137750,9138112,9138473,9138834,9203986,9204345,9534685,9556939,9597530,9597889,9711042,9772390,9920118,10048820,10120863,10261900,10262259,12093301,12189319,13057068,6207171,8577606,8750575,8750935,8752015,8752375,8827639,9005805,9137750,9138112,9138473,9138834,9203986,9204345,9534685,9556939,9597530,9597889,9711042,9772390,9920118,10048820,10120863,10261900,10262259,12093301,12189319,13057068,6207171,8577606,8750575,8750935,8752015,8752375,8827639,9005805,9137750,9138112,9138473,9138834,9203986,9204345,9534685,9556939,9597530,9597889,9711042,9772390,9920118,10048820,10120863,10261900,10262259,12093301,12189319,13057068,6207171,8577606,8750575,8750935,8752015,8752375,8827639,9005805,9137750,9138112,9138473,9138834,9203986,9204345,9534685,9556939,9597530,9597889,9711042,9772390,9920118,10048820,10120863,10261900,10262259,12093301,12189319,13057068,6207171,8577606,8750575,8750935,8752015,8752375,8827639,9005805,9137750,9138112,9138473,9138834,9203986,9204345,9534685,9556939,9597530,9597889,9711042,9772390,9920118,10048820,10120863,10261900,10262259,12093301,12189319,13057068,6207171,8577606,8750575,8750935,8752015,8752375,8827639,9005805,9137750,9138112,9138473,9138834,9203986,9204345,9534685,9556939,9597530,9597889,9711042,9772390,9920118,10048820,10120863,10261900,10262259,12093301,12189319,13057068,6207171,8577606,8750575,8750935,8752015,8752375,8827639,9005805,9137750,9138112,9138473,9138834,9203986,9204345,9534685,9556939,9597530,9597889,9711042,9772390,9920118,10048820,10120863,10261900,10262259,12093301,12189319,13057068
X	atttttttgacattttttgcaaattttgatgatgttaccccttacaaaaa	9203975,9203975,9203975,9203975,9203975,9203975,9203975,9203975
X	caaattttgatgatgttaccccttacaaaaaatgcgaaaattgacccaaa	9203994,9597897,9711050,9772398,10262267,9203994,9597897,9711050,9772398,10262267,9203994,9597897,9711050,9772398,10262267,9203994,9597897,9711050,9772398,10262267,9203994,9597897,9711050,9772398,10262267,9203994,9597897,9711050,9772398,10262267,9203994,9597897,9711050,9772398,10262267
X	caaattttgatgatgttaccccttacaaaaaatgcgaaaattgacttaaa	9556947
X	cattttttgcaaattttgatgatgttaccccttacaaaaaatgcgaaaat	9005804,9137749,9138111,9138472,9138833,9203985,9534684,9597888,9711041,9772389,9920117,10048819,10120862,13057067,9005804,9137749,9138111,9138472,9138833,9203985,9534684,9597888,9711041,9772389,9920117,10048819,10120862,13057067,9005804,9137749,9138111,9138472,9138833,9203985,9534684,9597888,9711041,9772389,9920117,10048819,10120862,13057067,9005804,9137749,9138111,9138472,9138833,9203985,9534684,9597888,9711041,9772389,9920117,10048819,10120862,13057067,9005804,9137749,9138111,9138472,9138833,9203985,9534684,9597888,9711041,9772389,9920117,10048819,10120862,13057067,9005804,9137749,9138111,9138472,9138833,9203985,9534684,9597888,9711041,9772389,9920117,10048819,10120862,13057067,9005804,9137749,9138111,9138472,9138833,9203985,9534684,9597888,9711041,9772389,9920117,10048819,10120862,13057067,9005804,9137749,9138111,9138472,9138833,9203985,9534684,9597888,9711041,9772389,9920117,10048819,10120862,13057067
X	ctatttttttgacattttttgcaaattttgatgatgttaccccttacaaa	9203973,9203973,9203973,9203973,9203973,9203973,9203973,9203973
X	gaaattctatttttttgacattttttgcaaattttgatgatgttacccct	9203967,10156168,9203967,10156168,9203967,10156168,9203967,10156168
X	gacattttttgcaaattttgatgatgttaccccttacaaaaaatgcgaaa	9203983,9534682,9203983,9534682,9203983,9534682,9203983,9534682,9203983,9534682,9203983,9534682,9203983,9534682,9203983,9534682
X	gatgatgttaccccttacaaaaaatgcgaaaattgacccaaaaattaatt	9597905,9711058,10262275,9597905,9711058,10262275,9597905,9711058,10262275,9597905,9711058,10262275,9597905,9711058,10262275,9597905,9711058,10262275,9597905,9711058,10262275
X	gatgatgttaccccttacaaaaaatgcgaaaattgacttaaaaattaatt	9556955
X	gatgttaccccttacaaaaaatgcgaaaattgacccaaaaattaatttcc	9422805,9422805,9422805,9422805,9422805,9422805,9422805
X	gatgttaccccttacaaaaaatgcgaaaattgacttaaaaattaatttcc	9556958
X	gcaaattttgatgatgttaccccttacaaaaaatgcgaaaattgacccaa	9203993,9597896,9711049,9772397,10262266,9203993,9597896,9711049,9772397,10262266,9203993,9597896,9711049,9772397,10262266,9203993,9597896,9711049,9772397,10262266,9203993,9597896,9711049,9772397,10262266,9203993,9597896,9711049,9772397,10262266,9203993,9597896,9711049,9772397,10262266
X	gcaaattttgatgatgttaccccttacaaaaaatgcgaaaattgacttaa	9556946
X	ggaaattctatttttttgacattttttgcaaattttgatgatgttacccc	9203966,10156167,9203966,10156167,9203966,10156167,9203966,10156167
X	tatttttttgacattttttgcaaattttgatgatgttaccccttacaaaa	9203974,9203974,9203974,9203974,9203974,9203974,9203974,9203974
X	tctatttttttgacattttttgcaaattttgatgatgttaccccttacaa	9203972,9203972,9203972,9203972,9203972,9203972,9203972,9203972
X	tgacattttttgcaaattttgatgatgttaccccttacaaaaaatgcgaa	9203982,9203982,9203982,9203982,9203982,9203982,9203982,9203982
X	tgatgatgttaccccttacaaaaaatgcgaaaattgacccaaaaattaat	9597904,9711057,10262274,9597904,9711057,10262274,9597904,9711057,10262274,9597904,9711057,10262274,9597904,9711057,10262274,9597904,9711057,10262274,9597904,9711057,10262274
X	tgatgatgttaccccttacaaaaaatgcgaaaattgacttaaaaattaat	9556954
X	tgatgttaccccttacaaaaaatgcgaaaattgacccaaaaattaatttc	9597907,9597907,9597907,9597907,9597907,9597907,9597907
X	tgatgttaccccttacaaaaaatgcgaaaattgacttaaaaattaatttc	9556957
X	tgcaaattttgatgatgttaccccttacaaaaaatgcgaaaattgaccca	9203992,9597895,9711048,9772396,10262265,9203992,9597895,9711048,9772396,10262265,9203992,9597895,9711048,9772396,10262265,9203992,9597895,9711048,9772396,10262265,9203992,9597895,9711048,9772396,10262265,9203992,9597895,9711048,9772396,10262265,9203992,9597895,9711048,9772396,10262265
X	tgcaaattttgatgatgttaccccttacaaaaaatgcgaaaattgactta	9556945
X	ttctatttttttgacattttttgcaaattttgatgatgttaccccttaca	9203971,9203971,9203971,9203971,9203971,9203971,9203971,9203971
X	ttgacattttttgcaaattttgatgatgttaccccttacaaaaaatgcga	9203981,9203981,9203981,9203981,9203981,9203981,9203981,9203981
X	ttgatgatgttaccccttacaaaaaatgcgaaaattgacccaaaaattaa	9597903,9711056,10262273,9597903,9711056,10262273,9597903,9711056,10262273,9597903,9711056,10262273,9597903,9711056,10262273,9597903,9711056,10262273,9597903,9711056,10262273
X	ttgatgatgttaccccttacaaaaaatgcgaaaattgacttaaaaattaa	9556953
X	ttgcaaattttgatgatgttaccccttacaaaaaatgcgaaaattgaccc	9203991,9597894,9711047,9772395,10262264,9203991,9597894,9711047,9772395,10262264,9203991,9597894,9711047,9772395,10262264,9203991,9597894,9711047,9772395,10262264,9203991,9597894,9711047,9772395,10262264,9203991,9597894,9711047,9772395,10262264,9203991,9597894,9711047,9772395,10262264
X	ttgcaaattttgatgatgttaccccttacaaaaaatgcgaaaattgactt	9556944
X	tttgacattttttgcaaattttgatgatgttaccccttacaaaaaatgcg	9203980,9203980,9203980,9203980,9203980,9203980,9203980,9203980
X	tttgatgatgttaccccttacaaaaaatgcgaaaattgacccaaaaatta	9597902,9711055,10262272,9597902,9711055,10262272,9597902,9711055,10262272,9597902,9711055,10262272,9597902,9711055,10262272,9597902,9711055,10262272,9597902,9711055,10262272
X	tttgatgatgttaccccttacaaaaaatgcgaaaattgacttaaaaatta	9556952
X	tttgcaaattttgatgatgttaccccttacaaaaaatgcgaaaattgacc	9203990,9597534,9597893,9711046,9772394,10262263,9203990,9597534,9597893,9711046,9772394,10262263,9203990,9597534,9597893,9711046,9772394,10262263,9203990,9597534,9597893,9711046,9772394,10262263,9203990,9597534,9597893,9711046,9772394,10262263,9203990,9597534,9597893,9711046,9772394,10262263,9203990,9597534,9597893,9711046,9772394,10262263
X	tttgcaaattttgatgatgttaccccttacaaaaaatgcgaaaattgact	9556943
X	ttttgacattttttgcaaattttgatgatgttaccccttacaaaaaatgc	9203979,9203979,9203979,9203979,9203979,9203979,9203979,9203979
X	ttttgatgatgttaccccttacaaaaaatgcgaaaattgacccaaaaatt	9203998,9597901,9711054,10262271,9203998,9597901,9711054,10262271,9203998,9597901,9711054,10262271,9203998,9597901,9711054,10262271,9203998,9597901,9711054,10262271,9203998,9597901,9711054,10262271,9203998,9597901,9711054,10262271
X	ttttgatgatgttaccccttacaaaaaatgcgaaaattgacttaaaaatt	9556951
X	ttttgcaaattttgatgatgttaccccttacaaaaaatgcgaaaattgac	9203989,9556942,9597533,9597892,9711045,9772393,10262262,13057071,9203989,9556942,9597533,9597892,9711045,9772393,10262262,13057071,9203989,9556942,9597533,9597892,9711045,9772393,10262262,13057071,9203989,9556942,9597533,9597892,9711045,9772393,10262262,13057071,9203989,9556942,9597533,9597892,9711045,9772393,10262262,13057071,9203989,9556942,9597533,9597892,9711045,9772393,10262262,13057071,9203989,9556942,9597533,9597892,9711045,9772393,10262262,13057071,9203989,9556942,9597533,9597892,9711045,9772393,10262262,13057071
X	tttttgacattttttgcaaattttgatgatgttaccccttacaaaaaatg	9203978,9203978,9203978,9203978,9203978,9203978,9203978,9203978
X	tttttgcaaattttgatgatgttaccccttacaaaaaatgcgaaaattga	9203988,9556941,9597532,9597891,9711044,9772392,10262261,13057070,9203988,9556941,9597532,9597891,9711044,9772392,10262261,13057070,9203988,9556941,9597532,9597891,9711044,9772392,10262261,13057070,9203988,9556941,9597532,9597891,9711044,9772392,10262261,13057070,9203988,9556941,9597532,9597891,9711044,9772392,10262261,13057070,9203988,9556941,9597532,9597891,9711044,9772392,10262261,13057070,9203988,9556941,9597532,9597891,9711044,9772392,10262261,13057070,9203988,9556941,9597532,9597891,9711044,9772392,10262261,13057070
X	ttttttgacattttttgcaaattttgatgatgttaccccttacaaaaaat	9203977,9203977,9203977,9203977,9203977,9203977,9203977,9203977
X	ttttttgcaaattttgatgatgttaccccttacaaaaaatgcgaaaattg	6207172,9203987,9556940,9597531,9597890,9711043,9772391,10262260,13057069,6207172,9203987,9556940,9597531,9597890,9711043,9772391,10262260,13057069,6207172,9203987,9556940,9597531,9597890,9711043,9772391,10262260,13057069,6207172,9203987,9556940,9597531,9597890,9711043,9772391,10262260,13057069,6207172,9203987,9556940,9597531,9597890,9711043,9772391,10262260,13057069,6207172,9203987,9556940,9597531,9597890,9711043,9772391,10262260,13057069,6207172,9203987,9556940,9597531,9597890,9711043,9772391,10262260,13057069,6207172,9203987,9556940,9597531,9597890,9711043,9772391,10262260,13057069
X	tttttttgacattttttgcaaattttgatgatgttaccccttacaaaaaa	9203976,9203976,9203976,9203976,9203976,9203976,9203976,9203976
