10	11	22
10	11	34
10	11	45
10	11	71
10	11	82
10	11	85
10	11	91
10	11	96
10	11	101
10	11	102
10	11	111
10	11	112
10	11	114
10	11	192
10	12	22
10	12	34
10	12	43
10	12	44
10	12	45
10	12	71
10	12	82
10	12	85
10	12	91
10	12	94
10	12	96
10	12	101
10	12	102
10	12	111
10	12	112
10	12	114
10	12	192
10	13	22
10	13	34
10	13	43
10	13	44
10	13	45
10	13	71
10	13	82
10	13	85
10	13	91
10	13	94
10	13	96
10	13	101
10	13	111
10	13	112
10	13	114
10	13	192
10	14	22
10	14	34
10	14	43
10	14	44
10	14	45
10	14	71
10	14	82
10	14	85
10	14	91
10	14	94
10	14	96
10	14	101
10	14	102
10	14	111
10	14	112
10	14	114
10	14	192
10	15	22
10	15	34
10	15	43
10	15	44
10	15	45
10	15	71
10	15	82
10	15	85
10	15	91
10	15	94
10	15	96
10	15	101
10	15	102
10	15	111
10	15	112
10	15	114
10	15	192
10	16	32
10	16	34
10	16	43
10	16	44
10	16	45
10	16	71
10	16	82
10	16	85
10	16	91
10	16	94
10	16	96
10	16	101
10	16	111
10	16	112
10	16	192
10	21	34
10	21	43
10	21	44
10	21	45
10	21	71
10	21	82
10	21	85
10	21	91
10	21	96
10	21	101
10	21	111
10	21	112
10	21	192
10	22	44
10	22	71
10	22	85
10	22	91
10	22	94
10	22	96
10	22	101
10	22	102
10	22	111
10	22	112
10	22	114
10	22	123
10	22	192
10	23	34
10	23	43
10	23	44
10	23	45
10	23	71
10	23	82
10	23	85
10	23	91
10	23	94
10	23	96
10	23	101
10	23	102
10	23	111
10	23	112
10	23	123
10	23	192
10	24	22
10	24	34
10	24	43
10	24	44
10	24	45
10	24	71
10	24	82
10	24	85
10	24	91
10	24	94
10	24	96
10	24	101
10	24	111
10	24	112
10	24	114
10	24	123
10	24	192
10	25	34
10	25	43
10	25	44
10	25	45
10	25	71
10	25	82
10	25	85
10	25	91
10	25	94
10	25	96
10	25	101
10	25	111
10	25	112
10	25	192
10	26	34
10	26	43
10	26	44
10	26	45
10	26	71
10	26	82
10	26	85
10	26	91
10	26	96
10	26	101
10	26	111
10	26	112
10	26	123
10	26	192
10	31	22
10	31	43
10	31	44
10	31	45
10	31	71
10	31	82
10	31	85
10	31	91
10	31	94
10	31	96
10	31	101
10	31	102
10	31	111
10	31	112
10	31	114
10	31	192
10	32	34
10	32	43
10	32	44
10	32	45
10	32	71
10	32	82
10	32	85
10	32	91
10	32	94
10	32	96
10	32	101
10	32	102
10	32	111
10	32	112
10	32	192
10	33	34
10	33	45
10	33	71
10	33	82
10	33	85
10	33	91
10	33	94
10	33	96
10	33	102
10	33	111
10	33	112
10	33	114
10	33	141
10	33	192
10	34	71
10	34	82
10	34	85
10	34	91
10	34	94
10	34	96
10	34	101
10	34	102
10	34	111
10	34	112
10	34	114
10	34	192
10	35	22
10	35	34
10	35	43
10	35	44
10	35	45
10	35	71
10	35	82
10	35	85
10	35	91
10	35	94
10	35	96
10	35	101
10	35	111
10	35	112
10	35	113
10	35	114
10	35	123
10	35	192
10	36	22
10	36	34
10	36	43
10	36	44
10	36	45
10	36	71
10	36	82
10	36	85
10	36	91
10	36	94
10	36	96
10	36	101
10	36	102
10	36	111
10	36	112
10	36	114
10	36	123
10	36	192
10	41	22
10	41	43
10	41	44
10	41	45
10	41	71
10	41	82
10	41	85
10	41	91
10	41	94
10	41	96
10	41	101
10	41	102
10	41	111
10	41	112
10	41	192
10	42	22
10	42	34
10	42	43
10	42	45
10	42	71
10	42	82
10	42	85
10	42	91
10	42	94
10	42	96
10	42	101
10	42	102
10	42	111
10	42	112
10	42	114
10	42	192
10	43	82
10	43	85
10	43	91
10	43	94
10	43	96
10	43	101
10	43	102
10	43	111
10	43	112
10	43	114
10	43	123
10	43	141
10	43	192
10	44	22
10	44	45
10	44	82
10	44	85
10	44	91
10	44	94
10	44	96
10	44	101
10	44	102
10	44	111
10	44	112
10	44	114
10	44	192
10	45	44
10	45	82
10	45	85
10	45	91
10	45	94
10	45	96
10	45	101
10	45	102
10	45	111
10	45	112
10	45	114
10	45	192
10	46	22
10	46	34
10	46	43
10	46	44
10	46	45
10	46	71
10	46	82
10	46	85
10	46	91
10	46	94
10	46	96
10	46	101
10	46	102
10	46	111
10	46	112
10	46	114
10	46	123
10	46	141
10	46	192
10	51	22
10	51	34
10	51	82
10	51	85
10	51	91
10	51	94
10	51	96
10	51	101
10	51	102
10	51	111
10	51	112
10	51	114
10	51	141
10	51	144
10	51	192
10	52	34
10	52	43
10	52	44
10	52	45
10	52	71
10	52	82
10	52	85
10	52	91
10	52	94
10	52	96
10	52	101
10	52	111
10	52	112
10	52	192
10	53	22
10	53	34
10	53	44
10	53	45
10	53	82
10	53	85
10	53	91
10	53	94
10	53	96
10	53	101
10	53	102
10	53	111
10	53	112
10	53	114
10	53	192
10	54	22
10	54	43
10	54	45
10	54	71
10	54	82
10	54	85
10	54	91
10	54	94
10	54	96
10	54	101
10	54	102
10	54	111
10	54	112
10	54	114
10	54	192
10	55	34
10	55	43
10	55	44
10	55	45
10	55	71
10	55	82
10	55	85
10	55	91
10	55	94
10	55	96
10	55	101
10	55	102
10	55	111
10	55	112
10	55	114
10	55	192
10	56	34
10	56	43
10	56	44
10	56	45
10	56	71
10	56	82
10	56	85
10	56	91
10	56	94
10	56	96
10	56	101
10	56	102
10	56	111
10	56	112
10	56	192
10	61	22
10	61	34
10	61	43
10	61	44
10	61	45
10	61	82
10	61	85
10	61	91
10	61	94
10	61	101
10	61	102
10	61	111
10	61	112
10	61	114
10	61	192
10	62	34
10	62	43
10	62	44
10	62	45
10	62	71
10	62	82
10	62	85
10	62	91
10	62	94
10	62	96
10	62	101
10	62	102
10	62	111
10	62	112
10	62	192
10	63	22
10	63	34
10	63	43
10	63	44
10	63	45
10	63	71
10	63	82
10	63	85
10	63	91
10	63	94
10	63	96
10	63	101
10	63	102
10	63	111
10	63	112
10	63	114
10	63	123
10	63	192
10	64	34
10	64	43
10	64	44
10	64	45
10	64	71
10	64	82
10	64	85
10	64	91
10	64	96
10	64	101
10	64	111
10	64	112
10	64	123
10	64	192
10	65	22
10	65	34
10	65	43
10	65	44
10	65	45
10	65	71
10	65	82
10	65	85
10	65	91
10	65	94
10	65	96
10	65	101
10	65	102
10	65	111
10	65	112
10	65	114
10	65	123
10	65	192
10	66	22
10	66	34
10	66	43
10	66	44
10	66	45
10	66	71
10	66	82
10	66	85
10	66	91
10	66	94
10	66	96
10	66	101
10	66	111
10	66	112
10	66	114
10	66	192
10	71	22
10	71	34
10	71	44
10	71	45
10	71	85
10	71	91
10	71	94
10	71	96
10	71	101
10	71	102
10	71	111
10	71	112
10	71	114
10	71	192
10	72	22
10	72	34
10	72	43
10	72	71
10	72	85
10	72	94
10	72	96
10	72	101
10	72	111
10	72	114
10	72	123
10	72	124
10	72	141
10	72	192
10	73	22
10	73	34
10	73	43
10	73	44
10	73	45
10	73	82
10	73	85
10	73	91
10	73	94
10	73	96
10	73	101
10	73	102
10	73	111
10	73	112
10	73	114
10	73	192
10	74	22
10	74	34
10	74	43
10	74	44
10	74	45
10	74	85
10	74	91
10	74	94
10	74	101
10	74	102
10	74	111
10	74	112
10	74	114
10	74	123
10	74	141
10	74	192
10	75	22
10	75	34
10	75	43
10	75	44
10	75	45
10	75	71
10	75	82
10	75	85
10	75	91
10	75	94
10	75	96
10	75	101
10	75	102
10	75	111
10	75	112
10	75	114
10	75	123
10	75	192
10	76	22
10	76	34
10	76	43
10	76	44
10	76	45
10	76	82
10	76	85
10	76	91
10	76	94
10	76	96
10	76	101
10	76	102
10	76	111
10	76	112
10	76	114
10	76	192
10	81	22
10	81	34
10	81	43
10	81	44
10	81	45
10	81	71
10	81	82
10	81	85
10	81	91
10	81	94
10	81	96
10	81	101
10	81	102
10	81	111
10	81	112
10	81	114
10	81	192
10	82	34
10	82	43
10	82	44
10	82	45
10	82	85
10	82	91
10	82	96
10	82	101
10	82	102
10	82	111
10	82	112
10	82	114
10	82	141
10	82	192
10	83	22
10	83	34
10	83	43
10	83	44
10	83	45
10	83	82
10	83	85
10	83	91
10	83	94
10	83	96
10	83	101
10	83	102
10	83	111
10	83	112
10	83	114
10	83	192
10	84	22
10	84	34
10	84	43
10	84	44
10	84	45
10	84	71
10	84	82
10	84	85
10	84	91
10	84	94
10	84	96
10	84	101
10	84	102
10	84	111
10	84	112
10	84	114
10	84	192
10	85	22
10	85	34
10	85	43
10	85	44
10	85	45
10	85	82
10	85	91
10	85	96
10	85	111
10	85	114
10	85	123
10	85	124
10	85	132
10	85	141
10	85	192
10	86	22
10	86	34
10	86	43
10	86	44
10	86	45
10	86	71
10	86	82
10	86	85
10	86	91
10	86	94
10	86	96
10	86	101
10	86	111
10	86	112
10	86	123
10	86	192
10	91	22
10	91	34
10	91	43
10	91	44
10	91	45
10	91	82
10	91	85
10	91	111
10	91	112
10	91	114
10	91	123
10	91	124
10	91	132
10	91	192
10	92	22
10	92	34
10	92	43
10	92	44
10	92	45
10	92	71
10	92	82
10	92	85
10	92	91
10	92	94
10	92	96
10	92	102
10	92	111
10	92	112
10	92	114
10	92	124
10	92	141
10	92	192
10	93	22
10	93	34
10	93	43
10	93	44
10	93	45
10	93	71
10	93	82
10	93	85
10	93	91
10	93	94
10	93	96
10	93	101
10	93	102
10	93	111
10	93	112
10	93	114
10	93	192
10	94	22
10	94	34
10	94	43
10	94	44
10	94	45
10	94	71
10	94	85
10	94	91
10	94	96
10	94	101
10	94	102
10	94	111
10	94	114
10	94	162
10	94	192
10	95	22
10	95	34
10	95	43
10	95	44
10	95	45
10	95	71
10	95	85
10	95	91
10	95	94
10	95	96
10	95	101
10	95	102
10	95	111
10	95	112
10	95	114
10	95	192
10	96	22
10	96	34
10	96	43
10	96	44
10	96	45
10	96	71
10	96	82
10	96	85
10	96	91
10	96	94
10	96	101
10	96	102
10	96	111
10	96	114
10	96	123
10	96	192
10	101	22
10	101	34
10	101	43
10	101	44
10	101	45
10	101	82
10	101	85
10	101	91
10	101	96
10	101	111
10	101	192
10	102	22
10	102	34
10	102	43
10	102	44
10	102	45
10	102	71
10	102	82
10	102	85
10	102	94
10	102	96
10	102	111
10	102	123
10	102	192
10	103	22
10	103	34
10	103	43
10	103	44
10	103	45
10	103	71
10	103	82
10	103	85
10	103	91
10	103	94
10	103	96
10	103	101
10	103	102
10	103	111
10	103	112
10	103	192
10	104	22
10	104	34
10	104	43
10	104	44
10	104	45
10	104	71
10	104	82
10	104	85
10	104	91
10	104	94
10	104	96
10	104	101
10	104	111
10	104	112
10	104	192
10	105	22
10	105	34
10	105	43
10	105	44
10	105	45
10	105	71
10	105	82
10	105	85
10	105	91
10	105	94
10	105	96
10	105	101
10	105	102
10	105	111
10	105	112
10	105	192
10	106	22
10	106	34
10	106	43
10	106	44
10	106	45
10	106	71
10	106	82
10	106	85
10	106	91
10	106	94
10	106	96
10	106	101
10	106	102
10	106	111
10	106	112
10	106	114
10	106	123
10	106	192
10	111	22
10	111	34
10	111	43
10	111	44
10	111	45
10	111	71
10	111	85
10	111	112
10	111	192
10	112	22
10	112	34
10	112	43
10	112	44
10	112	45
10	112	82
10	112	85
10	112	91
10	112	111
10	112	114
10	112	192
10	113	22
10	113	34
10	113	43
10	113	44
10	113	45
10	113	71
10	113	82
10	113	85
10	113	91
10	113	94
10	113	96
10	113	101
10	113	102
10	113	111
10	113	112
10	113	114
10	113	123
10	113	132
10	113	141
10	113	192
10	114	22
10	114	34
10	114	43
10	114	44
10	114	45
10	114	71
10	114	82
10	114	85
10	114	91
10	114	94
10	114	96
10	114	111
10	114	112
10	114	123
10	114	192
10	115	22
10	115	34
10	115	43
10	115	44
10	115	45
10	115	71
10	115	82
10	115	85
10	115	91
10	115	94
10	115	96
10	115	101
10	115	102
10	115	111
10	115	112
10	115	114
10	115	192
10	116	22
10	116	34
10	116	43
10	116	44
10	116	45
10	116	71
10	116	82
10	116	85
10	116	91
10	116	94
10	116	96
10	116	101
10	116	102
10	116	111
10	116	112
10	116	114
10	116	192
10	121	22
10	121	34
10	121	43
10	121	44
10	121	45
10	121	71
10	121	82
10	121	85
10	121	91
10	121	94
10	121	96
10	121	101
10	121	102
10	121	111
10	121	192
10	122	22
10	122	34
10	122	43
10	122	44
10	122	45
10	122	71
10	122	82
10	122	85
10	122	91
10	122	94
10	122	96
10	122	101
10	122	102
10	122	111
10	122	112
10	122	114
10	122	123
10	122	192
10	123	22
10	123	34
10	123	43
10	123	44
10	123	45
10	123	71
10	123	82
10	123	85
10	123	91
10	123	94
10	123	96
10	123	101
10	123	102
10	123	111
10	123	114
10	123	192
10	124	22
10	124	34
10	124	43
10	124	44
10	124	45
10	124	71
10	124	82
10	124	85
10	124	91
10	124	94
10	124	96
10	124	101
10	124	102
10	124	111
10	124	123
10	124	192
10	125	22
10	125	34
10	125	43
10	125	44
10	125	45
10	125	71
10	125	82
10	125	85
10	125	91
10	125	94
10	125	96
10	125	101
10	125	102
10	125	111
10	126	22
10	126	34
10	126	43
10	126	44
10	126	45
10	126	71
10	126	82
10	126	85
10	126	91
10	126	94
10	126	96
10	126	102
10	126	111
10	131	22
10	131	34
10	131	43
10	131	44
10	131	45
10	131	71
10	131	82
10	131	85
10	131	91
10	131	94
10	131	96
10	131	101
10	131	102
10	131	111
10	131	114
10	131	192
10	132	22
10	132	34
10	132	43
10	132	44
10	132	45
10	132	71
10	132	82
10	132	85
10	132	91
10	132	94
10	132	96
10	132	101
10	132	102
10	132	111
10	132	112
10	132	141
10	132	192
10	133	34
10	133	43
10	133	44
10	133	45
10	133	71
10	133	82
10	133	85
10	133	91
10	133	94
10	133	96
10	133	101
10	133	102
10	133	111
10	133	114
10	133	192
10	134	43
10	134	44
10	134	45
10	134	71
10	134	82
10	134	85
10	134	91
10	134	94
10	134	96
10	134	101
10	134	111
10	134	112
10	134	114
10	134	192
10	135	22
10	135	34
10	135	43
10	135	44
10	135	45
10	135	71
10	135	82
10	135	85
10	135	91
10	135	94
10	135	96
10	135	101
10	135	102
10	135	111
10	135	112
10	135	114
10	135	192
10	136	22
10	136	34
10	136	43
10	136	44
10	136	45
10	136	71
10	136	82
10	136	85
10	136	91
10	136	94
10	136	96
10	136	101
10	136	102
10	136	111
10	136	112
10	136	114
10	136	123
10	136	133
10	136	192
10	141	22
10	141	34
10	141	43
10	141	44
10	141	45
10	141	71
10	141	82
10	141	85
10	141	91
10	141	94
10	141	96
10	141	101
10	141	102
10	141	111
10	141	112
10	141	192
10	142	22
10	142	34
10	142	43
10	142	44
10	142	45
10	142	71
10	142	82
10	142	85
10	142	91
10	142	94
10	142	96
10	142	101
10	142	111
10	142	112
10	142	114
10	142	192
10	143	34
10	143	43
10	143	44
10	143	45
10	143	71
10	143	82
10	143	85
10	143	91
10	143	94
10	143	96
10	143	101
10	143	111
10	143	112
10	143	123
10	143	192
10	144	22
10	144	34
10	144	43
10	144	44
10	144	45
10	144	71
10	144	82
10	144	85
10	144	91
10	144	94
10	144	96
10	144	101
10	144	102
10	144	111
10	144	112
10	144	114
10	144	123
10	144	124
10	144	192
10	145	22
10	145	34
10	145	43
10	145	44
10	145	45
10	145	71
10	145	82
10	145	85
10	145	91
10	145	94
10	145	96
10	145	101
10	145	102
10	145	111
10	145	112
10	145	114
10	145	123
10	145	192
10	146	34
10	146	43
10	146	44
10	146	45
10	146	71
10	146	82
10	146	85
10	146	91
10	146	94
10	146	96
10	146	101
10	146	102
10	146	111
10	146	112
10	146	114
10	146	123
10	146	192
10	151	22
10	151	34
10	151	43
10	151	44
10	151	45
10	151	71
10	151	82
10	151	85
10	151	91
10	151	94
10	151	96
10	151	101
10	151	102
10	151	111
10	151	112
10	151	114
10	151	192
10	152	22
10	152	34
10	152	43
10	152	44
10	152	45
10	152	71
10	152	82
10	152	85
10	152	91
10	152	94
10	152	96
10	152	101
10	152	102
10	152	111
10	152	112
10	152	114
10	152	192
10	153	22
10	153	34
10	153	43
10	153	44
10	153	45
10	153	71
10	153	82
10	153	85
10	153	91
10	153	94
10	153	96
10	153	101
10	153	102
10	153	111
10	153	112
10	153	114
10	153	141
10	153	192
10	154	22
10	154	34
10	154	43
10	154	44
10	154	45
10	154	71
10	154	82
10	154	85
10	154	91
10	154	94
10	154	96
10	154	101
10	154	102
10	154	111
10	154	112
10	154	114
10	154	192
10	155	22
10	155	34
10	155	43
10	155	44
10	155	45
10	155	71
10	155	82
10	155	85
10	155	91
10	155	94
10	155	96
10	155	101
10	155	102
10	155	111
10	155	112
10	155	114
10	155	192
10	156	22
10	156	34
10	156	43
10	156	44
10	156	45
10	156	71
10	156	82
10	156	85
10	156	91
10	156	94
10	156	96
10	156	101
10	156	102
10	156	111
10	156	112
10	156	114
10	156	192
10	161	22
10	161	34
10	161	43
10	161	44
10	161	45
10	161	71
10	161	82
10	161	85
10	161	91
10	161	96
10	161	101
10	161	102
10	161	111
10	161	112
10	161	114
10	161	141
10	161	192
10	162	22
10	162	34
10	162	43
10	162	44
10	162	45
10	162	71
10	162	82
10	162	85
10	162	91
10	162	96
10	162	101
10	162	102
10	162	111
10	162	112
10	162	114
10	162	192
10	163	22
10	163	34
10	163	43
10	163	44
10	163	45
10	163	71
10	163	82
10	163	85
10	163	91
10	163	94
10	163	96
10	163	101
10	163	102
10	163	111
10	163	112
10	163	114
10	163	123
10	163	192
10	163	204
10	164	22
10	164	34
10	164	43
10	164	44
10	164	45
10	164	71
10	164	82
10	164	85
10	164	91
10	164	94
10	164	96
10	164	101
10	164	102
10	164	111
10	164	112
10	164	114
10	164	123
10	164	192
10	165	34
10	165	43
10	165	44
10	165	45
10	165	71
10	165	82
10	165	85
10	165	91
10	165	94
10	165	96
10	165	101
10	165	111
10	165	112
10	165	123
10	165	192
10	166	22
10	166	34
10	166	43
10	166	44
10	166	45
10	166	71
10	166	82
10	166	85
10	166	91
10	166	94
10	166	96
10	166	101
10	166	102
10	166	111
10	166	112
10	166	114
10	166	123
10	166	141
10	166	192
10	171	22
10	171	34
10	171	43
10	171	44
10	171	45
10	171	71
10	171	82
10	171	85
10	171	91
10	171	94
10	171	96
10	171	101
10	171	102
10	171	111
10	171	112
10	171	114
10	171	192
10	172	34
10	172	43
10	172	44
10	172	45
10	172	71
10	172	82
10	172	85
10	172	91
10	172	94
10	172	96
10	172	101
10	172	102
10	172	111
10	172	112
10	172	192
10	173	22
10	173	34
10	173	43
10	173	44
10	173	45
10	173	71
10	173	82
10	173	85
10	173	91
10	173	94
10	173	96
10	173	101
10	173	102
10	173	111
10	173	112
10	173	123
10	173	192
10	174	34
10	174	43
10	174	44
10	174	45
10	174	71
10	174	82
10	174	85
10	174	91
10	174	94
10	174	96
10	174	101
10	174	111
10	174	112
10	174	141
10	174	192
10	175	34
10	175	43
10	175	44
10	175	45
10	175	71
10	175	82
10	175	85
10	175	91
10	175	94
10	175	96
10	175	101
10	175	111
10	175	112
10	175	123
10	175	192
10	176	22
10	176	34
10	176	43
10	176	44
10	176	45
10	176	71
10	176	82
10	176	85
10	176	91
10	176	94
10	176	96
10	176	101
10	176	111
10	176	112
10	176	114
10	176	192
10	181	22
10	181	34
10	181	43
10	181	44
10	181	45
10	181	82
10	181	85
10	181	91
10	181	94
10	181	96
10	181	101
10	181	102
10	181	111
10	181	112
10	181	114
10	181	192
10	182	34
10	182	43
10	182	44
10	182	45
10	182	71
10	182	82
10	182	85
10	182	91
10	182	94
10	182	96
10	182	101
10	182	111
10	182	112
10	182	192
10	183	22
10	183	34
10	183	43
10	183	44
10	183	45
10	183	71
10	183	82
10	183	85
10	183	91
10	183	94
10	183	96
10	183	101
10	183	102
10	183	111
10	183	112
10	183	114
10	183	123
10	183	192
10	184	34
10	184	43
10	184	44
10	184	45
10	184	71
10	184	82
10	184	85
10	184	91
10	184	96
10	184	101
10	184	111
10	184	112
10	184	123
10	184	192
10	185	34
10	185	43
10	185	44
10	185	45
10	185	82
10	185	85
10	185	91
10	185	96
10	185	101
10	185	111
10	185	112
10	185	123
10	185	192
10	186	34
10	186	43
10	186	44
10	186	45
10	186	71
10	186	82
10	186	85
10	186	91
10	186	94
10	186	96
10	186	101
10	186	111
10	186	112
10	186	123
10	186	192
10	191	22
10	191	34
10	191	43
10	191	44
10	191	45
10	191	71
10	191	82
10	191	85
10	191	91
10	191	94
10	191	96
10	191	101
10	191	102
10	191	111
10	191	112
10	191	114
10	191	163
10	191	192
10	192	22
10	192	34
10	192	43
10	192	44
10	192	45
10	192	71
10	192	82
10	192	85
10	192	91
10	192	94
10	192	96
10	192	101
10	192	102
10	192	111
10	192	112
10	192	114
10	193	34
10	193	43
10	193	44
10	193	45
10	193	71
10	193	82
10	193	85
10	193	91
10	193	94
10	193	96
10	193	101
10	193	111
10	193	112
10	193	123
10	193	192
10	194	22
10	194	34
10	194	43
10	194	44
10	194	45
10	194	71
10	194	82
10	194	85
10	194	91
10	194	94
10	194	96
10	194	101
10	194	102
10	194	111
10	194	112
10	194	114
10	194	123
10	194	192
10	195	22
10	195	34
10	195	43
10	195	44
10	195	45
10	195	71
10	195	82
10	195	85
10	195	91
10	195	94
10	195	96
10	195	101
10	195	102
10	195	111
10	195	112
10	195	114
10	195	141
10	195	192
10	196	22
10	196	34
10	196	43
10	196	44
10	196	45
10	196	71
10	196	82
10	196	85
10	196	91
10	196	94
10	196	96
10	196	101
10	196	102
10	196	111
10	196	112
10	196	114
10	196	123
10	196	192
10	201	22
10	201	34
10	201	43
10	201	44
10	201	45
10	201	71
10	201	82
10	201	85
10	201	91
10	201	94
10	201	96
10	201	101
10	201	111
10	201	112
10	201	114
10	201	141
10	201	192
10	203	22
10	203	34
10	203	43
10	203	44
10	203	45
10	203	71
10	203	82
10	203	85
10	203	91
10	203	94
10	203	96
10	203	101
10	203	111
10	203	112
10	203	114
10	203	192
10	204	22
10	204	34
10	204	43
10	204	44
10	204	45
10	204	71
10	204	82
10	204	85
10	204	91
10	204	94
10	204	96
10	204	101
10	204	102
10	204	111
10	204	112
10	204	114
10	204	163
10	204	192
10	205	22
10	205	34
10	205	43
10	205	44
10	205	45
10	205	71
10	205	82
10	205	85
10	205	91
10	205	94
10	205	96
10	205	101
10	205	102
10	205	111
10	205	112
10	205	114
10	205	192
10	206	22
10	206	34
10	206	43
10	206	44
10	206	45
10	206	71
10	206	82
10	206	85
10	206	91
10	206	94
10	206	96
10	206	101
10	206	111
10	206	112
10	206	114
10	206	192
