15	11	12
15	11	31
15	11	34
15	11	45
15	11	101
15	11	105
15	12	24
15	12	34
15	12	43
15	12	44
15	12	45
15	12	195
15	13	43
15	14	22
15	14	43
15	14	44
15	14	71
15	15	12
15	15	22
15	15	24
15	15	34
15	15	43
15	15	44
15	15	45
15	16	14
15	16	45
15	16	133
15	16	194
15	16	195
15	21	43
15	21	45
15	21	82
15	21	85
15	21	91
15	21	96
15	21	133
15	21	144
15	22	12
15	22	44
15	22	71
15	22	111
15	22	192
15	23	45
15	23	71
15	23	82
15	23	85
15	23	96
15	23	101
15	23	111
15	23	112
15	23	123
15	23	183
15	23	194
15	23	195
15	24	22
15	24	43
15	24	44
15	24	45
15	24	71
15	24	85
15	25	43
15	25	44
15	25	45
15	25	53
15	25	61
15	25	74
15	25	76
15	25	82
15	25	83
15	25	85
15	25	91
15	25	101
15	25	102
15	25	111
15	25	112
15	25	123
15	25	163
15	26	45
15	26	133
15	31	14
15	31	22
15	31	43
15	31	44
15	31	45
15	31	82
15	32	43
15	32	45
15	32	71
15	32	74
15	32	85
15	32	91
15	32	94
15	32	96
15	32	101
15	32	102
15	32	111
15	32	123
15	32	133
15	32	192
15	35	22
15	35	43
15	35	44
15	36	12
15	36	24
15	36	34
15	36	43
15	36	44
15	36	45
15	36	101
15	36	123
15	36	133
15	41	31
15	41	33
15	41	43
15	41	44
15	41	45
15	41	71
15	41	82
15	41	85
15	41	91
15	41	96
15	41	195
15	42	71
15	42	85
15	42	96
15	42	101
15	42	112
15	42	132
15	42	182
15	42	192
15	43	54
15	43	85
15	43	96
15	43	123
15	43	133
15	44	22
15	44	43
15	44	45
15	44	85
15	44	91
15	44	101
15	44	102
15	44	112
15	44	122
15	45	44
15	45	111
15	46	43
15	46	44
15	46	45
15	46	71
15	46	82
15	46	85
15	46	96
15	46	101
15	51	24
15	51	72
15	51	74
15	51	91
15	51	94
15	51	96
15	51	101
15	51	102
15	51	111
15	51	114
15	51	121
15	51	132
15	51	133
15	51	141
15	51	182
15	52	32
15	52	43
15	52	45
15	52	71
15	52	85
15	52	96
15	52	195
15	53	44
15	53	45
15	53	85
15	53	96
15	53	101
15	53	111
15	53	112
15	53	114
15	53	121
15	53	133
15	53	141
15	53	144
15	54	43
15	54	45
15	54	71
15	54	91
15	54	96
15	54	123
15	55	43
15	55	45
15	55	71
15	55	72
15	55	73
15	55	74
15	55	91
15	55	94
15	55	96
15	55	101
15	55	102
15	55	103
15	55	106
15	55	111
15	55	121
15	55	123
15	55	132
15	55	133
15	56	45
15	56	54
15	56	71
15	56	72
15	56	96
15	56	102
15	56	192
15	56	195
15	61	85
15	61	101
15	62	22
15	62	43
15	62	44
15	62	45
15	62	61
15	62	85
15	62	91
15	62	96
15	62	102
15	62	163
15	63	43
15	63	45
15	63	96
15	63	101
15	63	123
15	63	133
15	64	34
15	64	44
15	64	45
15	64	123
15	64	133
15	65	43
15	65	44
15	65	45
15	65	61
15	65	76
15	65	82
15	65	85
15	65	91
15	65	181
15	66	12
15	66	22
15	66	43
15	66	45
15	66	82
15	71	34
15	71	45
15	71	96
15	71	133
15	72	22
15	72	34
15	72	43
15	72	44
15	72	53
15	72	71
15	72	74
15	72	76
15	72	85
15	72	91
15	72	94
15	72	96
15	72	101
15	72	123
15	73	43
15	73	45
15	73	71
15	73	96
15	73	101
15	73	133
15	74	22
15	74	43
15	74	45
15	74	94
15	74	123
15	74	133
15	74	141
15	74	144
15	74	182
15	75	22
15	75	43
15	75	44
15	75	71
15	75	74
15	75	85
15	75	91
15	75	94
15	75	96
15	75	101
15	75	111
15	75	112
15	75	123
15	75	133
15	75	192
15	76	22
15	76	71
15	76	74
15	76	82
15	76	85
15	76	86
15	76	91
15	76	94
15	76	95
15	76	96
15	76	101
15	76	102
15	76	111
15	76	123
15	76	133
15	81	71
15	81	73
15	81	74
15	81	82
15	81	85
15	81	86
15	81	91
15	81	92
15	81	96
15	81	101
15	81	102
15	81	103
15	81	104
15	81	111
15	81	112
15	81	113
15	81	114
15	81	124
15	81	125
15	82	71
15	82	73
15	82	74
15	82	85
15	82	91
15	82	96
15	82	101
15	82	102
15	82	111
15	82	114
15	83	22
15	83	43
15	83	82
15	83	85
15	83	95
15	83	101
15	83	102
15	83	111
15	83	121
15	84	61
15	84	71
15	84	72
15	84	73
15	84	74
15	84	76
15	84	82
15	84	85
15	84	91
15	84	94
15	84	95
15	84	96
15	84	101
15	84	102
15	84	103
15	84	106
15	84	111
15	84	112
15	84	114
15	84	121
15	84	123
15	84	124
15	84	125
15	84	126
15	84	131
15	84	132
15	84	133
15	84	141
15	84	144
15	85	43
15	85	44
15	85	45
15	85	61
15	85	71
15	85	72
15	85	73
15	85	74
15	85	91
15	85	94
15	85	96
15	85	101
15	85	102
15	85	103
15	85	111
15	85	123
15	85	132
15	86	31
15	86	43
15	86	45
15	86	54
15	86	71
15	86	72
15	86	73
15	86	74
15	86	85
15	86	91
15	86	92
15	86	94
15	86	95
15	86	96
15	86	101
15	86	102
15	86	103
15	86	104
15	86	111
15	86	123
15	86	124
15	91	54
15	91	71
15	91	72
15	91	73
15	91	95
15	91	101
15	91	102
15	91	106
15	91	115
15	91	132
15	92	12
15	92	22
15	92	31
15	92	43
15	92	44
15	92	45
15	92	71
15	92	72
15	93	71
15	93	74
15	93	82
15	93	85
15	93	86
15	93	91
15	93	94
15	93	95
15	93	101
15	93	102
15	93	103
15	93	105
15	93	111
15	93	112
15	93	114
15	93	192
15	94	71
15	94	72
15	94	73
15	94	74
15	94	96
15	94	111
15	94	114
15	94	162
15	95	12
15	95	22
15	95	43
15	95	44
15	95	71
15	95	91
15	96	71
15	96	72
15	96	73
15	96	74
15	96	82
15	96	85
15	96	86
15	96	91
15	96	92
15	96	94
15	96	95
15	96	101
15	96	102
15	96	103
15	96	105
15	96	111
15	96	114
15	96	192
15	101	71
15	101	72
15	101	74
15	101	85
15	101	86
15	101	91
15	101	111
15	101	124
15	101	132
15	102	33
15	102	43
15	102	44
15	102	45
15	102	71
15	102	73
15	102	83
15	102	85
15	102	91
15	102	94
15	102	96
15	102	101
15	103	22
15	103	43
15	103	71
15	103	74
15	103	85
15	103	91
15	103	94
15	103	96
15	103	101
15	103	102
15	103	133
15	103	141
15	104	96
15	104	111
15	105	22
15	105	43
15	105	44
15	105	71
15	105	85
15	106	71
15	106	72
15	106	73
15	106	74
15	106	82
15	106	85
15	106	91
15	106	92
15	106	94
15	106	95
15	106	96
15	106	101
15	106	102
15	106	103
15	106	111
15	106	112
15	106	114
15	106	123
15	111	43
15	111	71
15	111	74
15	111	85
15	111	91
15	111	92
15	111	94
15	111	102
15	111	112
15	111	133
15	111	144
15	112	44
15	112	45
15	113	22
15	113	43
15	113	45
15	113	54
15	113	71
15	113	72
15	113	73
15	113	74
15	113	85
15	113	91
15	113	92
15	113	94
15	113	95
15	113	96
15	113	101
15	113	102
15	113	103
15	113	106
15	113	111
15	113	112
15	113	114
15	113	123
15	113	132
15	113	163
15	114	32
15	114	43
15	114	44
15	114	45
15	114	54
15	114	71
15	114	72
15	114	73
15	114	74
15	114	82
15	114	85
15	114	91
15	114	92
15	114	94
15	114	96
15	114	101
15	114	102
15	114	112
15	114	122
15	114	123
15	115	22
15	115	71
15	115	72
15	115	73
15	115	74
15	115	85
15	115	91
15	115	94
15	115	95
15	115	96
15	115	101
15	115	102
15	115	111
15	115	112
15	115	123
15	115	192
15	116	45
15	116	54
15	116	71
15	116	72
15	116	73
15	116	74
15	116	82
15	116	85
15	116	86
15	116	91
15	116	94
15	116	95
15	116	96
15	116	102
15	116	111
15	116	112
15	116	114
15	121	22
15	121	43
15	121	45
15	121	71
15	121	74
15	121	82
15	121	85
15	121	91
15	121	94
15	121	95
15	121	96
15	121	101
15	121	102
15	121	111
15	121	122
15	121	126
15	121	192
15	122	43
15	122	45
15	122	71
15	122	74
15	122	82
15	122	85
15	122	86
15	122	91
15	122	94
15	122	96
15	122	101
15	122	111
15	122	112
15	122	114
15	122	133
15	122	163
15	123	45
15	123	71
15	123	85
15	123	96
15	123	101
15	123	132
15	123	133
15	124	43
15	124	44
15	124	45
15	124	53
15	124	61
15	124	71
15	124	74
15	124	82
15	124	85
15	124	91
15	124	96
15	124	101
15	124	123
15	124	133
15	124	183
15	124	192
15	124	194
15	125	12
15	125	22
15	125	43
15	125	71
15	126	43
15	126	45
15	126	71
15	126	74
15	126	121
15	126	132
15	131	22
15	131	43
15	131	71
15	131	85
15	131	135
15	132	22
15	132	45
15	132	71
15	132	74
15	132	82
15	132	85
15	132	91
15	132	94
15	132	96
15	132	101
15	132	111
15	132	112
15	132	121
15	132	141
15	133	43
15	133	96
15	133	121
15	133	123
15	133	141
15	133	182
15	134	82
15	134	114
15	134	182
15	135	43
15	135	45
15	135	71
15	135	82
15	135	85
15	135	91
15	135	94
15	135	96
15	135	133
15	135	195
15	136	43
15	136	44
15	136	45
15	136	133
15	136	182
15	141	43
15	141	45
15	141	96
15	141	123
15	141	144
15	142	22
15	142	43
15	143	44
15	143	45
15	143	51
15	143	123
15	143	133
15	143	195
15	144	22
15	144	34
15	144	43
15	144	45
15	144	53
15	144	54
15	144	71
15	144	73
15	144	74
15	144	76
15	144	82
15	144	85
15	144	91
15	144	96
15	144	101
15	144	102
15	144	111
15	144	112
15	144	113
15	144	114
15	144	122
15	144	123
15	144	124
15	144	133
15	144	192
15	145	22
15	145	34
15	145	43
15	145	44
15	145	45
15	145	54
15	146	22
15	146	45
15	146	85
15	146	96
15	146	123
15	146	133
15	146	161
15	151	43
15	151	44
15	151	45
15	151	96
15	151	123
15	151	133
15	151	195
15	152	12
15	152	43
15	152	45
15	152	71
15	152	82
15	152	85
15	152	91
15	152	96
15	152	111
15	152	114
15	152	144
15	153	22
15	153	34
15	153	45
15	153	71
15	153	123
15	154	22
15	154	43
15	154	45
15	154	71
15	154	85
15	154	96
15	154	101
15	154	111
15	154	123
15	154	133
15	154	192
15	155	123
15	155	133
15	156	45
15	156	85
15	156	91
15	156	94
15	156	151
15	161	22
15	161	34
15	161	43
15	161	45
15	161	71
15	161	73
15	161	74
15	161	76
15	161	82
15	161	85
15	161	91
15	161	94
15	161	96
15	161	101
15	161	102
15	161	111
15	161	112
15	162	43
15	162	45
15	162	123
15	162	133
15	162	195
15	163	43
15	163	45
15	163	71
15	163	96
15	163	123
15	163	133
15	163	195
15	163	204
15	164	43
15	164	44
15	164	45
15	164	96
15	164	123
15	164	133
15	165	43
15	165	44
15	165	45
15	165	133
15	166	71
15	166	82
15	166	85
15	166	96
15	166	101
15	166	172
15	166	183
15	171	45
15	171	96
15	171	123
15	171	133
15	172	43
15	172	44
15	172	45
15	172	54
15	172	61
15	172	71
15	172	96
15	172	133
15	173	43
15	173	45
15	173	96
15	173	123
15	173	133
15	173	195
15	174	21
15	174	45
15	174	82
15	174	96
15	174	101
15	175	45
15	175	133
15	176	12
15	176	22
15	176	34
15	176	43
15	176	45
15	176	53
15	176	71
15	176	82
15	176	85
15	176	96
15	176	123
15	176	133
15	176	194
15	176	195
15	181	22
15	181	32
15	181	34
15	181	43
15	181	44
15	181	45
15	182	45
15	182	96
15	182	123
15	182	133
15	182	195
15	183	22
15	183	43
15	183	45
15	184	45
15	184	123
15	184	133
15	184	195
15	185	31
15	185	45
15	185	133
15	186	43
15	186	45
15	186	133
15	191	96
15	191	101
15	192	45
15	192	133
15	193	44
15	193	45
15	193	82
15	193	85
15	193	96
15	193	101
15	193	123
15	193	133
15	193	195
15	194	182
15	195	22
15	195	43
15	195	44
15	196	182
15	201	12
15	201	22
15	201	32
15	201	43
15	201	45
15	201	144
15	203	22
15	204	96
15	205	101
15	205	122
