20	11	12
20	11	31
20	12	24
20	12	34
20	12	43
20	12	111
20	12	195
20	13	104
20	14	22
20	14	43
20	14	71
20	15	12
20	15	22
20	15	24
20	15	32
20	15	34
20	15	43
20	15	204
20	16	45
20	16	82
20	16	103
20	16	104
20	16	191
20	16	194
20	21	96
20	21	133
20	21	144
20	22	44
20	22	71
20	22	111
20	22	192
20	22	204
20	23	71
20	23	112
20	23	182
20	23	194
20	24	12
20	24	21
20	24	34
20	24	46
20	24	71
20	24	86
20	24	144
20	25	36
20	25	44
20	25	45
20	25	52
20	25	61
20	25	64
20	25	73
20	25	74
20	25	76
20	25	82
20	25	83
20	25	85
20	25	96
20	25	101
20	25	102
20	25	123
20	25	124
20	26	133
20	31	22
20	31	43
20	31	44
20	31	45
20	32	24
20	32	43
20	32	71
20	32	72
20	32	73
20	32	74
20	32	85
20	32	91
20	32	94
20	32	96
20	32	101
20	32	102
20	32	103
20	32	104
20	32	105
20	32	111
20	32	123
20	32	124
20	32	131
20	35	22
20	35	43
20	35	44
20	36	24
20	36	133
20	41	31
20	41	33
20	41	43
20	41	44
20	41	45
20	41	54
20	41	66
20	41	91
20	42	43
20	42	96
20	42	101
20	42	122
20	42	132
20	42	192
20	42	204
20	43	54
20	43	71
20	43	72
20	43	94
20	43	96
20	44	22
20	44	43
20	44	45
20	44	112
20	44	204
20	45	44
20	46	43
20	46	45
20	46	54
20	46	71
20	46	96
20	46	101
20	51	24
20	51	72
20	51	74
20	51	94
20	51	95
20	51	96
20	51	101
20	51	111
20	51	114
20	51	122
20	51	132
20	51	182
20	52	14
20	52	32
20	52	43
20	52	71
20	52	96
20	52	151
20	52	194
20	52	195
20	53	71
20	53	72
20	53	73
20	53	85
20	53	96
20	53	111
20	53	114
20	53	133
20	53	141
20	53	144
20	53	182
20	54	43
20	54	45
20	54	53
20	54	55
20	54	76
20	55	31
20	55	71
20	55	72
20	55	73
20	55	74
20	55	91
20	55	94
20	55	95
20	55	96
20	55	101
20	55	102
20	55	103
20	55	104
20	55	106
20	55	111
20	55	121
20	55	123
20	55	131
20	55	132
20	55	133
20	56	96
20	56	102
20	56	192
20	61	21
20	61	74
20	61	85
20	61	101
20	62	45
20	62	85
20	62	105
20	63	71
20	63	94
20	63	96
20	63	102
20	63	123
20	63	133
20	63	144
20	64	34
20	64	133
20	64	195
20	65	34
20	65	43
20	65	44
20	65	45
20	65	76
20	65	85
20	66	22
20	66	43
20	66	45
20	66	104
20	71	12
20	71	21
20	71	22
20	71	34
20	71	51
20	71	54
20	71	122
20	72	22
20	72	34
20	72	43
20	72	51
20	72	53
20	72	71
20	72	74
20	72	76
20	72	94
20	73	53
20	73	204
20	74	71
20	74	85
20	74	86
20	74	95
20	74	133
20	74	144
20	75	71
20	75	72
20	75	73
20	75	74
20	75	85
20	75	86
20	75	91
20	75	94
20	75	96
20	75	101
20	75	103
20	75	111
20	75	112
20	75	183
20	75	194
20	76	71
20	76	73
20	76	74
20	76	82
20	76	85
20	76	86
20	76	91
20	76	94
20	76	95
20	76	96
20	76	101
20	76	102
20	76	103
20	76	104
20	76	111
20	76	112
20	76	113
20	76	114
20	76	121
20	76	124
20	76	125
20	76	126
20	81	71
20	81	73
20	81	74
20	81	82
20	81	85
20	81	86
20	81	91
20	81	94
20	81	96
20	81	101
20	81	102
20	81	103
20	81	104
20	81	111
20	81	112
20	81	113
20	81	114
20	81	122
20	81	124
20	81	125
20	82	71
20	82	73
20	82	74
20	82	85
20	82	91
20	82	96
20	82	101
20	82	102
20	82	111
20	82	114
20	83	22
20	83	43
20	83	71
20	83	94
20	83	95
20	83	102
20	83	111
20	83	121
20	83	132
20	84	71
20	84	72
20	84	73
20	84	74
20	84	85
20	84	91
20	84	94
20	84	95
20	84	96
20	84	101
20	84	102
20	84	103
20	84	104
20	84	105
20	84	106
20	84	111
20	84	114
20	84	115
20	84	121
20	84	123
20	84	124
20	84	125
20	84	126
20	84	131
20	84	132
20	84	133
20	84	141
20	84	144
20	85	45
20	85	61
20	85	71
20	85	72
20	85	73
20	85	74
20	85	82
20	85	83
20	85	96
20	85	101
20	85	102
20	85	103
20	85	104
20	85	111
20	85	122
20	85	132
20	86	54
20	86	71
20	86	72
20	86	73
20	86	74
20	86	85
20	86	92
20	86	94
20	86	95
20	86	96
20	86	101
20	86	102
20	86	103
20	86	104
20	86	111
20	86	112
20	86	122
20	91	72
20	91	73
20	91	95
20	91	101
20	91	106
20	91	115
20	92	12
20	92	22
20	92	31
20	92	43
20	92	71
20	92	72
20	92	73
20	93	71
20	93	72
20	93	74
20	93	85
20	93	86
20	93	91
20	93	94
20	93	95
20	93	96
20	93	101
20	93	102
20	93	103
20	93	104
20	93	105
20	93	111
20	93	112
20	93	124
20	93	125
20	93	126
20	94	71
20	94	72
20	94	73
20	94	74
20	94	96
20	94	111
20	94	114
20	94	162
20	95	22
20	95	43
20	95	71
20	95	94
20	96	71
20	96	72
20	96	73
20	96	74
20	96	82
20	96	85
20	96	86
20	96	91
20	96	92
20	96	94
20	96	95
20	96	101
20	96	102
20	96	103
20	96	104
20	96	105
20	96	111
20	96	114
20	96	124
20	96	125
20	101	71
20	101	72
20	101	73
20	101	74
20	101	85
20	101	86
20	101	91
20	101	94
20	101	96
20	101	102
20	101	105
20	101	111
20	101	124
20	101	125
20	102	33
20	102	71
20	102	73
20	102	83
20	102	96
20	103	21
20	103	71
20	103	74
20	103	101
20	103	102
20	103	126
20	103	141
20	103	144
20	103	182
20	104	24
20	104	96
20	105	12
20	105	22
20	105	34
20	105	43
20	106	71
20	106	72
20	106	73
20	106	74
20	106	91
20	106	94
20	106	95
20	106	96
20	106	101
20	106	102
20	106	103
20	106	104
20	106	111
20	106	112
20	106	124
20	106	125
20	111	71
20	111	74
20	111	86
20	111	91
20	111	92
20	111	94
20	111	102
20	111	112
20	111	133
20	111	144
20	112	73
20	112	103
20	113	54
20	113	71
20	113	72
20	113	73
20	113	74
20	113	91
20	113	92
20	113	94
20	113	95
20	113	96
20	113	101
20	113	102
20	113	106
20	113	111
20	113	112
20	113	123
20	113	132
20	113	204
20	114	22
20	114	32
20	114	43
20	114	44
20	114	54
20	114	61
20	114	71
20	114	72
20	114	73
20	114	74
20	114	82
20	114	85
20	114	86
20	114	91
20	114	92
20	114	94
20	114	95
20	114	101
20	114	102
20	114	103
20	114	111
20	114	112
20	114	122
20	115	71
20	115	72
20	115	73
20	115	74
20	115	85
20	115	91
20	115	94
20	115	95
20	115	96
20	115	101
20	115	102
20	115	103
20	115	106
20	115	111
20	115	112
20	115	121
20	115	125
20	115	126
20	115	132
20	116	24
20	116	54
20	116	71
20	116	72
20	116	73
20	116	74
20	116	82
20	116	85
20	116	86
20	116	91
20	116	94
20	116	95
20	116	96
20	116	102
20	116	103
20	116	111
20	116	112
20	116	125
20	121	51
20	121	71
20	121	73
20	121	74
20	121	85
20	121	91
20	121	94
20	121	95
20	121	96
20	121	101
20	121	102
20	121	103
20	121	111
20	121	122
20	121	126
20	122	71
20	122	73
20	122	74
20	122	85
20	122	86
20	122	91
20	122	95
20	122	96
20	122	101
20	122	103
20	122	111
20	122	112
20	122	114
20	122	124
20	123	21
20	123	71
20	123	76
20	123	85
20	123	96
20	123	101
20	123	121
20	123	133
20	124	43
20	124	44
20	124	45
20	124	61
20	124	66
20	124	82
20	124	122
20	124	183
20	124	192
20	124	194
20	125	12
20	125	22
20	125	43
20	125	101
20	126	71
20	126	74
20	126	121
20	126	132
20	126	204
20	131	22
20	131	43
20	131	71
20	131	74
20	131	94
20	131	95
20	131	135
20	132	71
20	132	73
20	132	74
20	132	82
20	132	85
20	132	91
20	132	101
20	132	102
20	132	103
20	132	111
20	132	112
20	132	121
20	132	122
20	132	126
20	132	141
20	133	11
20	133	182
20	134	96
20	134	104
20	135	82
20	135	91
20	135	105
20	135	144
20	136	51
20	136	133
20	136	182
20	141	135
20	141	144
20	142	11
20	142	22
20	142	43
20	143	21
20	143	51
20	143	53
20	143	104
20	143	163
20	144	34
20	144	45
20	144	53
20	144	71
20	144	72
20	144	73
20	144	74
20	144	76
20	144	81
20	144	82
20	144	85
20	144	91
20	144	111
20	144	112
20	144	114
20	144	122
20	144	125
20	145	12
20	145	34
20	145	43
20	145	44
20	145	45
20	145	54
20	146	96
20	146	112
20	146	123
20	146	133
20	146	134
20	146	151
20	151	11
20	151	51
20	151	183
20	152	12
20	152	22
20	152	34
20	152	46
20	152	71
20	152	96
20	152	144
20	153	34
20	153	71
20	153	94
20	153	95
20	153	163
20	154	71
20	154	82
20	155	42
20	155	73
20	155	182
20	155	195
20	156	122
20	161	22
20	161	34
20	161	43
20	161	45
20	161	71
20	161	72
20	161	73
20	161	74
20	161	76
20	161	82
20	161	85
20	161	94
20	161	95
20	161	96
20	161	102
20	163	22
20	163	43
20	163	45
20	163	71
20	163	73
20	163	74
20	163	144
20	163	151
20	163	172
20	163	181
20	164	44
20	164	45
20	164	53
20	164	123
20	164	162
20	164	191
20	164	195
20	165	43
20	165	46
20	165	104
20	165	123
20	165	133
20	165	144
20	166	82
20	166	85
20	166	96
20	166	101
20	166	172
20	171	133
20	172	12
20	172	22
20	172	51
20	172	53
20	172	54
20	173	45
20	173	133
20	173	183
20	173	195
20	174	21
20	174	96
20	175	111
20	175	182
20	176	34
20	176	53
20	176	82
20	176	85
20	176	96
20	176	195
20	181	12
20	181	32
20	181	34
20	181	43
20	181	44
20	181	45
20	182	45
20	182	82
20	182	96
20	182	123
20	182	163
20	183	22
20	183	43
20	183	45
20	183	71
20	184	22
20	184	34
20	184	96
20	184	104
20	184	123
20	184	133
20	184	192
20	185	45
20	186	43
20	186	133
20	191	73
20	191	96
20	191	101
20	192	43
20	192	45
20	192	104
20	192	111
20	193	96
20	193	123
20	194	111
20	194	182
20	195	22
20	195	43
20	195	44
20	195	204
20	196	182
20	201	12
20	201	22
20	201	32
20	201	43
20	201	102
20	201	104
20	201	144
20	203	204
20	204	96
