25	11	12
25	11	31
25	11	72
25	11	76
25	12	24
25	12	25
25	12	43
25	12	66
25	12	144
25	13	12
25	13	104
25	14	43
25	15	12
25	15	21
25	15	22
25	15	24
25	15	31
25	15	32
25	15	34
25	15	42
25	15	43
25	15	44
25	15	45
25	16	14
25	16	36
25	16	116
25	16	176
25	16	191
25	21	36
25	21	82
25	21	85
25	21	116
25	21	122
25	22	44
25	22	71
25	22	72
25	22	192
25	23	41
25	23	164
25	23	172
25	23	181
25	23	184
25	23	186
25	24	12
25	24	36
25	24	46
25	24	84
25	24	93
25	24	115
25	24	146
25	25	14
25	25	36
25	25	44
25	25	45
25	25	51
25	25	52
25	25	53
25	25	61
25	25	81
25	25	82
25	25	83
25	25	85
25	26	32
25	26	34
25	26	36
25	26	154
25	26	176
25	31	21
25	31	22
25	31	43
25	31	44
25	31	92
25	32	21
25	32	24
25	32	25
25	32	31
25	32	43
25	32	63
25	32	72
25	32	82
25	32	85
25	32	91
25	32	94
25	32	96
25	32	101
25	32	102
25	32	103
25	32	104
25	32	105
25	32	121
25	32	123
25	32	124
25	32	126
25	33	34
25	33	43
25	35	22
25	35	43
25	36	24
25	36	72
25	36	195
25	41	31
25	41	32
25	41	33
25	41	43
25	41	66
25	42	71
25	42	101
25	42	192
25	43	54
25	43	94
25	43	96
25	44	22
25	44	34
25	44	43
25	44	45
25	44	112
25	46	45
25	46	54
25	46	71
25	46	72
25	46	96
25	46	101
25	51	12
25	51	24
25	51	72
25	51	74
25	51	94
25	51	101
25	51	121
25	51	122
25	51	124
25	51	132
25	51	133
25	51	141
25	52	11
25	52	23
25	52	32
25	52	43
25	52	46
25	52	61
25	52	64
25	52	65
25	52	66
25	52	71
25	52	73
25	52	74
25	52	76
25	52	116
25	52	191
25	52	192
25	52	194
25	53	71
25	53	72
25	53	73
25	53	85
25	53	96
25	53	101
25	53	111
25	53	114
25	53	115
25	53	131
25	53	133
25	53	141
25	53	144
25	54	23
25	54	32
25	54	36
25	54	43
25	54	65
25	54	133
25	54	183
25	55	71
25	55	72
25	55	73
25	55	74
25	55	76
25	55	85
25	55	91
25	55	92
25	55	94
25	55	95
25	55	96
25	55	101
25	55	102
25	55	103
25	55	104
25	55	106
25	55	111
25	55	112
25	55	121
25	55	123
25	55	125
25	55	126
25	55	131
25	55	132
25	56	71
25	56	72
25	56	73
25	56	102
25	56	106
25	56	116
25	61	74
25	61	85
25	61	101
25	62	41
25	62	64
25	62	73
25	62	96
25	62	102
25	62	123
25	62	166
25	62	171
25	63	94
25	63	102
25	63	144
25	64	23
25	64	41
25	64	63
25	64	65
25	64	146
25	64	176
25	64	195
25	65	111
25	65	141
25	66	22
25	66	43
25	66	45
25	66	82
25	71	12
25	71	32
25	71	34
25	71	36
25	71	43
25	71	51
25	71	52
25	71	54
25	72	34
25	72	51
25	72	53
25	72	71
25	72	76
25	72	181
25	73	133
25	74	71
25	74	85
25	74	86
25	74	126
25	74	133
25	74	144
25	75	71
25	75	73
25	75	74
25	75	85
25	75	86
25	75	91
25	75	94
25	75	95
25	75	96
25	75	102
25	75	103
25	75	111
25	75	112
25	75	121
25	75	124
25	75	183
25	75	194
25	76	71
25	76	72
25	76	73
25	76	74
25	76	82
25	76	85
25	76	86
25	76	91
25	76	92
25	76	94
25	76	95
25	76	96
25	76	101
25	76	102
25	76	103
25	76	104
25	76	111
25	76	112
25	76	113
25	76	114
25	76	124
25	76	125
25	76	126
25	81	71
25	81	73
25	81	74
25	81	85
25	81	86
25	81	91
25	81	92
25	81	94
25	81	96
25	81	101
25	81	102
25	81	103
25	81	104
25	81	111
25	81	112
25	81	113
25	81	114
25	81	115
25	81	123
25	81	124
25	81	125
25	81	126
25	82	71
25	82	73
25	82	74
25	82	85
25	82	86
25	82	91
25	82	94
25	82	96
25	82	101
25	82	102
25	82	114
25	83	22
25	83	43
25	83	71
25	83	94
25	83	95
25	83	102
25	83	111
25	83	132
25	84	71
25	84	72
25	84	73
25	84	74
25	84	85
25	84	91
25	84	94
25	84	95
25	84	96
25	84	101
25	84	102
25	84	103
25	84	104
25	84	106
25	84	111
25	84	114
25	84	115
25	84	121
25	84	123
25	84	124
25	84	125
25	84	126
25	84	131
25	84	132
25	84	133
25	85	33
25	85	71
25	85	72
25	85	73
25	85	74
25	85	94
25	85	96
25	85	102
25	85	103
25	86	71
25	86	72
25	86	73
25	86	74
25	86	91
25	86	92
25	86	94
25	86	95
25	86	96
25	86	101
25	86	102
25	86	103
25	86	104
25	86	111
25	86	121
25	86	123
25	86	124
25	86	125
25	86	126
25	91	71
25	91	72
25	91	73
25	91	95
25	91	101
25	91	102
25	91	115
25	92	12
25	92	31
25	92	43
25	92	72
25	92	73
25	92	101
25	93	71
25	93	72
25	93	73
25	93	74
25	93	85
25	93	86
25	93	91
25	93	92
25	93	94
25	93	95
25	93	96
25	93	101
25	93	102
25	93	103
25	93	104
25	93	105
25	93	111
25	93	112
25	93	114
25	93	124
25	93	125
25	93	126
25	93	131
25	94	73
25	94	74
25	94	86
25	94	96
25	94	101
25	94	105
25	94	111
25	95	21
25	95	22
25	96	71
25	96	72
25	96	73
25	96	74
25	96	85
25	96	86
25	96	91
25	96	92
25	96	94
25	96	95
25	96	101
25	96	102
25	96	103
25	96	104
25	96	105
25	96	111
25	96	114
25	96	124
25	96	125
25	96	131
25	101	71
25	101	72
25	101	73
25	101	74
25	101	85
25	101	86
25	101	91
25	101	94
25	101	95
25	101	96
25	101	102
25	101	103
25	101	105
25	101	111
25	101	124
25	101	132
25	101	162
25	102	33
25	102	71
25	102	73
25	102	96
25	103	74
25	103	101
25	103	182
25	103	191
25	103	192
25	103	194
25	103	195
25	104	31
25	104	95
25	104	96
25	105	22
25	105	43
25	106	71
25	106	72
25	106	73
25	106	74
25	106	91
25	106	94
25	106	95
25	106	96
25	106	101
25	106	102
25	106	111
25	106	112
25	106	114
25	106	123
25	106	125
25	111	71
25	111	74
25	111	86
25	111	92
25	111	94
25	111	102
25	111	104
25	111	112
25	111	133
25	111	144
25	112	73
25	112	96
25	112	102
25	112	103
25	113	71
25	113	72
25	113	73
25	113	74
25	113	92
25	113	94
25	113	95
25	113	96
25	113	101
25	113	102
25	113	103
25	113	104
25	113	106
25	113	111
25	113	123
25	113	132
25	114	61
25	114	66
25	114	71
25	114	72
25	114	73
25	114	74
25	114	76
25	114	82
25	114	85
25	114	86
25	114	91
25	114	92
25	114	94
25	114	95
25	114	96
25	114	101
25	114	102
25	114	103
25	114	111
25	114	112
25	114	122
25	115	71
25	115	72
25	115	73
25	115	74
25	115	85
25	115	91
25	115	92
25	115	94
25	115	95
25	115	96
25	115	101
25	115	102
25	115	103
25	115	106
25	115	111
25	115	112
25	115	114
25	115	124
25	115	125
25	115	132
25	116	12
25	116	33
25	116	54
25	116	71
25	116	72
25	116	73
25	116	74
25	116	82
25	116	85
25	116	86
25	116	91
25	116	94
25	116	95
25	116	96
25	116	102
25	116	111
25	116	112
25	121	51
25	121	54
25	121	71
25	121	72
25	121	73
25	121	74
25	121	76
25	121	85
25	121	86
25	121	91
25	121	94
25	121	95
25	121	96
25	121	101
25	121	102
25	121	103
25	121	104
25	121	111
25	121	112
25	121	122
25	121	126
25	122	51
25	122	71
25	122	72
25	122	73
25	122	74
25	122	76
25	122	82
25	122	83
25	122	85
25	122	86
25	122	91
25	122	94
25	122	95
25	122	96
25	122	101
25	122	111
25	122	114
25	122	123
25	122	124
25	122	125
25	122	146
25	123	54
25	123	71
25	123	73
25	123	74
25	123	76
25	123	83
25	123	85
25	123	96
25	123	101
25	123	121
25	123	141
25	123	195
25	124	23
25	124	43
25	124	44
25	124	45
25	124	46
25	124	61
25	124	64
25	124	65
25	124	66
25	124	82
25	124	116
25	124	122
25	124	181
25	124	183
25	124	192
25	124	194
25	125	12
25	125	22
25	125	43
25	125	101
25	126	71
25	126	121
25	126	132
25	131	22
25	131	43
25	131	71
25	131	74
25	131	95
25	132	73
25	132	74
25	132	82
25	132	91
25	132	95
25	132	101
25	132	103
25	132	104
25	132	111
25	132	112
25	132	121
25	132	122
25	132	125
25	132	126
25	132	131
25	133	11
25	133	72
25	133	74
25	133	95
25	133	102
25	133	182
25	134	11
25	134	46
25	134	122
25	135	54
25	135	72
25	135	103
25	135	105
25	136	11
25	136	133
25	136	182
25	141	11
25	141	42
25	141	46
25	141	104
25	141	144
25	142	22
25	143	22
25	143	51
25	143	53
25	143	96
25	144	22
25	144	43
25	144	53
25	144	73
25	144	74
25	144	76
25	144	82
25	144	91
25	144	101
25	144	111
25	144	112
25	144	114
25	144	116
25	144	122
25	144	125
25	144	133
25	144	134
25	144	154
25	144	176
25	144	182
25	144	194
25	144	195
25	145	12
25	145	34
25	145	43
25	145	45
25	145	66
25	145	73
25	146	22
25	146	91
25	146	92
25	146	103
25	146	123
25	146	142
25	146	154
25	146	164
25	151	71
25	151	163
25	151	172
25	151	181
25	151	182
25	151	183
25	151	194
25	152	176
25	153	33
25	153	34
25	153	52
25	153	54
25	153	82
25	153	151
25	154	23
25	154	61
25	154	65
25	154	101
25	154	114
25	154	116
25	154	122
25	154	123
25	154	141
25	154	192
25	154	194
25	155	36
25	155	135
25	155	146
25	155	154
25	155	176
25	155	182
25	155	184
25	155	186
25	155	195
25	156	25
25	156	51
25	156	122
25	156	192
25	161	22
25	161	34
25	161	43
25	161	45
25	161	52
25	161	54
25	161	66
25	161	71
25	161	72
25	161	73
25	161	74
25	161	94
25	161	102
25	161	106
25	161	164
25	163	31
25	163	45
25	163	53
25	163	73
25	163	76
25	163	111
25	163	112
25	163	134
25	163	151
25	163	172
25	163	181
25	163	192
25	163	194
25	164	24
25	164	25
25	164	41
25	164	123
25	164	176
25	164	191
25	164	195
25	165	11
25	165	46
25	165	96
25	165	123
25	165	133
25	165	144
25	165	182
25	166	82
25	166	96
25	166	172
25	166	182
25	166	195
25	171	85
25	171	101
25	172	12
25	172	22
25	172	51
25	172	74
25	172	133
25	173	45
25	173	133
25	173	151
25	173	172
25	173	181
25	173	182
25	173	183
25	175	71
25	175	163
25	175	166
25	175	171
25	175	182
25	175	183
25	175	194
25	176	52
25	176	102
25	176	116
25	176	122
25	176	133
25	176	141
25	176	154
25	176	182
25	176	183
25	176	184
25	176	186
25	176	191
25	176	194
25	176	195
25	181	12
25	181	24
25	181	32
25	181	43
25	181	45
25	181	102
25	181	104
25	181	126
25	182	36
25	182	52
25	182	82
25	182	83
25	182	85
25	182	96
25	182	102
25	182	123
25	182	176
25	182	184
25	182	186
25	182	195
25	183	22
25	183	43
25	184	14
25	184	96
25	184	176
25	185	52
25	185	146
25	186	45
25	186	66
25	191	76
25	192	111
25	193	96
25	194	101
25	194	111
25	194	182
25	194	183
25	194	191
25	195	22
25	195	31
25	195	43
25	195	44
25	195	45
25	196	73
25	196	182
25	201	12
25	201	22
25	201	32
25	201	43
25	201	102
25	201	104
25	201	144
25	204	61
25	204	95
25	204	96
25	205	61
25	206	46
25	206	61
25	206	102
