30	11	12
30	11	31
30	11	41
30	12	24
30	12	25
30	12	43
30	12	63
30	12	64
30	13	12
30	14	22
30	14	32
30	14	43
30	14	126
30	14	146
30	15	12
30	15	22
30	15	24
30	15	25
30	15	32
30	15	34
30	15	43
30	15	44
30	15	45
30	16	14
30	16	116
30	16	133
30	16	191
30	16	192
30	16	194
30	16	195
30	21	33
30	21	34
30	21	43
30	21	45
30	21	82
30	22	32
30	22	44
30	22	192
30	23	11
30	23	41
30	24	22
30	25	14
30	25	36
30	25	44
30	25	51
30	25	52
30	25	161
30	26	14
30	26	32
30	26	36
30	31	21
30	31	22
30	31	33
30	31	43
30	31	44
30	31	92
30	32	92
30	32	101
30	32	103
30	32	104
30	32	105
30	33	192
30	35	12
30	35	22
30	36	23
30	36	24
30	36	25
30	36	63
30	36	65
30	36	72
30	36	73
30	36	85
30	41	21
30	41	25
30	41	31
30	41	33
30	41	44
30	41	45
30	41	64
30	42	114
30	42	192
30	43	54
30	43	94
30	44	22
30	44	34
30	44	45
30	44	52
30	45	32
30	45	43
30	45	126
30	45	146
30	46	45
30	46	54
30	46	66
30	46	71
30	46	72
30	46	101
30	46	102
30	51	24
30	51	25
30	51	63
30	51	72
30	51	76
30	51	96
30	51	101
30	51	121
30	51	122
30	51	123
30	51	124
30	51	125
30	51	133
30	51	135
30	51	141
30	52	14
30	52	23
30	52	46
30	52	61
30	52	64
30	52	65
30	52	66
30	52	116
30	52	133
30	52	144
30	52	191
30	52	192
30	52	194
30	52	195
30	53	55
30	53	72
30	53	73
30	53	76
30	53	96
30	53	101
30	53	102
30	53	106
30	53	115
30	53	116
30	53	121
30	53	126
30	53	133
30	53	135
30	53	141
30	53	144
30	54	23
30	54	46
30	54	61
30	54	65
30	54	181
30	54	183
30	55	23
30	55	65
30	55	71
30	55	72
30	55	73
30	55	74
30	55	76
30	55	94
30	55	95
30	55	96
30	55	101
30	55	102
30	55	103
30	55	104
30	55	105
30	55	106
30	55	121
30	55	123
30	55	124
30	55	125
30	55	126
30	55	132
30	56	14
30	56	55
30	56	64
30	56	96
30	56	116
30	56	191
30	61	101
30	62	41
30	63	144
30	64	195
30	65	32
30	65	36
30	65	52
30	65	164
30	66	22
30	66	32
30	66	34
30	66	43
30	66	44
30	66	45
30	66	126
30	66	146
30	71	14
30	71	32
30	71	36
30	71	44
30	71	51
30	71	52
30	71	81
30	71	85
30	71	161
30	72	22
30	72	33
30	72	34
30	72	43
30	72	44
30	72	45
30	72	51
30	72	53
30	72	54
30	72	71
30	72	84
30	72	93
30	72	195
30	73	96
30	73	116
30	73	133
30	74	71
30	74	86
30	74	123
30	74	125
30	74	126
30	74	133
30	74	144
30	74	182
30	75	71
30	75	74
30	75	85
30	75	91
30	75	92
30	75	96
30	75	103
30	75	123
30	75	133
30	75	183
30	75	194
30	76	74
30	76	85
30	76	86
30	76	91
30	76	92
30	76	94
30	76	95
30	76	103
30	76	111
30	76	112
30	76	113
30	76	114
30	76	116
30	76	125
30	76	145
30	81	74
30	81	82
30	81	85
30	81	86
30	81	91
30	81	92
30	81	103
30	81	104
30	81	111
30	81	112
30	81	114
30	81	116
30	81	122
30	81	124
30	81	125
30	81	145
30	81	146
30	82	54
30	82	71
30	82	72
30	82	73
30	82	74
30	82	85
30	82	91
30	82	92
30	82	94
30	82	96
30	82	101
30	82	102
30	82	103
30	83	22
30	83	43
30	83	71
30	83	72
30	83	94
30	83	95
30	83	96
30	83	102
30	83	121
30	83	132
30	84	23
30	84	65
30	84	71
30	84	72
30	84	73
30	84	74
30	84	94
30	84	95
30	84	96
30	84	101
30	84	102
30	84	103
30	84	104
30	84	105
30	84	106
30	84	121
30	84	123
30	84	124
30	84	125
30	84	126
30	84	131
30	84	132
30	84	133
30	84	146
30	84	154
30	85	33
30	85	45
30	85	52
30	85	54
30	85	71
30	85	72
30	85	73
30	85	96
30	85	102
30	85	123
30	85	125
30	86	23
30	86	54
30	86	65
30	86	71
30	86	72
30	86	73
30	86	74
30	86	76
30	86	94
30	86	95
30	86	96
30	86	101
30	86	102
30	86	103
30	86	121
30	86	123
30	86	126
30	86	146
30	91	72
30	91	73
30	91	101
30	91	106
30	91	115
30	91	132
30	91	163
30	92	12
30	92	22
30	92	31
30	92	43
30	93	74
30	93	85
30	93	86
30	93	91
30	93	94
30	93	95
30	93	103
30	93	104
30	93	105
30	93	111
30	93	114
30	93	116
30	93	124
30	93	125
30	93	131
30	94	43
30	94	86
30	94	96
30	94	105
30	94	111
30	94	114
30	94	192
30	95	21
30	95	22
30	95	43
30	95	92
30	96	81
30	96	82
30	96	85
30	96	86
30	96	91
30	96	94
30	96	95
30	96	103
30	96	104
30	96	105
30	96	111
30	96	112
30	96	113
30	96	114
30	96	116
30	96	191
30	101	25
30	101	36
30	101	72
30	101	74
30	101	85
30	101	86
30	101	91
30	101	95
30	101	103
30	101	105
30	101	111
30	101	112
30	101	116
30	101	124
30	101	162
30	102	83
30	102	96
30	103	23
30	103	65
30	103	101
30	103	116
30	103	145
30	105	22
30	105	32
30	105	43
30	105	146
30	106	74
30	106	85
30	106	91
30	106	94
30	106	95
30	106	111
30	106	112
30	106	114
30	106	116
30	106	124
30	106	125
30	106	145
30	106	146
30	111	71
30	111	72
30	111	73
30	111	74
30	111	86
30	111	91
30	111	92
30	111	94
30	111	102
30	111	104
30	111	112
30	111	114
30	111	121
30	111	124
30	111	125
30	111	126
30	111	133
30	111	144
30	111	162
30	112	71
30	112	72
30	112	73
30	112	74
30	112	76
30	112	96
30	112	101
30	112	102
30	112	103
30	112	121
30	112	124
30	113	23
30	113	54
30	113	65
30	113	71
30	113	72
30	113	73
30	113	74
30	113	76
30	113	94
30	113	95
30	113	96
30	113	101
30	113	102
30	113	103
30	113	104
30	113	105
30	113	106
30	113	121
30	113	123
30	113	124
30	113	125
30	113	126
30	113	132
30	113	146
30	114	36
30	114	71
30	114	72
30	114	73
30	114	74
30	114	85
30	114	91
30	114	92
30	114	94
30	114	95
30	114	96
30	114	101
30	114	102
30	114	103
30	114	123
30	115	71
30	115	72
30	115	73
30	115	74
30	115	85
30	115	91
30	115	94
30	115	95
30	115	96
30	115	101
30	115	102
30	115	103
30	115	104
30	115	105
30	115	111
30	115	112
30	115	116
30	115	121
30	115	122
30	115	123
30	115	124
30	115	125
30	115	126
30	115	131
30	115	132
30	115	141
30	115	192
30	116	33
30	116	52
30	116	54
30	116	71
30	116	72
30	116	73
30	116	74
30	116	82
30	116	85
30	116	86
30	116	91
30	116	94
30	116	95
30	116	111
30	116	112
30	121	71
30	121	72
30	121	73
30	121	74
30	121	85
30	121	91
30	121	94
30	121	95
30	121	101
30	121	102
30	121	111
30	121	112
30	121	116
30	121	122
30	121	145
30	122	74
30	122	82
30	122	85
30	122	86
30	122	91
30	122	95
30	122	101
30	122	111
30	122	114
30	122	124
30	122	125
30	122	135
30	122	146
30	122	154
30	123	92
30	123	103
30	123	132
30	124	23
30	124	43
30	124	45
30	124	46
30	124	61
30	124	64
30	124	65
30	124	74
30	124	114
30	124	115
30	124	116
30	124	122
30	124	123
30	124	132
30	124	192
30	124	194
30	125	12
30	126	46
30	131	22
30	131	43
30	131	71
30	131	74
30	131	95
30	131	182
30	132	82
30	132	95
30	132	116
30	132	122
30	133	23
30	133	65
30	133	116
30	133	141
30	133	146
30	134	46
30	134	64
30	134	96
30	134	122
30	134	123
30	134	133
30	134	154
30	134	182
30	135	72
30	135	104
30	135	164
30	136	116
30	136	121
30	136	122
30	136	123
30	136	133
30	136	154
30	136	191
30	136	192
30	141	23
30	141	46
30	141	64
30	141	65
30	141	96
30	141	144
30	141	145
30	142	22
30	142	43
30	142	192
30	142	195
30	143	36
30	143	44
30	143	51
30	143	84
30	143	93
30	143	116
30	143	133
30	144	73
30	144	76
30	144	86
30	144	95
30	144	106
30	144	111
30	144	112
30	144	114
30	144	122
30	144	124
30	144	125
30	144	134
30	145	12
30	145	34
30	145	36
30	145	42
30	145	64
30	145	66
30	145	73
30	145	144
30	146	142
30	146	161
30	151	111
30	151	163
30	151	164
30	151	181
30	153	11
30	153	22
30	153	33
30	153	34
30	153	45
30	153	52
30	153	54
30	154	23
30	154	43
30	154	46
30	154	61
30	154	65
30	154	101
30	154	116
30	154	192
30	154	194
30	155	172
30	155	182
30	155	183
30	155	184
30	155	186
30	155	194
30	156	25
30	156	94
30	156	122
30	156	126
30	161	11
30	161	33
30	161	34
30	161	52
30	161	54
30	161	71
30	161	73
30	161	74
30	161	94
30	161	102
30	161	106
30	161	164
30	162	73
30	162	74
30	162	111
30	162	112
30	162	152
30	163	162
30	164	21
30	164	24
30	164	25
30	164	72
30	164	91
30	164	92
30	164	94
30	164	102
30	164	103
30	164	104
30	164	105
30	164	114
30	164	122
30	164	123
30	164	124
30	165	96
30	165	123
30	165	163
30	165	164
30	165	176
30	166	172
30	166	181
30	166	182
30	166	183
30	166	184
30	166	186
30	166	195
30	171	73
30	172	12
30	172	22
30	172	36
30	172	44
30	172	63
30	172	84
30	172	93
30	172	116
30	172	133
30	173	172
30	173	181
30	173	182
30	173	183
30	173	184
30	173	186
30	173	194
30	173	195
30	174	53
30	174	151
30	174	172
30	175	116
30	175	163
30	175	166
30	175	171
30	176	71
30	176	191
30	176	195
30	181	12
30	181	24
30	181	31
30	181	32
30	181	43
30	181	45
30	181	53
30	181	102
30	181	126
30	181	192
30	182	41
30	182	96
30	182	123
30	182	133
30	182	176
30	182	195
30	183	22
30	183	103
30	184	152
30	184	191
30	184	204
30	185	21
30	185	31
30	185	52
30	186	133
30	191	161
30	192	41
30	193	123
30	194	25
30	194	73
30	194	85
30	194	101
30	194	111
30	194	112
30	194	113
30	194	182
30	194	183
30	194	195
30	195	22
30	195	31
30	195	34
30	195	43
30	195	44
30	195	45
30	195	104
30	196	22
30	201	12
30	201	32
30	201	43
30	201	102
30	201	104
30	201	144
30	203	22
30	203	132
30	204	61
30	205	163
30	205	192
30	206	12
30	206	102
