35	11	12
35	11	31
35	11	41
35	11	45
35	11	92
35	12	24
35	12	25
35	12	43
35	12	44
35	12	63
35	12	64
35	14	22
35	14	32
35	14	43
35	14	126
35	14	146
35	15	12
35	15	22
35	15	24
35	15	25
35	15	31
35	15	32
35	15	34
35	15	43
35	15	44
35	15	45
35	15	126
35	16	14
35	16	116
35	16	133
35	16	191
35	16	192
35	16	194
35	16	195
35	21	33
35	21	34
35	21	43
35	21	45
35	21	82
35	22	32
35	22	43
35	22	44
35	22	72
35	22	192
35	23	11
35	23	41
35	24	22
35	25	14
35	25	36
35	25	44
35	25	51
35	25	52
35	25	161
35	26	14
35	26	32
35	26	36
35	31	21
35	31	22
35	31	43
35	31	44
35	31	92
35	32	12
35	32	22
35	32	43
35	32	44
35	32	61
35	32	101
35	33	53
35	33	102
35	33	192
35	34	126
35	34	146
35	34	192
35	35	22
35	35	43
35	35	126
35	36	23
35	36	24
35	36	63
35	36	65
35	36	116
35	36	164
35	41	21
35	41	24
35	41	25
35	41	31
35	41	44
35	41	45
35	41	64
35	42	192
35	43	52
35	43	54
35	43	94
35	43	151
35	44	22
35	44	34
35	44	52
35	44	72
35	45	32
35	45	43
35	45	126
35	45	146
35	46	45
35	46	64
35	46	66
35	46	71
35	46	72
35	46	73
35	46	96
35	46	101
35	46	102
35	46	163
35	51	24
35	51	25
35	51	63
35	51	76
35	51	96
35	51	101
35	51	111
35	51	114
35	51	116
35	51	121
35	51	122
35	51	124
35	51	125
35	51	132
35	51	133
35	51	134
35	51	135
35	51	141
35	52	14
35	52	23
35	52	46
35	52	61
35	52	65
35	52	116
35	52	133
35	52	191
35	52	192
35	52	194
35	52	195
35	53	55
35	53	61
35	53	72
35	53	73
35	53	76
35	53	83
35	53	96
35	53	101
35	53	106
35	53	115
35	53	116
35	53	126
35	53	133
35	53	141
35	53	144
35	54	23
35	54	46
35	54	61
35	54	65
35	55	23
35	55	65
35	55	71
35	55	72
35	55	73
35	55	74
35	55	76
35	55	92
35	55	94
35	55	101
35	55	102
35	55	106
35	55	132
35	56	14
35	56	55
35	56	116
35	56	191
35	56	192
35	56	194
35	62	41
35	63	25
35	63	164
35	63	183
35	64	53
35	65	36
35	65	52
35	65	81
35	65	164
35	66	22
35	66	32
35	66	43
35	66	82
35	66	126
35	66	146
35	71	44
35	71	52
35	71	54
35	71	81
35	71	82
35	71	83
35	71	161
35	72	33
35	72	34
35	72	51
35	72	53
35	72	84
35	72	93
35	73	76
35	73	86
35	73	91
35	74	23
35	74	65
35	74	86
35	74	95
35	74	124
35	74	125
35	74	126
35	74	144
35	75	71
35	75	73
35	75	74
35	75	85
35	75	91
35	75	92
35	75	95
35	75	96
35	75	103
35	75	116
35	75	183
35	75	184
35	75	186
35	75	191
35	75	194
35	76	71
35	76	72
35	76	74
35	76	85
35	76	92
35	76	94
35	76	95
35	76	102
35	76	103
35	76	123
35	76	126
35	81	74
35	81	82
35	81	85
35	81	86
35	81	91
35	81	103
35	81	111
35	81	112
35	81	114
35	81	116
35	81	122
35	81	124
35	81	125
35	81	145
35	81	146
35	82	52
35	82	71
35	82	72
35	82	73
35	82	74
35	82	85
35	82	91
35	82	92
35	82	94
35	82	101
35	82	102
35	82	103
35	82	123
35	82	125
35	83	22
35	83	43
35	83	95
35	83	102
35	83	105
35	83	121
35	83	124
35	84	23
35	84	65
35	84	71
35	84	72
35	84	73
35	84	74
35	84	76
35	84	94
35	84	95
35	84	96
35	84	101
35	84	102
35	84	103
35	84	106
35	84	121
35	84	123
35	84	124
35	84	125
35	84	126
35	84	131
35	84	133
35	84	145
35	84	146
35	84	154
35	85	34
35	85	45
35	85	52
35	85	66
35	85	71
35	85	72
35	85	73
35	85	74
35	85	102
35	85	123
35	85	124
35	85	125
35	86	23
35	86	54
35	86	65
35	86	71
35	86	72
35	86	73
35	86	74
35	86	76
35	86	94
35	86	101
35	86	102
35	86	103
35	86	104
35	86	106
35	91	72
35	91	73
35	91	101
35	91	102
35	91	103
35	91	106
35	91	115
35	91	123
35	91	132
35	91	163
35	92	12
35	92	22
35	92	31
35	92	43
35	93	74
35	93	82
35	93	85
35	93	86
35	93	91
35	93	94
35	93	95
35	93	103
35	93	104
35	93	105
35	93	111
35	93	112
35	93	114
35	93	116
35	93	122
35	94	43
35	94	86
35	94	96
35	94	111
35	94	114
35	94	192
35	95	22
35	95	32
35	95	43
35	95	126
35	95	146
35	96	73
35	96	82
35	96	85
35	96	86
35	96	94
35	96	95
35	96	101
35	96	103
35	96	104
35	96	105
35	96	111
35	96	112
35	96	114
35	96	116
35	96	122
35	101	25
35	101	36
35	101	74
35	101	85
35	101	86
35	101	91
35	101	94
35	101	95
35	101	105
35	101	116
35	101	124
35	101	162
35	102	33
35	102	83
35	102	96
35	103	23
35	103	61
35	103	65
35	103	101
35	103	116
35	105	12
35	105	22
35	105	32
35	105	43
35	105	126
35	105	146
35	106	74
35	106	82
35	106	85
35	106	91
35	106	94
35	106	95
35	106	111
35	106	112
35	106	114
35	106	116
35	106	122
35	106	124
35	106	125
35	106	145
35	106	146
35	111	25
35	111	71
35	111	72
35	111	73
35	111	74
35	111	85
35	111	86
35	111	91
35	111	92
35	111	94
35	111	112
35	111	124
35	111	125
35	111	133
35	111	144
35	111	162
35	112	71
35	112	72
35	112	73
35	112	74
35	112	76
35	112	94
35	112	95
35	112	101
35	112	102
35	112	103
35	112	116
35	112	124
35	113	23
35	113	65
35	113	71
35	113	72
35	113	73
35	113	74
35	113	76
35	113	94
35	113	95
35	113	101
35	113	102
35	113	103
35	113	104
35	113	106
35	113	121
35	113	132
35	113	146
35	114	36
35	114	66
35	114	71
35	114	72
35	114	73
35	114	74
35	114	85
35	114	91
35	114	92
35	114	94
35	114	95
35	114	102
35	114	103
35	114	111
35	114	112
35	115	72
35	115	73
35	115	96
35	115	101
35	115	102
35	115	103
35	115	104
35	115	105
35	115	106
35	115	121
35	115	123
35	115	124
35	115	125
35	115	126
35	115	131
35	115	132
35	115	141
35	116	33
35	116	52
35	116	71
35	116	73
35	116	74
35	116	82
35	116	85
35	116	86
35	116	91
35	116	94
35	116	95
35	116	111
35	116	112
35	121	71
35	121	72
35	121	73
35	121	74
35	121	76
35	121	85
35	121	91
35	121	94
35	121	95
35	121	101
35	121	102
35	121	103
35	121	104
35	121	111
35	121	112
35	121	116
35	121	122
35	121	126
35	121	145
35	122	22
35	122	74
35	122	82
35	122	85
35	122	86
35	122	91
35	122	94
35	122	95
35	122	96
35	122	111
35	122	124
35	122	125
35	122	135
35	122	146
35	122	154
35	123	92
35	123	103
35	123	121
35	123	132
35	124	23
35	124	43
35	124	45
35	124	46
35	124	61
35	124	64
35	124	65
35	124	66
35	124	114
35	124	115
35	124	116
35	124	122
35	124	123
35	124	132
35	124	141
35	124	144
35	124	183
35	124	192
35	124	194
35	126	114
35	126	115
35	126	121
35	131	22
35	131	43
35	131	95
35	131	192
35	132	82
35	132	95
35	132	116
35	132	121
35	132	141
35	132	146
35	133	23
35	133	65
35	133	116
35	133	141
35	133	146
35	134	23
35	134	46
35	134	61
35	134	64
35	134	65
35	134	66
35	134	96
35	134	114
35	134	116
35	134	122
35	134	123
35	134	124
35	134	131
35	134	133
35	134	144
35	134	154
35	134	182
35	135	42
35	135	76
35	135	86
35	135	104
35	135	151
35	135	163
35	136	114
35	136	122
35	136	124
35	136	131
35	136	133
35	136	135
35	136	141
35	136	154
35	136	182
35	136	192
35	141	23
35	141	43
35	141	46
35	141	64
35	141	65
35	141	121
35	141	122
35	141	144
35	141	145
35	141	176
35	142	22
35	142	34
35	142	43
35	142	126
35	142	183
35	142	192
35	143	11
35	143	22
35	143	33
35	143	34
35	143	44
35	143	45
35	143	51
35	143	53
35	143	134
35	144	31
35	144	54
35	144	73
35	144	76
35	144	95
35	144	106
35	144	111
35	144	112
35	144	122
35	144	134
35	145	12
35	145	14
35	145	31
35	145	32
35	145	34
35	145	36
35	145	42
35	145	43
35	145	51
35	145	54
35	145	64
35	145	66
35	145	71
35	145	72
35	145	73
35	145	95
35	145	106
35	145	123
35	145	144
35	146	142
35	146	161
35	151	163
35	153	11
35	153	22
35	153	33
35	153	34
35	153	45
35	153	52
35	153	54
35	154	23
35	154	43
35	154	46
35	154	61
35	154	65
35	154	101
35	154	116
35	154	192
35	154	194
35	156	24
35	156	25
35	156	91
35	156	92
35	156	94
35	156	103
35	156	123
35	156	162
35	161	11
35	161	33
35	161	34
35	161	52
35	161	54
35	161	71
35	161	74
35	161	94
35	161	102
35	161	106
35	161	164
35	162	25
35	162	85
35	162	111
35	162	152
35	163	162
35	164	21
35	164	24
35	164	25
35	164	72
35	164	91
35	164	92
35	164	94
35	164	102
35	164	103
35	164	104
35	164	105
35	164	114
35	164	122
35	164	123
35	164	124
35	165	176
35	166	172
35	166	181
35	166	182
35	166	183
35	166	184
35	166	186
35	172	22
35	172	43
35	172	116
35	172	192
35	172	194
35	173	163
35	173	172
35	173	181
35	174	96
35	174	163
35	174	176
35	175	166
35	175	171
35	176	71
35	176	191
35	176	195
35	181	12
35	181	14
35	181	22
35	181	24
35	181	32
35	181	43
35	181	126
35	181	192
35	182	94
35	182	96
35	182	102
35	182	121
35	182	123
35	182	124
35	182	125
35	182	131
35	182	133
35	182	195
35	183	22
35	183	194
35	185	21
35	186	25
35	186	181
35	192	22
35	192	31
35	192	41
35	192	42
35	192	45
35	193	25
35	193	45
35	193	96
35	193	116
35	193	123
35	194	25
35	194	164
35	195	12
35	195	22
35	195	31
35	195	32
35	195	43
35	195	44
35	195	45
35	195	192
35	196	22
35	196	113
35	196	124
35	201	12
35	201	32
35	201	43
35	201	144
35	203	22
35	204	96
35	206	12
35	206	125
35	206	131
