40	11	12
40	11	22
40	11	31
40	11	41
40	11	43
40	11	92
40	12	24
40	12	25
40	12	43
40	12	44
40	12	63
40	12	64
40	14	22
40	14	32
40	14	43
40	14	126
40	14	146
40	15	12
40	15	22
40	15	24
40	15	25
40	15	31
40	15	32
40	15	34
40	15	43
40	15	44
40	15	45
40	15	126
40	16	14
40	16	116
40	16	133
40	16	191
40	16	192
40	16	194
40	16	195
40	21	33
40	21	34
40	21	43
40	21	45
40	21	82
40	22	32
40	22	43
40	22	44
40	22	192
40	23	11
40	23	41
40	24	22
40	25	52
40	25	54
40	25	81
40	25	82
40	25	83
40	25	161
40	26	12
40	26	14
40	26	32
40	26	36
40	31	21
40	31	22
40	31	43
40	31	44
40	31	92
40	32	12
40	32	22
40	32	43
40	32	44
40	32	61
40	32	101
40	33	102
40	33	192
40	34	32
40	34	146
40	35	22
40	35	43
40	36	23
40	36	24
40	36	25
40	36	63
40	36	65
40	36	116
40	36	164
40	41	21
40	41	24
40	41	25
40	41	31
40	41	44
40	41	45
40	41	64
40	42	23
40	42	65
40	42	101
40	42	113
40	42	114
40	42	192
40	43	45
40	43	52
40	43	54
40	43	72
40	43	94
40	43	102
40	44	22
40	44	34
40	44	52
40	45	32
40	45	43
40	45	126
40	45	146
40	46	45
40	46	66
40	46	71
40	46	72
40	46	96
40	46	101
40	51	24
40	51	25
40	51	63
40	51	101
40	51	114
40	51	116
40	51	122
40	51	133
40	51	134
40	51	141
40	51	154
40	52	14
40	52	23
40	52	46
40	52	61
40	52	65
40	52	116
40	52	133
40	52	191
40	52	192
40	52	194
40	52	195
40	53	61
40	53	106
40	53	115
40	53	116
40	53	133
40	53	182
40	54	23
40	54	46
40	54	61
40	54	65
40	55	23
40	55	46
40	55	65
40	55	74
40	55	102
40	55	106
40	56	14
40	56	55
40	56	116
40	56	191
40	56	192
40	56	194
40	61	101
40	61	163
40	61	176
40	62	41
40	63	164
40	64	53
40	65	11
40	65	14
40	65	36
40	65	44
40	65	45
40	65	51
40	65	52
40	65	61
40	65	81
40	65	82
40	65	83
40	65	85
40	66	22
40	66	32
40	66	43
40	66	45
40	66	82
40	66	126
40	66	146
40	71	44
40	71	52
40	71	54
40	71	81
40	71	82
40	71	83
40	71	161
40	72	33
40	72	34
40	72	51
40	72	53
40	72	71
40	72	84
40	72	93
40	73	76
40	73	86
40	73	91
40	74	23
40	74	65
40	74	86
40	74	145
40	74	146
40	75	82
40	75	85
40	75	91
40	75	111
40	75	112
40	75	114
40	75	116
40	75	122
40	75	181
40	75	183
40	75	184
40	75	186
40	75	194
40	76	72
40	76	74
40	76	86
40	76	94
40	76	95
40	76	105
40	76	122
40	76	123
40	81	74
40	81	82
40	81	85
40	81	91
40	81	94
40	81	95
40	81	101
40	81	105
40	81	116
40	81	122
40	81	123
40	81	162
40	81	192
40	81	194
40	82	11
40	82	52
40	82	72
40	82	73
40	82	74
40	82	94
40	82	95
40	82	101
40	82	102
40	82	123
40	83	22
40	83	43
40	83	95
40	83	101
40	83	102
40	83	105
40	83	121
40	83	132
40	84	23
40	84	65
40	84	71
40	84	72
40	84	73
40	84	74
40	84	76
40	84	94
40	84	95
40	84	96
40	84	101
40	84	102
40	84	103
40	84	106
40	84	121
40	84	123
40	84	124
40	84	125
40	84	126
40	84	131
40	84	133
40	84	145
40	84	146
40	84	154
40	85	52
40	85	72
40	85	73
40	85	74
40	85	102
40	85	103
40	85	123
40	85	124
40	85	125
40	86	23
40	86	46
40	86	54
40	86	65
40	86	71
40	86	72
40	86	73
40	86	74
40	86	76
40	86	83
40	86	92
40	86	94
40	86	101
40	86	102
40	86	106
40	91	73
40	91	101
40	91	106
40	91	115
40	91	123
40	91	132
40	92	12
40	92	22
40	92	24
40	92	31
40	92	43
40	93	72
40	93	74
40	93	81
40	93	82
40	93	85
40	93	91
40	93	92
40	93	94
40	93	95
40	93	101
40	93	103
40	93	105
40	93	111
40	93	112
40	93	114
40	93	116
40	93	122
40	93	123
40	93	162
40	93	192
40	93	194
40	94	96
40	94	192
40	95	22
40	95	32
40	95	43
40	95	126
40	95	146
40	96	81
40	96	82
40	96	85
40	96	91
40	96	92
40	96	101
40	96	103
40	96	105
40	96	111
40	96	112
40	96	113
40	96	114
40	96	116
40	96	122
40	96	123
40	96	134
40	96	162
40	96	192
40	96	194
40	101	14
40	101	25
40	101	32
40	101	36
40	101	91
40	101	105
40	101	112
40	101	114
40	101	116
40	101	122
40	101	124
40	101	125
40	101	132
40	102	83
40	102	115
40	102	176
40	103	23
40	103	61
40	103	65
40	103	101
40	103	116
40	105	12
40	105	22
40	105	32
40	105	43
40	105	126
40	105	146
40	106	71
40	106	74
40	106	81
40	106	82
40	106	85
40	106	91
40	106	94
40	106	95
40	106	96
40	106	111
40	106	123
40	106	124
40	106	125
40	106	145
40	106	146
40	106	162
40	111	25
40	111	71
40	111	72
40	111	73
40	111	74
40	111	85
40	111	91
40	111	92
40	111	94
40	111	95
40	111	101
40	111	102
40	111	112
40	111	116
40	111	133
40	111	162
40	112	71
40	112	72
40	112	73
40	112	74
40	112	76
40	112	94
40	112	95
40	112	96
40	112	101
40	112	102
40	112	103
40	112	124
40	112	125
40	113	71
40	113	72
40	113	73
40	113	74
40	113	92
40	113	94
40	113	95
40	113	101
40	113	102
40	113	103
40	113	105
40	113	106
40	113	111
40	113	121
40	113	123
40	113	124
40	113	125
40	113	126
40	113	146
40	114	14
40	114	36
40	114	71
40	114	72
40	114	73
40	114	74
40	114	85
40	114	91
40	114	92
40	114	94
40	114	95
40	114	102
40	114	103
40	114	104
40	114	105
40	114	106
40	114	123
40	114	126
40	114	131
40	115	131
40	115	182
40	116	33
40	116	52
40	116	54
40	116	82
40	116	85
40	116	86
40	116	91
40	116	94
40	116	95
40	116	111
40	116	112
40	116	125
40	121	74
40	121	91
40	121	92
40	121	94
40	121	95
40	121	101
40	121	102
40	121	103
40	121	106
40	121	111
40	121	112
40	121	114
40	121	116
40	121	122
40	121	123
40	121	126
40	121	134
40	121	145
40	121	192
40	121	194
40	122	81
40	122	82
40	122	85
40	122	86
40	122	111
40	122	112
40	122	146
40	122	162
40	123	132
40	123	135
40	123	182
40	124	23
40	124	43
40	124	45
40	124	46
40	124	61
40	124	64
40	124	65
40	124	66
40	124	114
40	124	115
40	124	116
40	124	122
40	124	123
40	124	132
40	124	141
40	124	144
40	124	183
40	124	192
40	124	194
40	126	23
40	126	51
40	126	65
40	126	112
40	126	114
40	126	115
40	131	22
40	131	43
40	131	192
40	132	64
40	132	82
40	132	112
40	132	116
40	132	121
40	132	122
40	132	125
40	132	126
40	132	135
40	132	141
40	132	145
40	132	146
40	133	23
40	133	65
40	133	116
40	133	141
40	133	146
40	134	46
40	134	64
40	134	66
40	134	124
40	134	131
40	134	133
40	134	135
40	134	144
40	134	154
40	134	182
40	135	42
40	135	86
40	135	103
40	135	104
40	135	131
40	136	124
40	136	125
40	136	131
40	136	133
40	136	134
40	136	135
40	136	154
40	136	182
40	141	12
40	141	23
40	141	43
40	141	46
40	141	61
40	141	64
40	141	65
40	141	66
40	141	144
40	141	151
40	142	12
40	142	22
40	142	32
40	142	43
40	142	126
40	142	146
40	143	51
40	143	134
40	144	31
40	144	54
40	144	73
40	144	76
40	144	95
40	144	106
40	144	111
40	144	112
40	144	122
40	144	134
40	145	14
40	145	32
40	145	34
40	145	36
40	145	42
40	145	51
40	145	66
40	145	72
40	145	73
40	145	85
40	145	95
40	145	96
40	145	105
40	145	122
40	145	123
40	145	131
40	145	132
40	146	142
40	146	161
40	151	163
40	153	11
40	153	22
40	153	33
40	153	34
40	153	45
40	153	52
40	153	54
40	154	23
40	154	43
40	154	46
40	154	61
40	154	65
40	154	101
40	154	116
40	154	192
40	154	194
40	156	21
40	156	24
40	156	25
40	156	72
40	156	91
40	156	92
40	156	94
40	156	102
40	156	103
40	156	104
40	156	105
40	156	114
40	156	122
40	156	123
40	156	124
40	156	126
40	156	151
40	156	162
40	161	11
40	161	22
40	161	33
40	161	34
40	161	45
40	161	52
40	161	54
40	161	94
40	161	95
40	161	164
40	162	152
40	162	204
40	163	162
40	164	21
40	164	24
40	164	25
40	164	72
40	164	91
40	164	92
40	164	94
40	164	102
40	164	103
40	164	104
40	164	105
40	164	114
40	164	122
40	164	123
40	164	124
40	165	176
40	166	101
40	166	163
40	166	172
40	166	181
40	166	184
40	166	186
40	171	195
40	172	12
40	172	22
40	172	32
40	172	43
40	172	44
40	172	61
40	173	163
40	173	172
40	173	181
40	174	101
40	174	163
40	174	176
40	175	166
40	175	171
40	176	71
40	176	191
40	176	195
40	181	12
40	181	14
40	181	22
40	181	24
40	181	25
40	181	31
40	181	32
40	181	34
40	181	43
40	181	126
40	181	192
40	182	195
40	183	22
40	183	23
40	183	52
40	183	65
40	183	194
40	185	21
40	186	66
40	186	172
40	186	181
40	192	22
40	192	31
40	192	33
40	192	41
40	192	42
40	192	45
40	192	54
40	192	134
40	193	25
40	193	41
40	193	162
40	193	183
40	194	181
40	194	183
40	195	22
40	195	32
40	195	43
40	195	44
40	195	45
40	195	192
40	196	22
40	196	45
40	196	52
40	196	84
40	196	93
40	196	113
40	201	12
40	201	32
40	201	43
40	201	102
40	201	144
40	203	22
40	203	45
40	203	54
40	204	96
40	205	163
40	205	176
