45	11	12
45	11	22
45	11	31
45	11	41
45	11	43
45	11	45
45	11	92
45	12	24
45	12	25
45	12	43
45	12	44
45	12	63
45	12	64
45	13	12
45	14	22
45	14	32
45	14	43
45	14	126
45	14	146
45	15	12
45	15	22
45	15	24
45	15	25
45	15	31
45	15	32
45	15	34
45	15	43
45	15	44
45	15	45
45	15	126
45	16	14
45	16	116
45	16	133
45	16	191
45	16	192
45	16	194
45	16	195
45	21	33
45	21	34
45	21	43
45	21	45
45	21	82
45	22	32
45	22	43
45	22	44
45	22	192
45	23	11
45	23	41
45	24	22
45	25	53
45	26	12
45	26	14
45	26	32
45	26	36
45	31	21
45	31	22
45	31	43
45	31	92
45	32	12
45	32	22
45	32	43
45	32	44
45	32	61
45	32	101
45	33	102
45	33	126
45	33	192
45	34	32
45	34	126
45	34	146
45	35	22
45	35	43
45	36	12
45	36	23
45	36	24
45	36	61
45	36	63
45	36	65
45	36	101
45	36	116
45	36	164
45	36	192
45	36	194
45	41	21
45	41	24
45	41	25
45	41	31
45	41	44
45	41	45
45	41	64
45	41	66
45	41	115
45	41	144
45	42	101
45	42	113
45	42	114
45	42	192
45	43	45
45	43	52
45	43	54
45	43	66
45	43	72
45	43	94
45	43	95
45	44	22
45	44	34
45	44	52
45	45	32
45	45	43
45	45	126
45	45	146
45	46	45
45	46	54
45	46	66
45	46	71
45	46	72
45	46	101
45	51	24
45	51	25
45	51	63
45	51	114
45	51	116
45	51	122
45	51	191
45	52	14
45	52	23
45	52	46
45	52	61
45	52	65
45	52	116
45	52	133
45	52	191
45	52	192
45	52	194
45	52	195
45	53	83
45	53	115
45	53	116
45	53	141
45	54	23
45	54	46
45	54	61
45	54	65
45	56	14
45	56	55
45	56	116
45	56	191
45	56	192
45	56	194
45	61	101
45	61	163
45	61	176
45	62	41
45	63	164
45	64	53
45	65	14
45	65	36
45	65	44
45	65	51
45	65	76
45	65	181
45	66	22
45	66	32
45	66	43
45	66	126
45	66	146
45	71	11
45	71	45
45	71	52
45	71	53
45	71	54
45	71	61
45	71	81
45	71	82
45	71	83
45	71	102
45	71	161
45	72	22
45	72	33
45	72	34
45	72	51
45	72	71
45	72	84
45	72	93
45	72	94
45	72	95
45	73	76
45	73	86
45	73	91
45	74	23
45	74	65
45	74	86
45	74	146
45	75	151
45	75	162
45	75	172
45	75	181
45	75	183
45	75	184
45	75	186
45	75	194
45	75	195
45	76	74
45	76	94
45	76	95
45	81	22
45	81	71
45	81	72
45	81	74
45	81	85
45	81	86
45	81	91
45	81	94
45	81	95
45	81	96
45	81	105
45	81	122
45	81	123
45	81	132
45	82	11
45	82	52
45	82	54
45	82	72
45	82	73
45	82	74
45	82	95
45	83	22
45	83	32
45	83	43
45	83	94
45	83	95
45	84	23
45	84	65
45	84	71
45	84	72
45	84	73
45	84	74
45	84	92
45	84	94
45	84	95
45	84	101
45	84	102
45	84	106
45	84	121
45	84	123
45	84	124
45	84	125
45	84	126
45	84	131
45	84	133
45	84	135
45	84	146
45	84	154
45	85	11
45	85	33
45	85	52
45	85	72
45	85	73
45	85	94
45	85	96
45	85	102
45	85	123
45	85	134
45	86	23
45	86	46
45	86	65
45	86	71
45	86	72
45	86	73
45	86	74
45	86	76
45	86	83
45	86	94
45	86	101
45	86	102
45	86	106
45	91	101
45	91	106
45	91	115
45	91	132
45	92	12
45	92	22
45	92	24
45	92	31
45	92	43
45	93	81
45	93	82
45	93	83
45	93	85
45	93	101
45	93	105
45	93	161
45	93	162
45	94	86
45	95	22
45	95	32
45	95	43
45	95	126
45	95	146
45	96	33
45	96	41
45	96	81
45	96	82
45	96	85
45	96	91
45	96	92
45	96	103
45	96	104
45	96	105
45	96	111
45	96	112
45	96	161
45	96	162
45	101	14
45	101	24
45	101	25
45	101	32
45	101	36
45	101	72
45	101	85
45	101	91
45	101	102
45	101	103
45	101	105
45	101	123
45	101	124
45	101	132
45	101	162
45	102	83
45	102	115
45	102	176
45	103	23
45	103	61
45	103	65
45	103	101
45	103	116
45	105	12
45	105	22
45	105	32
45	105	43
45	105	126
45	105	146
45	106	71
45	106	72
45	106	74
45	106	81
45	106	82
45	106	85
45	106	91
45	106	94
45	106	95
45	106	96
45	106	105
45	106	111
45	106	121
45	106	123
45	106	124
45	106	125
45	106	146
45	106	162
45	111	25
45	111	64
45	111	71
45	111	72
45	111	74
45	111	92
45	111	94
45	111	95
45	111	101
45	111	102
45	111	116
45	111	133
45	112	72
45	112	73
45	112	74
45	112	76
45	112	92
45	112	102
45	112	103
45	112	104
45	112	106
45	112	126
45	112	163
45	113	71
45	113	72
45	113	73
45	113	74
45	113	92
45	113	94
45	113	95
45	113	101
45	113	102
45	113	103
45	113	105
45	113	106
45	114	12
45	114	14
45	114	32
45	114	36
45	114	41
45	114	42
45	114	51
45	114	85
45	114	86
45	114	91
45	114	92
45	114	94
45	114	95
45	114	96
45	114	102
45	114	103
45	114	104
45	114	105
45	114	122
45	114	123
45	114	126
45	114	131
45	114	132
45	115	126
45	116	11
45	116	33
45	116	34
45	116	45
45	116	52
45	116	54
45	116	73
45	116	95
45	116	145
45	121	31
45	121	54
45	121	76
45	121	95
45	121	106
45	121	126
45	121	134
45	121	145
45	123	11
45	123	113
45	123	114
45	123	121
45	123	131
45	123	132
45	123	135
45	123	182
45	124	23
45	124	43
45	124	45
45	124	46
45	124	61
45	124	64
45	124	65
45	124	66
45	124	114
45	124	115
45	124	116
45	124	122
45	124	123
45	124	132
45	124	141
45	124	144
45	124	183
45	124	192
45	124	194
45	126	23
45	126	43
45	126	46
45	126	64
45	126	65
45	126	114
45	126	115
45	126	121
45	126	132
45	126	141
45	126	146
45	126	195
45	131	22
45	131	32
45	131	43
45	131	192
45	132	64
45	132	82
45	132	85
45	132	112
45	132	116
45	132	121
45	132	122
45	132	135
45	132	141
45	132	146
45	133	23
45	133	65
45	133	116
45	133	141
45	133	146
45	134	124
45	134	131
45	134	133
45	134	135
45	134	154
45	134	182
45	136	124
45	136	125
45	136	131
45	136	133
45	136	134
45	136	135
45	136	154
45	136	182
45	141	144
45	141	151
45	141	161
45	142	12
45	142	22
45	142	32
45	142	43
45	142	126
45	142	146
45	143	51
45	143	134
45	144	31
45	144	54
45	144	73
45	144	76
45	144	95
45	144	106
45	144	111
45	144	112
45	144	122
45	144	134
45	145	131
45	146	142
45	146	161
45	151	163
45	153	11
45	153	22
45	153	33
45	153	34
45	153	45
45	153	52
45	153	54
45	154	23
45	154	43
45	154	46
45	154	61
45	154	65
45	154	101
45	154	116
45	154	192
45	154	194
45	156	21
45	156	24
45	156	25
45	156	72
45	156	91
45	156	92
45	156	94
45	156	102
45	156	103
45	156	104
45	156	105
45	156	114
45	156	122
45	156	123
45	156	124
45	156	126
45	156	151
45	156	162
45	161	11
45	161	22
45	161	33
45	161	34
45	161	45
45	161	52
45	161	54
45	161	94
45	161	95
45	161	164
45	162	152
45	162	204
45	163	162
45	164	21
45	164	24
45	164	25
45	164	72
45	164	91
45	164	92
45	164	94
45	164	102
45	164	103
45	164	104
45	164	105
45	164	114
45	164	122
45	164	123
45	164	124
45	165	176
45	166	101
45	166	163
45	166	172
45	166	181
45	166	184
45	166	186
45	171	191
45	172	12
45	172	22
45	172	32
45	172	43
45	172	44
45	172	61
45	174	101
45	174	163
45	174	176
45	175	166
45	175	171
45	176	71
45	176	191
45	176	195
45	181	12
45	181	14
45	181	22
45	181	24
45	181	25
45	181	31
45	181	32
45	181	34
45	181	43
45	181	126
45	181	192
45	182	195
45	183	22
45	183	23
45	183	43
45	183	52
45	183	65
45	183	116
45	185	21
45	185	31
45	186	33
45	186	34
45	186	43
45	186	66
45	186	172
45	193	31
45	193	41
45	193	82
45	193	123
45	193	126
45	193	162
45	193	183
45	194	181
45	194	183
45	195	22
45	195	32
45	195	43
45	195	44
45	195	82
45	195	192
45	196	11
45	196	22
45	196	52
45	196	84
45	196	93
45	196	111
45	196	112
45	196	113
45	201	12
45	201	32
45	201	43
45	201	102
45	201	144
45	203	22
45	203	54
45	203	81
45	203	82
45	203	131
45	204	96
45	205	101
45	205	163
45	205	176
45	206	12
45	206	22
45	206	43
