50	11	12
50	11	22
50	11	31
50	11	41
50	11	43
50	11	45
50	11	92
50	12	24
50	12	25
50	12	43
50	12	44
50	12	63
50	12	64
50	13	12
50	14	22
50	14	32
50	14	43
50	14	126
50	14	146
50	15	12
50	15	22
50	15	24
50	15	25
50	15	31
50	15	32
50	15	34
50	15	43
50	15	44
50	15	45
50	15	126
50	15	146
50	16	14
50	16	116
50	16	133
50	16	191
50	16	192
50	16	194
50	16	195
50	21	33
50	21	34
50	21	43
50	21	45
50	21	82
50	22	32
50	22	43
50	22	44
50	22	192
50	23	11
50	23	41
50	24	22
50	26	12
50	26	14
50	26	32
50	26	36
50	31	21
50	31	22
50	31	43
50	31	92
50	32	12
50	32	22
50	32	43
50	32	44
50	32	61
50	32	101
50	33	102
50	33	126
50	33	192
50	34	32
50	34	126
50	34	146
50	35	22
50	35	43
50	36	12
50	36	23
50	36	24
50	36	61
50	36	63
50	36	65
50	36	101
50	36	116
50	36	164
50	36	192
50	36	194
50	41	21
50	41	24
50	41	25
50	41	31
50	41	44
50	41	45
50	41	64
50	41	66
50	41	115
50	41	144
50	42	101
50	42	113
50	42	114
50	42	192
50	43	45
50	43	52
50	43	54
50	43	66
50	43	72
50	43	94
50	43	95
50	44	22
50	44	34
50	44	52
50	45	32
50	45	43
50	45	126
50	45	146
50	46	45
50	46	54
50	46	66
50	46	124
50	51	24
50	51	25
50	51	63
50	51	114
50	51	116
50	51	122
50	51	191
50	52	14
50	52	23
50	52	46
50	52	61
50	52	65
50	52	116
50	52	133
50	52	191
50	52	192
50	52	194
50	52	195
50	53	12
50	53	44
50	53	55
50	53	61
50	53	113
50	53	114
50	53	115
50	53	116
50	53	141
50	53	182
50	53	192
50	53	194
50	54	23
50	54	46
50	54	61
50	54	65
50	56	14
50	56	55
50	56	116
50	56	191
50	56	192
50	56	194
50	61	101
50	61	163
50	61	176
50	62	41
50	63	164
50	64	53
50	65	12
50	65	14
50	65	32
50	65	36
50	65	51
50	66	22
50	66	32
50	66	43
50	66	126
50	66	146
50	71	11
50	71	44
50	71	45
50	71	52
50	71	54
50	71	61
50	71	81
50	71	82
50	71	83
50	71	85
50	71	91
50	71	102
50	71	111
50	71	112
50	71	113
50	71	161
50	72	22
50	72	33
50	72	34
50	72	51
50	72	71
50	72	84
50	72	93
50	72	94
50	72	95
50	73	76
50	73	85
50	73	86
50	73	91
50	73	96
50	75	151
50	75	162
50	75	172
50	75	181
50	75	183
50	75	184
50	75	186
50	75	194
50	75	195
50	76	74
50	76	94
50	76	95
50	81	22
50	81	71
50	81	74
50	81	94
50	81	95
50	82	11
50	82	33
50	82	34
50	82	52
50	82	54
50	82	73
50	83	22
50	83	32
50	83	43
50	83	146
50	84	71
50	84	72
50	84	73
50	84	74
50	84	76
50	84	91
50	84	92
50	84	94
50	84	95
50	84	96
50	84	101
50	84	102
50	84	106
50	84	123
50	84	126
50	84	133
50	85	11
50	85	33
50	85	34
50	85	52
50	85	72
50	85	73
50	85	102
50	85	134
50	86	11
50	86	71
50	86	72
50	86	73
50	86	74
50	86	76
50	86	83
50	86	85
50	86	94
50	86	96
50	86	101
50	86	102
50	86	111
50	86	141
50	91	101
50	91	163
50	91	176
50	92	12
50	92	24
50	92	31
50	92	43
50	92	44
50	92	45
50	93	11
50	93	81
50	93	82
50	93	85
50	93	91
50	93	101
50	93	112
50	93	161
50	93	162
50	95	12
50	95	22
50	95	32
50	95	43
50	95	126
50	95	146
50	96	33
50	96	41
50	96	81
50	96	82
50	96	85
50	96	91
50	96	92
50	96	103
50	96	104
50	96	105
50	96	111
50	96	112
50	96	161
50	96	162
50	101	14
50	101	24
50	101	25
50	101	32
50	101	36
50	101	72
50	101	85
50	101	91
50	101	102
50	101	103
50	101	105
50	101	121
50	101	123
50	101	124
50	101	132
50	101	162
50	102	83
50	102	115
50	102	176
50	103	23
50	103	61
50	103	65
50	103	116
50	105	22
50	105	32
50	105	43
50	105	126
50	105	146
50	106	72
50	106	73
50	106	74
50	106	82
50	106	85
50	106	91
50	106	94
50	106	95
50	106	96
50	106	101
50	106	102
50	106	103
50	106	105
50	106	114
50	106	121
50	106	122
50	106	123
50	106	124
50	106	125
50	106	126
50	106	131
50	106	132
50	106	141
50	111	24
50	111	25
50	111	43
50	111	64
50	111	86
50	111	94
50	111	102
50	111	104
50	111	114
50	111	116
50	111	121
50	111	123
50	111	124
50	111	132
50	111	133
50	112	71
50	112	72
50	112	73
50	112	74
50	112	76
50	112	91
50	112	92
50	112	95
50	112	101
50	112	102
50	112	103
50	112	104
50	112	106
50	112	126
50	112	163
50	113	22
50	113	74
50	113	94
50	113	95
50	113	102
50	113	103
50	113	104
50	113	105
50	113	111
50	113	121
50	113	124
50	113	125
50	113	132
50	114	12
50	114	14
50	114	32
50	114	36
50	114	41
50	114	42
50	114	51
50	114	85
50	114	86
50	114	91
50	114	92
50	114	94
50	114	95
50	114	96
50	114	102
50	114	103
50	114	104
50	114	105
50	114	122
50	114	123
50	114	126
50	114	131
50	114	132
50	115	126
50	116	11
50	116	22
50	116	33
50	116	34
50	116	45
50	116	52
50	116	54
50	116	73
50	116	94
50	116	95
50	121	31
50	121	54
50	121	76
50	121	95
50	121	106
50	121	126
50	121	134
50	121	145
50	122	111
50	122	112
50	123	11
50	123	113
50	123	114
50	123	121
50	123	131
50	123	132
50	123	135
50	123	182
50	124	23
50	124	43
50	124	45
50	124	46
50	124	61
50	124	64
50	124	65
50	124	66
50	124	114
50	124	115
50	124	116
50	124	122
50	124	123
50	124	132
50	124	141
50	124	144
50	124	183
50	124	192
50	124	194
50	126	23
50	126	43
50	126	46
50	126	64
50	126	65
50	126	115
50	126	146
50	126	195
50	131	22
50	131	32
50	131	43
50	132	64
50	132	114
50	132	116
50	132	122
50	132	141
50	132	183
50	132	192
50	132	194
50	133	23
50	133	65
50	133	116
50	133	141
50	133	144
50	133	146
50	134	131
50	134	182
50	136	124
50	136	125
50	136	131
50	136	133
50	136	134
50	136	135
50	136	154
50	136	182
50	141	151
50	142	12
50	142	22
50	142	32
50	142	43
50	142	126
50	142	146
50	143	51
50	143	134
50	144	31
50	144	54
50	144	73
50	144	76
50	144	95
50	144	106
50	144	111
50	144	112
50	144	122
50	144	134
50	145	131
50	146	142
50	146	161
50	151	163
50	153	11
50	153	22
50	153	33
50	153	34
50	153	45
50	153	52
50	153	54
50	154	23
50	154	43
50	154	46
50	154	61
50	154	65
50	154	101
50	154	116
50	154	192
50	154	194
50	156	21
50	156	24
50	156	25
50	156	72
50	156	91
50	156	92
50	156	94
50	156	102
50	156	103
50	156	104
50	156	105
50	156	114
50	156	122
50	156	123
50	156	124
50	156	126
50	156	151
50	156	162
50	161	11
50	161	22
50	161	33
50	161	34
50	161	45
50	161	52
50	161	54
50	161	94
50	161	95
50	161	164
50	162	152
50	162	204
50	163	162
50	164	21
50	164	24
50	164	25
50	164	72
50	164	91
50	164	92
50	164	94
50	164	102
50	164	103
50	164	104
50	164	105
50	164	114
50	164	122
50	164	123
50	164	124
50	165	176
50	166	101
50	166	163
50	166	172
50	166	181
50	166	184
50	166	186
50	171	191
50	172	12
50	172	22
50	172	32
50	172	43
50	172	44
50	172	61
50	174	101
50	174	163
50	174	176
50	175	166
50	175	171
50	176	71
50	176	191
50	176	195
50	181	12
50	181	14
50	181	22
50	181	24
50	181	25
50	181	32
50	181	34
50	181	43
50	181	126
50	181	192
50	182	195
50	183	22
50	183	23
50	183	43
50	183	52
50	183	65
50	183	116
50	185	21
50	185	31
50	186	42
50	186	66
50	186	163
50	186	172
50	186	181
50	193	31
50	193	41
50	193	45
50	193	162
50	193	183
50	194	181
50	194	183
50	195	22
50	195	32
50	195	34
50	195	43
50	195	82
50	195	192
50	196	11
50	196	22
50	196	52
50	196	84
50	196	93
50	196	113
50	201	12
50	201	32
50	201	43
50	201	144
50	203	22
50	203	52
50	204	96
50	205	101
50	205	163
50	205	176
50	206	12
50	206	22
50	206	43
