55	11	12
55	11	22
55	11	31
55	11	41
55	11	43
55	11	45
55	11	92
55	12	24
55	12	25
55	12	43
55	12	44
55	12	63
55	12	64
55	13	12
55	14	22
55	14	32
55	14	43
55	14	126
55	14	146
55	15	12
55	15	22
55	15	24
55	15	25
55	15	31
55	15	32
55	15	34
55	15	43
55	15	44
55	15	45
55	15	126
55	15	146
55	16	14
55	16	116
55	16	133
55	16	191
55	16	192
55	16	194
55	16	195
55	21	33
55	21	34
55	21	43
55	21	45
55	21	82
55	22	32
55	22	43
55	22	44
55	22	192
55	23	11
55	23	41
55	24	11
55	26	12
55	26	14
55	26	32
55	26	36
55	31	21
55	31	22
55	31	43
55	31	44
55	31	92
55	32	12
55	32	22
55	32	43
55	32	44
55	32	61
55	32	101
55	33	43
55	33	192
55	34	32
55	34	126
55	34	146
55	35	22
55	35	25
55	35	32
55	35	43
55	35	126
55	35	146
55	36	12
55	36	23
55	36	24
55	36	43
55	36	46
55	36	61
55	36	63
55	36	65
55	36	101
55	36	116
55	36	141
55	36	192
55	36	194
55	41	21
55	41	24
55	41	25
55	41	31
55	41	44
55	41	45
55	41	64
55	41	66
55	41	115
55	41	144
55	42	23
55	42	65
55	42	101
55	42	113
55	42	114
55	42	192
55	43	33
55	43	34
55	43	52
55	43	54
55	43	66
55	43	72
55	43	94
55	43	95
55	44	22
55	44	34
55	44	45
55	44	52
55	45	32
55	45	43
55	45	126
55	45	146
55	46	45
55	46	54
55	46	66
55	51	24
55	51	25
55	51	63
55	51	101
55	51	116
55	51	122
55	51	191
55	52	14
55	52	23
55	52	46
55	52	61
55	52	65
55	52	116
55	52	133
55	52	191
55	52	192
55	52	194
55	52	195
55	53	12
55	53	44
55	53	55
55	53	61
55	53	113
55	53	114
55	53	115
55	53	116
55	53	141
55	53	182
55	53	192
55	53	194
55	54	23
55	54	46
55	54	61
55	54	65
55	56	14
55	56	55
55	56	116
55	56	191
55	56	192
55	56	194
55	61	101
55	61	163
55	61	176
55	62	41
55	63	164
55	64	53
55	65	12
55	65	14
55	65	32
55	65	36
55	65	51
55	66	22
55	66	32
55	66	43
55	66	126
55	66	146
55	71	11
55	71	44
55	71	45
55	71	52
55	71	54
55	71	61
55	71	81
55	71	82
55	71	83
55	71	85
55	71	91
55	71	102
55	71	111
55	71	112
55	71	113
55	71	161
55	72	22
55	72	33
55	72	34
55	72	51
55	72	71
55	72	84
55	72	93
55	72	94
55	72	95
55	73	53
55	73	76
55	73	81
55	73	82
55	73	83
55	73	85
55	73	86
55	73	91
55	73	96
55	73	111
55	75	151
55	75	162
55	75	172
55	75	181
55	75	183
55	75	184
55	75	186
55	75	194
55	75	195
55	76	74
55	76	94
55	76	95
55	81	22
55	81	71
55	81	72
55	81	74
55	81	94
55	81	95
55	82	11
55	82	33
55	82	34
55	82	45
55	82	52
55	82	54
55	82	72
55	82	73
55	83	22
55	83	32
55	83	43
55	83	146
55	84	31
55	84	54
55	84	71
55	84	72
55	84	73
55	84	74
55	84	76
55	84	91
55	84	92
55	84	94
55	84	95
55	84	96
55	84	101
55	84	102
55	84	103
55	84	106
55	84	123
55	84	126
55	84	133
55	85	11
55	85	33
55	85	34
55	85	45
55	85	52
55	85	73
55	85	134
55	86	11
55	86	71
55	86	72
55	86	73
55	86	74
55	86	76
55	86	83
55	86	85
55	86	94
55	86	96
55	86	101
55	86	102
55	86	111
55	86	141
55	91	101
55	91	163
55	91	176
55	92	12
55	92	21
55	92	22
55	92	24
55	92	31
55	92	43
55	92	44
55	92	45
55	93	11
55	93	81
55	93	82
55	93	85
55	93	91
55	93	101
55	93	112
55	93	161
55	93	162
55	95	12
55	95	22
55	95	32
55	95	43
55	95	126
55	95	146
55	96	33
55	96	41
55	96	81
55	96	82
55	96	85
55	96	91
55	96	92
55	96	103
55	96	104
55	96	105
55	96	111
55	96	112
55	96	161
55	96	162
55	101	14
55	101	24
55	101	25
55	101	32
55	101	36
55	101	72
55	101	85
55	101	91
55	101	102
55	101	103
55	101	105
55	101	123
55	101	124
55	101	132
55	101	162
55	102	83
55	102	115
55	102	176
55	103	23
55	103	61
55	103	65
55	103	116
55	104	163
55	104	176
55	105	22
55	105	32
55	105	43
55	105	126
55	105	146
55	106	72
55	106	73
55	106	74
55	106	82
55	106	85
55	106	91
55	106	94
55	106	95
55	106	96
55	106	101
55	106	102
55	106	103
55	106	105
55	106	114
55	106	121
55	106	122
55	106	123
55	106	124
55	106	125
55	106	126
55	106	131
55	106	132
55	106	141
55	111	24
55	111	25
55	111	43
55	111	64
55	111	85
55	111	86
55	111	94
55	111	114
55	111	116
55	111	123
55	111	124
55	111	133
55	111	183
55	111	192
55	111	194
55	112	73
55	112	102
55	112	103
55	112	104
55	112	121
55	112	124
55	112	125
55	112	131
55	112	163
55	113	22
55	113	74
55	113	94
55	113	95
55	113	102
55	113	103
55	113	104
55	113	105
55	113	111
55	113	121
55	113	124
55	113	125
55	113	132
55	114	12
55	114	14
55	114	32
55	114	33
55	114	34
55	114	36
55	114	41
55	114	42
55	114	51
55	114	85
55	114	86
55	114	92
55	114	103
55	114	104
55	115	126
55	116	11
55	116	22
55	116	33
55	116	34
55	116	45
55	116	52
55	116	54
55	116	73
55	116	94
55	116	95
55	121	31
55	121	54
55	121	76
55	121	95
55	121	106
55	121	126
55	121	134
55	121	145
55	122	111
55	122	112
55	123	11
55	123	113
55	123	114
55	123	121
55	123	131
55	123	132
55	123	135
55	123	182
55	124	23
55	124	43
55	124	45
55	124	46
55	124	61
55	124	64
55	124	65
55	124	66
55	124	114
55	124	115
55	124	116
55	124	122
55	124	123
55	124	132
55	124	141
55	124	144
55	124	183
55	124	192
55	124	194
55	126	23
55	126	43
55	126	46
55	126	64
55	126	65
55	126	115
55	126	146
55	126	195
55	131	22
55	131	32
55	131	43
55	132	33
55	132	82
55	132	112
55	132	114
55	132	116
55	132	122
55	132	123
55	132	141
55	132	183
55	132	192
55	132	194
55	133	23
55	133	65
55	133	116
55	133	141
55	133	144
55	133	146
55	134	131
55	134	182
55	136	124
55	136	125
55	136	131
55	136	133
55	136	134
55	136	135
55	136	154
55	136	182
55	141	151
55	142	12
55	142	22
55	142	32
55	142	43
55	142	126
55	142	146
55	143	51
55	143	134
55	144	31
55	144	54
55	144	73
55	144	76
55	144	95
55	144	106
55	144	111
55	144	112
55	144	122
55	144	134
55	145	131
55	146	142
55	146	161
55	151	163
55	153	11
55	153	22
55	153	33
55	153	34
55	153	45
55	153	52
55	153	54
55	154	23
55	154	43
55	154	46
55	154	61
55	154	65
55	154	101
55	154	116
55	154	192
55	154	194
55	156	21
55	156	24
55	156	25
55	156	72
55	156	91
55	156	92
55	156	94
55	156	102
55	156	103
55	156	104
55	156	105
55	156	114
55	156	122
55	156	123
55	156	124
55	156	126
55	156	151
55	156	162
55	161	11
55	161	22
55	161	33
55	161	34
55	161	45
55	161	52
55	161	54
55	161	94
55	161	95
55	161	164
55	162	22
55	162	32
55	162	41
55	162	152
55	162	191
55	162	204
55	163	162
55	164	21
55	164	24
55	164	25
55	164	72
55	164	91
55	164	92
55	164	94
55	164	102
55	164	103
55	164	104
55	164	105
55	164	114
55	164	122
55	164	123
55	164	124
55	164	126
55	165	176
55	166	101
55	166	163
55	166	172
55	166	181
55	166	184
55	166	186
55	171	191
55	172	12
55	172	22
55	172	32
55	172	43
55	172	44
55	172	61
55	174	101
55	174	163
55	174	176
55	175	166
55	175	171
55	176	71
55	176	191
55	176	195
55	181	12
55	181	14
55	181	22
55	181	24
55	181	25
55	181	31
55	181	32
55	181	34
55	181	43
55	181	126
55	181	192
55	182	195
55	183	22
55	183	23
55	183	43
55	183	52
55	183	54
55	183	61
55	183	65
55	183	116
55	185	21
55	185	31
55	186	32
55	186	42
55	186	66
55	186	163
55	186	172
55	186	181
55	191	101
55	191	176
55	193	31
55	193	41
55	193	45
55	193	162
55	193	183
55	194	181
55	194	183
55	195	22
55	195	32
55	195	43
55	195	82
55	195	192
55	196	11
55	196	45
55	196	52
55	196	54
55	196	106
55	196	112
55	196	132
55	201	12
55	201	32
55	201	43
55	201	144
55	203	33
55	203	34
55	203	52
55	203	54
55	203	76
55	203	82
55	204	83
55	204	96
55	204	101
55	205	101
55	205	163
55	205	176
55	206	12
55	206	22
55	206	41
55	206	43
55	206	115
