60	11	12
60	11	22
60	11	31
60	11	41
60	11	43
60	11	45
60	11	92
60	12	24
60	12	25
60	12	31
60	12	43
60	12	44
60	12	63
60	12	64
60	12	66
60	12	144
60	13	12
60	14	22
60	14	32
60	14	43
60	14	146
60	15	12
60	15	22
60	15	24
60	15	25
60	15	31
60	15	32
60	15	34
60	15	43
60	15	44
60	15	45
60	15	126
60	15	146
60	16	14
60	16	116
60	16	133
60	16	191
60	16	192
60	16	194
60	16	195
60	21	33
60	21	34
60	21	43
60	21	45
60	21	82
60	22	32
60	22	43
60	22	44
60	22	192
60	23	11
60	23	41
60	24	11
60	26	12
60	26	14
60	26	32
60	26	36
60	31	21
60	31	22
60	31	43
60	31	44
60	31	92
60	32	12
60	32	22
60	32	43
60	32	44
60	32	61
60	32	101
60	33	43
60	33	192
60	34	32
60	34	43
60	34	126
60	34	146
60	35	22
60	35	32
60	35	43
60	35	126
60	35	146
60	36	12
60	36	23
60	36	24
60	36	43
60	36	46
60	36	61
60	36	63
60	36	65
60	36	101
60	36	116
60	36	141
60	36	192
60	36	194
60	41	21
60	41	24
60	41	25
60	41	31
60	41	44
60	41	45
60	41	64
60	41	66
60	41	115
60	41	144
60	42	23
60	42	65
60	42	101
60	42	113
60	42	114
60	42	163
60	42	176
60	42	192
60	43	33
60	43	34
60	43	52
60	43	54
60	43	66
60	43	82
60	43	106
60	44	22
60	44	52
60	44	95
60	45	32
60	45	43
60	45	126
60	45	146
60	46	45
60	46	54
60	46	66
60	51	24
60	51	25
60	51	63
60	51	101
60	51	116
60	51	122
60	51	191
60	52	14
60	52	23
60	52	46
60	52	61
60	52	65
60	52	116
60	52	133
60	52	191
60	52	192
60	52	194
60	52	195
60	53	12
60	53	44
60	53	55
60	53	61
60	53	113
60	53	114
60	53	115
60	53	116
60	53	141
60	53	182
60	53	192
60	53	194
60	54	23
60	54	46
60	54	61
60	54	65
60	56	14
60	56	55
60	56	116
60	56	191
60	56	192
60	56	194
60	61	101
60	61	163
60	61	176
60	62	41
60	63	83
60	63	115
60	64	53
60	65	12
60	65	14
60	65	32
60	65	36
60	65	51
60	66	22
60	66	32
60	66	43
60	66	126
60	66	146
60	71	11
60	71	44
60	71	45
60	71	52
60	71	54
60	71	61
60	71	81
60	71	82
60	71	83
60	71	85
60	71	91
60	71	102
60	71	111
60	71	112
60	71	113
60	71	161
60	72	22
60	72	33
60	72	34
60	72	51
60	72	71
60	72	84
60	72	93
60	72	95
60	73	53
60	73	76
60	73	81
60	73	82
60	73	83
60	73	85
60	73	86
60	73	91
60	73	96
60	73	111
60	75	151
60	75	161
60	75	162
60	75	172
60	75	181
60	75	183
60	75	184
60	75	186
60	75	194
60	75	195
60	76	74
60	76	94
60	76	95
60	81	22
60	81	71
60	81	72
60	81	74
60	81	94
60	81	95
60	82	52
60	82	54
60	82	66
60	82	73
60	82	92
60	83	22
60	83	32
60	83	43
60	83	146
60	84	31
60	84	54
60	84	71
60	84	72
60	84	73
60	84	74
60	84	76
60	84	91
60	84	94
60	84	95
60	84	101
60	84	102
60	84	106
60	84	111
60	84	112
60	84	126
60	85	33
60	85	34
60	85	45
60	85	51
60	85	52
60	86	11
60	86	71
60	86	72
60	86	73
60	86	74
60	86	76
60	86	83
60	86	85
60	86	94
60	86	96
60	86	101
60	86	102
60	86	111
60	86	141
60	91	163
60	91	176
60	92	12
60	92	22
60	92	24
60	92	43
60	92	45
60	93	11
60	93	81
60	93	82
60	93	85
60	93	91
60	93	101
60	93	112
60	93	161
60	93	162
60	95	12
60	95	22
60	95	32
60	95	43
60	95	126
60	95	146
60	96	33
60	96	41
60	96	81
60	96	82
60	96	85
60	96	91
60	96	92
60	96	103
60	96	104
60	96	105
60	96	111
60	96	112
60	96	161
60	96	162
60	101	14
60	101	24
60	101	25
60	101	32
60	101	36
60	101	72
60	101	85
60	101	91
60	101	102
60	101	103
60	101	105
60	101	123
60	101	124
60	101	132
60	101	162
60	102	83
60	102	115
60	102	176
60	103	23
60	103	61
60	103	65
60	103	116
60	104	163
60	104	176
60	105	22
60	105	32
60	105	43
60	105	126
60	105	146
60	106	72
60	106	73
60	106	74
60	106	82
60	106	85
60	106	91
60	106	94
60	106	95
60	106	96
60	106	101
60	106	102
60	106	103
60	106	105
60	106	114
60	106	121
60	106	122
60	106	123
60	106	124
60	106	125
60	106	126
60	106	131
60	106	132
60	106	141
60	111	24
60	111	25
60	111	43
60	111	64
60	111	85
60	111	86
60	111	94
60	111	114
60	111	116
60	111	123
60	111	124
60	111	133
60	111	162
60	111	183
60	111	192
60	111	194
60	112	72
60	112	73
60	112	101
60	112	102
60	112	103
60	112	104
60	112	121
60	112	124
60	112	125
60	112	126
60	112	131
60	112	163
60	113	101
60	113	102
60	113	103
60	113	104
60	113	105
60	113	121
60	113	124
60	113	125
60	113	126
60	113	132
60	113	141
60	114	12
60	114	14
60	114	32
60	114	33
60	114	34
60	114	36
60	114	41
60	114	42
60	114	51
60	114	85
60	114	86
60	114	92
60	114	103
60	114	104
60	115	126
60	116	11
60	116	22
60	116	33
60	116	34
60	116	45
60	116	52
60	116	54
60	116	73
60	116	95
60	121	31
60	121	54
60	121	76
60	121	95
60	121	106
60	121	126
60	121	134
60	121	145
60	122	111
60	122	112
60	123	11
60	123	113
60	123	114
60	123	121
60	123	131
60	123	132
60	123	135
60	123	182
60	124	23
60	124	43
60	124	45
60	124	46
60	124	61
60	124	64
60	124	65
60	124	66
60	124	114
60	124	115
60	124	116
60	124	122
60	124	123
60	124	132
60	124	141
60	124	144
60	124	183
60	124	192
60	124	194
60	126	23
60	126	43
60	126	46
60	126	64
60	126	65
60	126	115
60	126	146
60	126	195
60	131	22
60	131	32
60	131	43
60	132	82
60	132	112
60	132	114
60	132	116
60	132	122
60	132	123
60	132	141
60	132	183
60	132	192
60	132	194
60	133	23
60	133	65
60	133	116
60	133	141
60	133	144
60	133	146
60	134	131
60	134	182
60	136	124
60	136	125
60	136	131
60	136	133
60	136	134
60	136	135
60	136	154
60	136	182
60	141	151
60	142	12
60	142	22
60	142	32
60	142	43
60	142	126
60	142	146
60	143	51
60	143	134
60	144	31
60	144	54
60	144	73
60	144	76
60	144	95
60	144	106
60	144	111
60	144	112
60	144	122
60	144	134
60	145	131
60	146	142
60	146	161
60	151	163
60	153	52
60	153	54
60	153	66
60	153	95
60	154	23
60	154	43
60	154	46
60	154	61
60	154	65
60	154	101
60	154	116
60	154	192
60	154	194
60	156	21
60	156	24
60	156	25
60	156	72
60	156	91
60	156	92
60	156	94
60	156	102
60	156	103
60	156	104
60	156	105
60	156	114
60	156	122
60	156	123
60	156	124
60	156	126
60	156	151
60	156	162
60	161	94
60	161	164
60	162	12
60	162	22
60	162	32
60	162	152
60	162	191
60	162	204
60	163	162
60	164	21
60	164	24
60	164	25
60	164	72
60	164	91
60	164	92
60	164	94
60	164	102
60	164	103
60	164	104
60	164	105
60	164	114
60	164	122
60	164	123
60	164	124
60	164	126
60	165	176
60	166	101
60	166	163
60	166	172
60	166	181
60	166	184
60	166	186
60	171	191
60	172	12
60	172	22
60	172	32
60	172	43
60	172	44
60	172	61
60	174	101
60	174	163
60	174	176
60	175	166
60	175	171
60	176	71
60	176	191
60	176	195
60	181	12
60	181	14
60	181	22
60	181	24
60	181	25
60	181	32
60	181	34
60	181	43
60	181	126
60	181	192
60	182	195
60	183	22
60	183	23
60	183	43
60	183	52
60	183	54
60	183	61
60	183	65
60	183	116
60	186	32
60	186	42
60	186	66
60	186	163
60	186	172
60	186	181
60	191	101
60	191	176
60	193	161
60	193	162
60	193	181
60	193	183
60	194	181
60	194	183
60	195	22
60	195	32
60	195	43
60	195	82
60	195	192
60	196	11
60	196	33
60	196	45
60	196	52
60	196	54
60	196	82
60	196	106
60	196	172
60	201	12
60	201	43
60	201	144
60	203	33
60	203	34
60	203	45
60	203	52
60	203	54
60	203	76
60	203	82
60	204	83
60	204	96
60	204	101
60	204	176
60	205	101
60	205	163
60	205	176
60	206	22
60	206	32
60	206	41
60	206	43
60	206	126
60	206	146
