10	1	6
10	1	8
10	1	10
10	2	6
10	2	7
10	2	10
10	2	15
10	3	7
10	3	10
10	3	11
10	4	8
10	4	10
10	5	1
10	5	10
10	5	17
10	6	1
10	6	8
10	6	10
10	7	10
10	8	1
10	8	6
10	8	10
10	9	10
10	10	1
10	10	6
10	11	1
10	11	6
10	11	10
10	12	7
10	12	10
10	13	6
10	13	7
10	13	10
10	14	1
10	14	6
10	14	7
10	14	8
10	14	10
10	14	15
10	14	17
10	15	1
10	15	6
10	15	7
10	15	10
10	16	1
10	16	6
10	16	7
10	16	8
10	16	10
10	16	15
10	16	17
10	17	1
10	17	6
10	17	7
10	17	8
10	17	10
10	17	15
10	18	1
10	18	6
10	18	7
10	18	8
10	18	10
10	18	11
10	18	17
10	19	1
10	19	6
10	19	7
10	19	8
10	19	10
10	19	11
10	19	17
