10	1	7
10	1	8
10	1	9
10	1	11
10	1	14
10	2	7
10	2	8
10	2	9
10	2	10
10	2	11
10	2	14
10	3	8
10	3	9
10	3	10
10	3	11
10	3	14
10	4	8
10	4	9
10	4	10
10	4	11
10	4	14
10	5	7
10	5	8
10	5	9
10	5	10
10	5	11
10	5	14
10	6	7
10	6	8
10	6	9
10	6	10
10	6	11
10	6	14
10	7	14
10	8	14
10	9	14
10	10	8
10	10	14
10	11	8
10	11	14
10	11	16
10	12	7
10	12	8
10	12	14
10	13	7
10	13	8
10	13	9
10	13	10
10	13	14
10	14	7
10	14	8
10	14	9
10	14	10
10	14	11
10	14	15
10	15	7
10	15	8
10	15	9
10	15	10
10	15	11
10	15	14
10	16	7
10	16	8
10	16	9
10	16	10
10	16	11
10	16	14
10	16	15
10	17	7
10	17	8
10	17	9
10	17	10
10	17	11
10	17	14
10	18	7
10	18	8
10	18	9
10	18	10
10	18	11
10	18	14
10	19	7
10	19	8
10	19	9
10	19	10
10	19	11
10	19	14
