15	1	7
15	1	8
15	1	9
15	1	11
15	1	14
15	2	7
15	2	8
15	2	9
15	2	11
15	2	14
15	2	15
15	3	7
15	3	8
15	3	9
15	3	10
15	3	11
15	3	14
15	4	8
15	4	9
15	4	10
15	4	11
15	4	14
15	4	15
15	5	7
15	5	8
15	5	9
15	5	11
15	5	14
15	5	15
15	6	8
15	6	9
15	6	11
15	6	14
15	6	15
15	7	8
15	7	15
15	8	14
15	8	15
15	9	4
15	9	7
15	9	8
15	9	14
15	9	15
15	10	7
15	10	8
15	10	14
15	11	8
15	11	15
15	12	4
15	12	7
15	12	8
15	12	14
15	12	15
15	13	7
15	13	8
15	13	9
15	13	14
15	14	7
15	14	8
15	14	9
15	14	11
15	14	15
15	15	7
15	15	8
15	15	9
15	15	11
15	15	14
15	16	4
15	16	7
15	16	8
15	16	9
15	16	11
15	16	14
15	16	15
15	17	7
15	17	8
15	17	9
15	17	11
15	17	14
15	17	15
15	18	4
15	18	7
15	18	8
15	18	9
15	18	14
15	19	4
15	19	7
15	19	8
15	19	9
15	19	11
15	19	14
