20	1	14
20	2	7
20	2	8
20	2	14
20	3	9
20	3	10
20	3	14
20	4	8
20	4	9
20	4	10
20	4	14
20	5	7
20	5	8
20	5	9
20	5	10
20	5	11
20	5	14
20	5	15
20	6	14
20	7	8
20	7	14
20	7	15
20	8	14
20	8	15
20	9	4
20	9	7
20	9	14
20	10	4
20	10	7
20	10	8
20	10	14
20	11	8
20	11	14
20	11	15
20	12	4
20	12	7
20	12	8
20	12	14
20	13	8
20	13	14
20	15	4
20	15	7
20	15	8
20	15	9
20	15	10
20	15	11
20	15	14
20	16	7
20	16	8
20	16	9
20	16	10
20	16	14
20	16	15
20	17	7
20	17	8
20	17	9
20	17	10
20	17	11
20	17	14
20	18	7
20	18	8
20	18	14
20	18	16
20	19	4
20	19	7
20	19	8
20	19	10
20	19	14
