X	aaacttatcatgcaagcaggcacattcaca	23541305
X	aaagaacttcgccgactattcacggcacat	23444199
X	aaagagggcagtcaaatctgcttaggtcag	5390052,5392685,6445593,6450880,9798813,9805394,11633707,11640290,14157883,14163069,17893887,17896202,21536078,21552764,21965355,21971939,22771796,22774616
X	aaataaataggaaaggaaattagttggact	7846598
X	aaatacgatctaacgcttatacataagccg	22137451,22137451
X	aaataggaaaggaaattagttggactcccg	7846602
X	aaatagtttcacgactttattctttggatc	5389906,5392539,6445447,6450734,9798667,9805248,11633561,11640144,14157737,14162923,17893741,17896056,21535932,21552618,21965209,21971793,22771650,22774470
X	aaatatggattgtcatacctcgttgagttc	11532237,11559253,11559612
X	aaatatggattgttatacctcgttgagttc	11558893
X	aaatattcctggaggcatgtgtaacgcata	3465496,7847102
X	aaatctgcttaggtcaggctttaggatgtt	5390065,5392698,6445606,6450893,9798826,9805407,11633720,11640303,14157896,14163082,17893900,17896215,21536091,21552777,21965368,21971952,22771809,22774629
X	aaatgctcagggagcgattgaatttcacca	11272975
X	aaatggataatcaatctttaggttcttatt	3464507
X	aaattactagagtgcattactgatttcttt	5390156,5392789,6445697,6450984,9798917,9805498,11633811,11640394,14157987,14163173,17893991,17896306,21536182,21552868,21965459,21972043,22771900,22774720
X	aaattcaatcgctccctgagcatttgggcc	11310507
X	aaattccctttcgaatagcattcacagtta	11310180
X	aaattcggaatacgatttagttgatttagc	11273083
X	aaatttgagtggccgaagacagcaagcaga	3465074,7846652
X	aacaatatttgtatttcgggagagcctcgc	5389993,5392626,6445534,6450821,9798754,9805335,11633648,11640231,14157824,14163010,17893828,17896143,21536019,21552705,21965296,21971880,22771737,22774557,22956274,22969830
X	aacagctgttaaagtcggctgttgcgagca	3464415
X	aaccaatacacccaagaggtggagaaactg	23541158
X	aacgaggtatggcactcagtatgtggataa	11271894
X	aacgaggtatggcattccatatttggacaa	12682912
X	aacgccgactggtcaaggaaatgacccagt	22126771,23539621
X	aacgcttatacataagccgatcgcggagcg	4763469,22137462,4763469,22137462
X	aacggctgcgctgccaaagataaacgaatg	5390101,5392734,6445642,6450929,9798862,9805443,11633756,11640339,14157932,14163118,17893936,17896251,21536127,21552813,21965404,21971988,22771845,22774665
X	aactaatgtcccgtcagttgactaaggaca	5389845,5392478,6445386,6450673,9798606,9805187,11633500,11640083,14157676,14162862,17893680,17895995,21535871,21552557,21965148,21971732,22771589,22774409,22969685
X	aactcatatcaggtagtctctatgtgcgtt	3464707,7846259
X	aactcgtaagggcgcagaatcacaacgaac	7846684
X	aacttatcatgcaagcaggcacattcacaa	23541306
X	aacttcgccaaagtgcgaagacacgcaaac	22126861
X	aacttcgccgactattcacggcacataact	23444203
X	aagaacacctagtcctgaaggtaaaggaga	3464989,7846567
X	aagaacggctgcgctgccaaagataaacga	5390098,5392731,6445639,6450926,9798859,9805440,11633753,11640336,14157929,14163115,17893933,17896248,21536124,21552810,21965401,21971985,22771842,22774662
X	aagaacttcgccaaagtgcgaagacacgca	22126858
X	aagaacttcgccgactattcacggcacata	23444200
X	aagacagcaagcagatgaactcgtaagggc	3465089,7846667
X	aagagggcagtcaaatctgcttaggtcagg	5390053,5392686,6445594,6450881,9798814,9805395,11633708,11640291,14157884,14163070,17893888,17896203,21536079,21552765,21965356,21971940,22771797,22774617
X	aagattaggtagcgttgaaagagggcagtc	5390035,5392668,6445576,6450863,9798796,9805377,11633690,11640273,14157866,14163052,17893870,17896185,21536061,21552747,21965338,21971922,22771779,22774599
X	aagcagatgaactcgtaagggcgcagaatc	7846675
X	aagccgatcgcggagcgtgagaatgctgag	22137475,22137475
X	aagcctcagtatttgaacaatatttgtatt	5389978,5392611,6445519,6450806,9798739,9805320,11633633,11640216,14157809,14162995,17893813,17896128,21536004,21552690,21965281,21971865,22771722,22774542
X	aaggggtaacatcatcaaaatttgcaaaaa	5460542,5521377,5521737,5522097,5522457,5522817,5523177,5523515,5523875,5580408,5580768,5581128,5663850,5775741,5846280,6384010,6385334,8318052,8369624,8699166,8699527,8699886,8700246,8700606,8700965,8701325,8702045,8702405,8735407,8735767,8840427,8840787,9034052,9072575,9235217,9235576,9374527,9396907,9623436,9623745,9624104,9624463,9624822,9625181,9625540,9625899,9726410,9726769,9809936,9810295,9840967,9905098,9956176,10007787,10240062,10292167,10340423,10340782,11413924,11757922,11889687,11890407,12437792,12438150,12545225,12683178,12794898,12795617,12795977,12796697,12797057,12797417,12797777,12928670,12929031,13126681,13127044,13360922,13361282,13362002,13362362,13693333
X	aagtcattgaaatgttagcttgcgaatttg	7846915
X	aagttatagctaaatcaactaaatcgtatt	11310386
X	aagttatttatccacatactgagtgccata	11310131
X	aataaataggaaaggaaattagttggactc	7846599
X	aataacagctgttaaagtcggctgttgcga	3464412
X	aatacacccaagaggtggagaaactgacaa	23541162
X	aatacgatctaacgcttatacataagccga	4763459,22137452,23538872,4763459,22137452,23538872
X	aatacgatttagttgatttagctataactt	11273091
X	aataggaaaggaaattagttggactcccga	7846603
X	aatagtttcacgactttattctttggatct	5389907,5392540,6445448,6450735,9798668,9805249,11633562,11640145,14157738,14162924,17893742,17896057,21535933,21552619,21965210,21971794,22771651,22774471
X	aatatggattgtcatacctcgttgagttcg	11532238,11559254,11559613
X	aatatggattgttatacctcgttgagttcg	11558894
X	aatattcctggaggcatgtgtaacgcataa	3465497,7847103
X	aatatttgtatttcgggagagcctcgctct	5389996,5392629,6445537,6450824,9798757,9805338,11633651,11640234,14157827,14163013,17893831,17896146,21536022,21552708,21965299,21971883,22771740,22774560
X	aatctgcttaggtcaggctttaggatgttt	5390066,5392699,6445607,6450894,9798827,9805408,11633721,11640304,14157897,14163083,17893901,17896216,21536092,21552778,21965369,21971953,22771810,22774630
X	aatgaagttatttatccacatactgagtgc	11310127
X	aatgatccaaatatggattgtcatacctcg	11559245,11559604
X	aatgctcagggagcgattgaatttcaccat	11272976
X	aatggtccaaatatggattgttatacctcg	11558885
X	aatgtcccgtcagttgactaaggacaacgc	5389849,5392482,6445390,6450677,9798610,9805191,11633504,11640087,14157680,14162866,17893684,17895999,21535875,21552561,21965152,21971736,22771593,22774413,22969689
X	aattactagagtgcattactgatttctttg	5390157,5392790,6445698,6450985,9798918,9805499,11633812,11640395,14157988,14163174,17893992,17896307,21536183,21552869,21965460,21972044,22771901,22774721
X	aattcaatcgctccctgagcatttgggcca	11310508
X	aattccctttcgaatagcattcacagttaa	11310181
X	aattccggacgagtgtagacggacctaaac	11310588
X	aattcctaactcatatcaggtagtctctat	3464700,7846252
X	aattcggaatacgatttagttgatttagct	11273084
X	aatttgaaatggataatcaatctttaggtt	3464501
X	aatttgagtggccgaagacagcaagcagat	3465075,7846653
X	aattttcgcattttttgtaaggggtaacat	8318034,8369606,8699509,8699868,8700228,8700588,8700947,8701307,8701667,8702027,8735389,8735749,8840409,8840769,9072557,9374509,9396889,9515615,9623418,9623727,9624086,9624445,9624804,9625163,9625522,9625881,9726392,9809918,9810277,9870372,9905080,9956158,10240044,10240403,10292149,10340405,10340764,10489125,10831156,10919567,10990096,10990456,10990817,12047093,12047450,12047807,12124176,12437774,12438132,12438492,12683506,12794880,12795599,12795959,12796679,12797039,12797399,12797759,13360904,13361264,13361624,13361984,13362344,15221583,8318034,8369606,8699509,8699868,8700228,8700588,8700947,8701307,8701667,8702027,8735389,8735749,8840409,8840769,9072557,9374509,9396889,9515615,9623418,9623727,9624086,9624445,9624804,9625163,9625522,9625881,9726392,9809918,9810277,9870372,9905080,9956158,10240044,10240403,10292149,10340405,10340764,10489125,10831156,10919567,10990096,10990456,10990817,12047093,12047450,12047807,12124176,12437774,12438132,12438492,12683506,12794880,12795599,12795959,12796679,12797039,12797399,12797759,13360904,13361264,13361624,13361984,13362344,15221583
X	acaacgccgactggtcaaggaaatgaccca	22126769,23539619
X	acaagaacggctgcgctgccaaagataaac	5390096,5392729,6445637,6450924,9798857,9805438,11633751,11640334,14157927,14163113,17893931,17896246,21536122,21552808,21965399,21971983,22771840,22774660
X	acaatatttgtatttcgggagagcctcgct	5389994,5392627,6445535,6450822,9798755,9805336,11633649,11640232,14157825,14163011,17893829,17896144,21536020,21552706,21965297,21971881,22771738,22774558,22956275,22969831
X	acacccaagaggtggagaaactgacaaagg	23541165
X	acactcgtccggaattcgataaggaaaccg	11272903
X	acagcaagcagatgaactcgtaagggcgca	7846670
X	acataagccgatcgcggagcgtgagaatgc	22137471,22137471
X	acatactgagtgccatacctcgttgaactc	11310144
X	accaatacacccaagaggtggagaaactga	23541159
X	accaatggaattctagacttaggtcagttc	23444977
X	accagaaagtccacgccagtgactctggtc	11310537
X	accagaagtcattgaaatgttagcttgcga	7846910
X	accagagtcactggcgtggactttctggtg	11272941
X	accggtttccttatcgaattccggacgagt	11310572
X	acgactttattctttggatctcagcttaag	5389916,5392549,6445457,6450744,9798677,9805258,11633571,11640154,14157747,14162933,17893751,17896066,21535942,21552628,21965219,21971803,22771660,22774480
X	acgaggtatggcactcagtatgtggataaa	11271895
X	acgagttcaacgaggtatggcactcagtat	11271886
X	acgatctaacgcttatacataagccgatcg	4763462,22137455,4763462,22137455
X	acgatttagttgatttagctataacttggc	11273094
X	acgccgactggtcaaggaaatgacccagtt	22126772,23539622
X	acgcttatacataagccgatcgcggagcgt	4763470,22137463,4763470,22137463
X	acggctgcgctgccaaagataaacgaatgc	5390102,5392735,6445643,6450930,9798863,9805444,11633757,11640340,14157933,14163119,21536128,21552814,21965405,21971989,22771846,22774666
X	actaatgtcccgtcagttgactaaggacaa	5389846,5392479,6445387,6450674,9798607,9805188,11633501,11640084,14157677,14162863,17893681,17895996,21535872,21552558,21965149,21971733,22771590,22774410,22969686
X	actagagtgcattactgatttctttgaaat	5390161,5392794,6445702,6450989,9798922,9805503,11633816,11640399,14157992,14163178,17893996,17896311,21536187,21552873,21965464,21972048,22771905,22774725
X	actattcacggcacataactagattatgta	23444213
X	actcagtatgtggataaataacttcattgc	11271907
X	actcatatcaggtagtctctatgtgcgttt	3464708,7846260
X	actcgtaagggcgcagaatcacaacgaacg	7846685
X	actcgtccggaattcgataaggaaaccggt	11272905
X	actctactgattgtgaagaggaagacggtt	7846966
X	actgagtgccatacctcgttgaactcgtca	11310148
X	actgattgtgaagaggaagacggttatgaa	7846971
X	acttatcatgcaagcaggcacattcacaaa	23541307
X	acttcgccaaagtgcgaagacacgcaaacg	22126862
X	acttcgccgactattcacggcacataacta	23444204
X	actttattctttggatctcagcttaagact	5389919,5392552,6445460,6450747,9798680,9805261,11633574,11640157,14157750,14162936,17893754,17896069,21535945,21552631,21965222,21971806,22771663,22774483
X	agaaagtccacgccagtgactctggtcagc	11310540
X	agaaatagtttcacgactttattctttgga	5389904,5392537,6445445,6450732,9798665,9805246,11633559,11640142,14157735,14162921,17893739,17896054,21535930,21552616,21965207,21971791,22771648,22774468
X	agaacacctagtcctgaaggtaaaggagaa	3464990,7846568
X	agaacggctgcgctgccaaagataaacgaa	5390099,5392732,6445640,6450927,9798860,9805441,11633754,11640337,14157930,14163116,17893934,17896249,21536125,21552811,21965402,21971986,22771843,22774663
X	agaacttcgccaaagtgcgaagacacgcaa	22126859
X	agaacttcgccgactattcacggcacataa	23444201
X	agaagcctcagtatttgaacaatatttgta	5389976,5392609,6445517,6450804,9798737,9805318,11633631,11640214,14157807,14162993,17893811,17896126,21536002,21552688,21965279,21971863,22771720,22774540
X	agaagtcattgaaatgttagcttgcgaatt	7846913
X	agacagcaagcagatgaactcgtaagggcg	3465090,7846668
X	agaccggtttccttatcgaattccggacga	11310570
X	agactctactgattgtgaagaggaagacgg	7846964
X	agagcctcgctcttgggttcttaagattag	5390013,5392646,6445554,6450841,9798774,9805355,11633668,11640251,14157844,14163030,17893848,17896163,21536039,21552725,21965316,21971900,22771757,22774577
X	agagggcagtcaaatctgcttaggtcaggc	5390054,5392687,6445595,6450882,9798815,9805396,11633709,11640292,14157885,14163071,17893889,17896204,21536080,21552766,21965357,21971941,22771798,22774618
X	agatgaactcgtaagggcgcagaatcacaa	7846679
X	agatgtttaggtccgtctacactcgtccgg	11272885
X	agattaggtagcgttgaaagagggcagtca	5390036,5392669,6445577,6450864,9798797,9805378,11633691,11640274,14157867,14163053,17893871,17896186,21536062,21552748,21965339,21971923,22771780,22774600
X	agatttcccaaatttgaatgcaaatcgatt	10990157,10990517,10990878,10991238
X	agcaagcagatgaactcgtaagggcgcaga	7846672
X	agcaatgaagttatttatccacatactgag	11310124
X	agcagaccggtttccttatcgaattccgga	11310567
X	agcagatgaactcgtaagggcgcagaatca	7846676
X	agcatggtgaaattcaatcgctccctgagc	11310498
X	agccaagttatagctaaatcaactaaatcg	11310382
X	agccgatcgcggagcgtgagaatgctgagc	22137476,22137476
X	agcctcagtatttgaacaatatttgtattt	5389979,5392612,6445520,6450807,9798740,9805321,11633634,11640217,14157810,14162996,17893814,17896129,21536005,21552691,21965282,21971866,22771723,22774543
X	agcctcgctcttgggttcttaagattaggt	5390015,5392648,6445556,6450843,9798776,9805357,11633670,11640253,14157846,14163032,17893850,17896165,21536041,21552727,21965318,21971902,22771759,22774579
X	agcgattgaatttcaccatgctactgcagc	11272987
X	agcggcaattcattgggcaattacccattt	21672405,23444496
X	agcgtgagaatgctgagcatgcacttagca	22126039,22137488,22126039,22137488
X	agcgttgaaagagggcagtcaaatctgctt	5390045,5392678,6445586,6450873,9798806,9805387,11633700,11640283,14157876,14163062,17893880,17896195,21536071,21552757,21965348,21971932,22771789,22774609
X	agctaaatcaactaaatcgtattccgaatt	11310393
X	aggagaaatagtttcacgactttattcttt	5389901,5392534,6445442,6450729,9798662,9805243,11633556,11640139,14157732,14162918,17893736,17896051,21535927,21552613,21965204,21971788,22771645,22774465
X	aggagaagcctcagtatttgaacaatattt	5389973,5392606,6445514,6450801,9798734,9805315,11633628,11640211,14157804,14162990,17893808,17896123,21535999,21552685,21965276,21971860,22771717,22774537
X	aggatgtttacaagaacggctgcgctgcca	5390087,5392720,6445628,6450915,9798848,9805429,11633742,11640325,14157918,14163104,17893922,17896237,21536113,21552799,21965390,21971974,22771831,22774651
X	aggctttaggatgtttacaagaacggctgc	5390080,5392713,6445621,6450908,9798841,9805422,11633735,11640318,14157911,14163097,17893915,17896230,21536106,21552792,21965383,21971967,22771824,22774644
X	agggagcgattgaatttcaccatgctactg	11272983
X	agggcagtcaaatctgcttaggtcaggctt	5390056,5392689,6445597,6450884,9798817,9805398,11633711,11640294,14157887,14163073,17893891,17896206,21536082,21552768,21965359,21971943,22771800,22774620
X	aggggtaacatcatcaaaatttgcaaaaaa	5460543,5521378,5521738,5522098,5522458,5522818,5523178,5523516,5523876,5580409,5580769,5581129,5775742,5846281,6384011,6385335,8318053,8369625,8699167,8699528,8699887,8700247,8700607,8700966,8701326,8702046,8702406,8735408,8735768,8840428,8840788,9034053,9072576,9235218,9235577,9374528,9396908,9623437,9623746,9624105,9624464,9624823,9625182,9625541,9625900,9726411,9726770,9809937,9810296,9840968,9905099,9956177,10007788,10240063,10292168,10340424,10340783,11413925,11757923,11889688,11890408,12437793,12438151,12545226,12683179,12794899,12795618,12795978,12796698,12797058,12797418,12797778,12928671,12929032,13126682,13127045,13360923,13361283,13362003,13362363,13693334
X	aggtagcgttgaaagagggcagtcaaatct	5390041,5392674,6445582,6450869,9798802,9805383,11633696,11640279,14157872,14163058,17893876,17896191,21536067,21552753,21965344,21971928,22771785,22774605
X	aggtatggcactcagtatgtggataaataa	11271898
X	aggtcaggctttaggatgtttacaagaacg	5390075,5392708,6445616,6450903,9798836,9805417,11633730,11640313,14157906,14163092,17893910,17896225,21536101,21552787,21965378,21971962,22771819,22774639
X	aggtcatacaggcattacaagaacgctagc	21677398
X	aggtccgtctacactcgtccggaattcgat	11272893
X	agtagcatggtgaaattcaatcgctccctg	11310495
X	agtataatttgaaatggataatcaatcttt	3464496
X	agtatgtggataaataacttcattgctatg	11271911
X	agtattaatacattggaaatacgttaaact	3464335
X	agtatttgaacaatatttgtatttcgggag	5389985,5392618,6445526,6450813,9798746,9805327,11633640,11640223,14157816,14163002,17893820,17896135,21536011,21552697,21965288,21971872,22771729,22774549
X	agtcaaatctgcttaggtcaggctttagga	5390061,5392694,6445602,6450889,9798822,9805403,11633716,11640299,14157892,14163078,17893896,17896211,21536087,21552773,21965364,21971948,22771805,22774625
X	agtcattgaaatgttagcttgcgaatttga	7846916
X	agtcgaactaatgtcccgtcagttgactaa	5389840,5392473,6445381,6450668,9798601,9805182,11633495,11640078,14157671,14162857,17893675,17895990,21535866,21552552,21965143,21971727,22771584,22774404,22969680
X	agtgccatacctcgttgaactcgtcataaa	11310152
X	agtggccgaagacagcaagcagatgaactc	3465081,7846659
X	agttatagctaaatcaactaaatcgtattc	11310387
X	agttatttatccacatactgagtgccatac	11310132
X	agttcaacgaggtatggcactcagtatgtg	11271889
X	agttcattccatcaattatagtcttaatat	23541672
X	agttgactaaggacaacgccaagaaataaa	5389860,5392493,6445401,6450688,9798621,9805202,11633515,11640098,14157691,14162877,17893695,17896010,21535886,21552572,21965163,21971747,22771604,22774424
X	agtttcacgactttattctttggatctcag	5389910,5392543,6445451,6450738,9798671,9805252,11633565,11640148,14157741,14162927,17893745,17896060,21535936,21552622,21965213,21971797,22771654,22774474
X	ataaagaacttcgccgactattcacggcac	23444197
X	ataaataggaaaggaaattagttggactcc	7846600
X	ataacagctgttaaagtcggctgttgcgag	3464413
X	ataagccgatcgcggagcgtgagaatgctg	22137473,22137473
X	ataatgatccaaatatggattgtcatacct	11559243,11559602
X	ataatggtccaaatatggattgttatacct	11558883
X	ataatttgaaatggataatcaatctttagg	3464499
X	atacacccaagaggtggagaaactgacaaa	23541163
X	atacataagccgatcgcggagcgtgagaat	22137469,22137469
X	atacgatctaacgcttatacataagccgat	4763460,22137453,23538873,4763460,22137453,23538873
X	atacgatttagttgatttagctataacttg	11273092
X	atactgagtgccatacctcgttgaactcgt	11310146
X	atagcaatgaagttatttatccacatactg	11310122
X	atagctaaatcaactaaatcgtattccgaa	11310391
X	ataggaaaggaaattagttggactcccgaa	7846604
X	atagtttcacgactttattctttggatctc	5389908,5392541,6445449,6450736,9798669,9805250,11633563,11640146,14157739,14162925,17893743,17896058,21535934,21552620,21965211,21971795,22771652,22774472
X	atatagcccgcataagttaatttaacaatg	3464373
X	atatggattgtcatacctcgttgagttcgt	11532239,11559255,11559614
X	atatggattgttatacctcgttgagttcgt	11558895
X	atattcctggaggcatgtgtaacgcataaa	3465498,7847104
X	atatttgtatttcgggagagcctcgctctt	5389997,5392630,6445538,6450825,9798758,9805339,11633652,11640235,14157828,14163014,17893832,17896147,21536023,21552709,21965300,21971884,22771741,22774561
X	atcatgcaagcaggcacattcacaaacatg	23541311
X	atccaaatatggattgtcatacctcgttga	11532233,11559249,11559608
X	atccacatactgagtgccatacctcgttga	11310140
X	atcgaattccggacgagtgtagacggacct	11310584
X	atcgcggagcgtgagaatgctgagcatgca	22137481,22137481
X	atctaacgcttatacataagccgatcgcgg	4763465,22137458,4763465,22137458
X	atctgcttaggtcaggctttaggatgttta	5390067,5392700,6445608,6450895,9798828,9805409,11633722,11640305,14157898,14163084,17893902,17896217,21536093,21552779,21965370,21971954,22771811,22774631
X	atgaactcgtaagggcgcagaatcacaacg	7846681
X	atgaagttatttatccacatactgagtgcc	11310128
X	atgacgagttcaacgaggtatggcactcag	11271883
X	atgagtcgaactaatgtcccgtcagttgac	5389837,5392470,6445378,6450665,9798598,9805179,11633492,11640075,14157668,14162854,17893672,17895987,21535863,21552549,21965140,21971724,22771581,22774401
X	atgatatagcccgcataagttaatttaaca	3464370
X	atgatccaaatatggattgtcatacctcgt	11559246,11559605
X	atgcaagcaggcacattcacaaacatgaat	23541314
X	atgctcagggagcgattgaatttcaccatg	11272977
X	atggattgtcatacctcgttgagttcgtat	11532241,11559257,11559616
X	atggattgttatacctcgttgagttcgtat	11558897
X	atggcactcagtatgtggataaataacttc	11271902
X	atggtccaaatatggattgttatacctcgt	11558886
X	atggtgaaattcaatcgctccctgagcatt	11310501
X	atgtcccgtcagttgactaaggacaacgcc	5389850,5392483,6445391,6450678,9798611,9805192,11633505,11640088,14157681,14162867,17893685,17896000,21535876,21552562,21965153,21971737,22771594,22774414
X	atgtggataaataacttcattgctatgaac	11271914
X	atgtttacaagaacggctgcgctgccaaag	5390090,5392723,6445631,6450918,9798851,9805432,11633745,11640328,14157921,14163107,17893925,17896240,21536116,21552802,21965393,21971977,22771834,22774654
X	atgtttaggtccgtctacactcgtccggaa	11272887
X	attaccaattctaaccatccatatcacttt	10830733,10831094,10918797,10919505,10990034,10990394,10990755
X	attactagagtgcattactgatttctttga	5390158,5392791,6445699,6450986,9798919,9805500,11633813,11640396,14157989,14163175,17893993,17896308,21536184,21552870,21965461,21972045,22771902,22774722
X	attaggtagcgttgaaagagggcagtcaaa	5390038,5392671,6445579,6450866,9798799,9805380,11633693,11640276,14157869,14163055,17893873,17896188,21536064,21552750,21965341,21971925,22771782,22774602
X	attcaatcgctccctgagcatttgggccac	11310509
X	attccctttcgaatagcattcacagttaaa	11310182
X	attccggacgagtgtagacggacctaaaca	11310589
X	attcctaactcatatcaggtagtctctatg	3464701,7846253
X	attcggaatacgatttagttgatttagcta	11273085
X	attgtcatacctcgttgagttcgtattcaa	11532245,11559261,11559620
X	attgtgaagaggaagacggttatgaattat	3465374,7846975
X	atttagttgatttagctataacttggctaa	11273097
X	atttataaagaacttcgccgactattcacg	23444193
X	atttatccacatactgagtgccatacctcg	11310136
X	atttatgagtcgaactaatgtcccgtcagt	5389833,5392466,6445374,6450661,9798594,9805175,11633488,11640071,14157664,14162850,17893668,17895983,21535859,21552545,21965136,21971720,22771577,22774397
X	atttcccaaatttgaatgcaaatcgattgg	10990159,10990519,10990880,10991240
X	atttcgggagagcctcgctcttgggttctt	5390005,5392638,6445546,6450833,9798766,9805347,11633660,11640243,14157836,14163022,17893840,17896155,21536031,21552717,21965308,21971892,22771749,22774569
X	atttctaacaatttgtacatttagcaagtg	3464575
X	atttgaaatggataatcaatctttaggttc	3464502
X	atttgaacaatatttgtatttcgggagagc	5389988,5392621,6445529,6450816,9798749,9805330,11633643,11640226,14157819,14163005,17893823,17896138,21536014,21552700,21965291,21971875,22771732,22774552
X	atttgagtggccgaagacagcaagcagatg	3465076,7846654
X	atttgtatttcgggagagcctcgctcttgg	5389999,5392632,6445540,6450827,9798760,9805341,11633654,11640237,14157830,14163016,17893834,17896149,21536025,21552711,21965302,21971886,22771743,22774563
X	attttcgcattttttgtaaggggtaacatc	8318035,8369607,8699510,8699869,8700229,8700589,8700948,8701308,8701668,8702028,8735390,8735750,8840410,8840770,9072558,9374510,9396890,9515616,9623419,9623728,9624087,9624446,9624805,9625164,9625523,9625882,9726393,9809919,9810278,9870373,9905081,9956159,10240045,10240404,10292150,10340406,10340765,10489126,10831157,10919568,10990097,10990457,10990818,12047094,12047451,12047808,12124177,12437775,12438133,12438493,12683507,12794881,12795600,12795960,12796680,12797040,12797400,12797760,13360905,13361265,13361625,13361985,13362345,15221584,8318035,8369607,8699510,8699869,8700229,8700589,8700948,8701308,8701668,8702028,8735390,8735750,8840410,8840770,9072558,9374510,9396890,9515616,9623419,9623728,9624087,9624446,9624805,9625164,9625523,9625882,9726393,9809919,9810278,9870373,9905081,9956159,10240045,10240404,10292150,10340406,10340765,10489126,10831157,10919568,10990097,10990457,10990818,12047094,12047451,12047808,12124177,12437775,12438133,12438493,12683507,12794881,12795600,12795960,12796680,12797040,12797400,12797760,13360905,13361265,13361625,13361985,13362345,15221584
X	attttttgcaaattttgatgatgttacccc	5490211,5490937,5502788,5503148,5712622,6206812,6207171,6418287,6419611,6477697,6479021,8577606,8578297,8750575,8750935,8752015,8752375,8827639,9005805,9036961,9137750,9138112,9138473,9138834,9203986,9204345,9296843,9297203,9534685,9556939,9597530,9597889,9711042,9772390,9881157,9920118,9941752,9971577,9984030,10048820,10049181,10103238,10120504,10120863,10156187,10261900,10262259,10262618,11023291,11362723,11532322,11780487,11781552,12093301,12189319,13056708,13057068,13242016,13423515,13530358,13900804,13901154,15597853,17348106
X	attttttgtaaggggtaacatcatcaaaat	5460533,5523168,5523506,5580399,5580759,5581119,8318043,8369615,8699518,8699877,8700237,8700597,8700956,8701316,8702036,8735398,8735758,8840418,8840778,9017397,9072566,9093016,9235208,9374518,9396898,9623427,9623736,9624095,9624454,9624813,9625172,9625531,9625890,9726401,9727119,9809927,9810286,9840958,9905089,9956167,10240053,10292158,10340414,10340773,10489134,10919576,11889678,11890398,12124545,12124903,12437783,12438141,12438501,12683169,12683515,12794889,12795608,12795968,12796688,12797048,12797408,12797768,12928661,13126672,13360913,13361273,13361993,13362353,5460533,5523168,5523506,5580399,5580759,5581119,8318043,8369615,8699518,8699877,8700237,8700597,8700956,8701316,8702036,8735398,8735758,8840418,8840778,9017397,9072566,9093016,9235208,9374518,9396898,9623427,9623736,9624095,9624454,9624813,9625172,9625531,9625890,9726401,9727119,9809927,9810286,9840958,9905089,9956167,10240053,10292158,10340414,10340773,10489134,10919576,11889678,11890398,12124545,12124903,12437783,12438141,12438501,12683169,12683515,12794889,12795608,12795968,12796688,12797048,12797408,12797768,12928661,13126672,13360913,13361273,13361993,13362353
X	caaaccaagtgaagactggtttataattag	23541987
X	caaatatggattgtcatacctcgttgagtt	11532236,11559252,11559611
X	caaatatggattgttatacctcgttgagtt	11558892
X	caaatctgcttaggtcaggctttaggatgt	5390064,5392697,6445605,6450892,9798825,9805406,11633719,11640302,14157895,14163081,17893899,17896214,21536090,21552776,21965367,21971951,22771808,22774628
X	caaatgctcagggagcgattgaatttcacc	11272974
X	caacgaggtatggcactcagtatgtggata	11271893
X	caacgccgactggtcaaggaaatgacccag	22126770,23539620
X	caagaacggctgcgctgccaaagataaacg	5390097,5392730,6445638,6450925,9798858,9805439,11633752,11640335,14157928,14163114,17893932,17896247,21536123,21552809,21965400,21971984,22771841,22774661
X	caagcagatgaactcgtaagggcgcagaat	7846674
X	caagcaggcacattcacaaacatgaatgat	23541317
X	caagttatagctaaatcaactaaatcgtat	11310385
X	caatacacccaagaggtggagaaactgaca	23541161
X	caatatttgtatttcgggagagcctcgctc	5389995,5392628,6445536,6450823,9798756,9805337,11633650,11640233,14157826,14163012,17893830,17896145,21536021,21552707,21965298,21971882,22771739,22774559
X	caatgaagttatttatccacatactgagtg	11310126
X	caatggaattctagacttaggtcagttctt	23444979
X	caattcctaactcatatcaggtagtctcta	3464699,7846251
X	cacatactgagtgccatacctcgttgaact	11310143
X	caccagaaagtccacgccagtgactctggt	11310536
X	caccagaagtcattgaaatgttagcttgcg	7846909
X	cacccaagaggtggagaaactgacaaaggc	23541166
X	cacgactttattctttggatctcagcttaa	5389915,5392548,6445456,6450743,9798676,9805257,11633570,11640153,14157746,14162932,17893750,17896065,21535941,21552627,21965218,21971802,22771659,22774479
X	cactcagtatgtggataaataacttcattg	11271906
X	cactcgtccggaattcgataaggaaaccgg	11272904
X	cagaaagtccacgccagtgactctggtcag	11310539
X	cagaagtcattgaaatgttagcttgcgaat	7846912
X	cagaccggtttccttatcgaattccggacg	11310569
X	cagactctactgattgtgaagaggaagacg	7846963
X	cagatgaactcgtaagggcgcagaatcaca	7846678
X	cagcaagcagatgaactcgtaagggcgcag	7846671
X	caggctttaggatgtttacaagaacggctg	5390079,5392712,6445620,6450907,9798840,9805421,11633734,11640317,14157910,14163096,17893914,17896229,21536105,21552791,21965382,21971966,22771823,22774643
X	cagggagcgattgaatttcaccatgctact	11272982
X	cagtagcatggtgaaattcaatcgctccct	11310494
X	cagtatgtggataaataacttcattgctat	11271910
X	cagtatttgaacaatatttgtatttcggga	5389984,5392617,6445525,6450812,9798745,9805326,11633639,11640222,14157815,14163001,17893819,17896134,21536010,21552696,21965287,21971871,22771728,22774548
X	cagtcaaatctgcttaggtcaggctttagg	5390060,5392693,6445601,6450888,9798821,9805402,11633715,11640298,14157891,14163077,17893895,17896210,21536086,21552772,21965363,21971947,22771804,22774624
X	cagttgactaaggacaacgccaagaaataa	5389859,5392492,6445400,6450687,9798620,9805201,11633514,11640097,14157690,14162876,17893694,17896009,21535885,21552571,21965162,21971746,22771603,22774423
X	cataagccgatcgcggagcgtgagaatgct	22137472,22137472
X	catactgagtgccatacctcgttgaactcg	11310145
X	catagcaatgaagttatttatccacatact	11310121
X	catgcaagcaggcacattcacaaacatgaa	23541313
X	catggtgaaattcaatcgctccctgagcat	11310500
X	cattttttgtaaggggtaacatcatcaaaa	5460532,5523167,5523505,5580398,5580758,5581118,8318042,8369614,8699517,8699876,8700236,8700596,8700955,8701315,8702035,8735397,8735757,8840417,8840777,9017396,9072565,9093015,9235207,9374517,9396897,9623426,9623735,9624094,9624453,9624812,9625171,9625530,9625889,9726400,9727118,9809926,9810285,9840957,9905088,9956166,10008136,10240052,10292157,10340413,10340772,10489133,10919575,11889677,11890397,12124544,12124902,12437782,12438140,12438500,12683514,12794888,12795607,12795967,12796687,12797047,12797407,12797767,12928660,13126671,13360912,13361272,13361992,13362352,5460532,5523167,5523505,5580398,5580758,5581118,8318042,8369614,8699517,8699876,8700236,8700596,8700955,8701315,8702035,8735397,8735757,8840417,8840777,9017396,9072565,9093015,9235207,9374517,9396897,9623426,9623735,9624094,9624453,9624812,9625171,9625530,9625889,9726400,9727118,9809926,9810285,9840957,9905088,9956166,10008136,10240052,10292157,10340413,10340772,10489133,10919575,11889677,11890397,12124544,12124902,12437782,12438140,12438500,12683514,12794888,12795607,12795967,12796687,12797047,12797407,12797767,12928660,13126671,13360912,13361272,13361992,13362352
X	ccaaagtgcgaagacacgcaaacgggctgc	22126868
X	ccaaatatggattgtcatacctcgttgagt	11532235,11559251,11559610
X	ccaaatatggattgttatacctcgttgagt	11558891
X	ccaaatgctcagggagcgattgaatttcac	11272973
X	ccaagttatagctaaatcaactaaatcgta	11310384
X	ccaatacacccaagaggtggagaaactgac	23541160
X	ccaatggaattctagacttaggtcagttct	23444978
X	ccacatactgagtgccatacctcgttgaac	11310142
X	ccagaaagtccacgccagtgactctggtca	11310538
X	ccagaagtcattgaaatgttagcttgcgaa	7846911
X	cccaaatgctcagggagcgattgaatttca	11272972
X	cccgtcagttgactaaggacaacgccaaga	5389854,5392487,6445395,6450682,9798615,9805196,11633509,11640092,14157685,14162871,17893689,17896004,21535880,21552566,21965157,21971741,22771598,22774418
X	ccgaagacagcaagcagatgaactcgtaag	3465086,7846664
X	ccgactattcacggcacataactagattat	23444210
X	ccgactggtcaaggaaatgacccagttggc	22126775,23539625
X	ccgatcgcggagcgtgagaatgctgagcat	22137478,22137478
X	ccggacgagtgtagacggacctaaacatct	11310592
X	ccggtttccttatcgaattccggacgagtg	11310573
X	ccgtcagttgactaaggacaacgccaagaa	5389855,5392488,6445396,6450683,9798616,9805197,11633510,11640093,14157686,14162872,17893690,17896005,21535881,21552567,21965158,21971742,22771599,22774419
X	ccgtctacactcgtccggaattcgataagg	11272897
X	cctaactcatatcaggtagtctctatgtgc	3464704,7846256
X	cctagatttcccaaatttgaatgcaaatcg	10990154,10990514,10990875
X	cctatttctaacaatttgtacatttagcaa	3464572
X	cctcagtatttgaacaatatttgtatttcg	5389981,5392614,6445522,6450809,9798742,9805323,11633636,11640219,14157812,14162998,17893816,17896131,21536007,21552693,21965284,21971868,22771725,22774545
X	cctcgctcttgggttcttaagattaggtag	5390017,5392650,6445558,6450845,9798778,9805359,11633672,11640255,14157848,14163034,17893852,17896167,21536043,21552729,21965320,21971904,22771761,22774581
X	cctgcctgcctgcctgcctgcctgcctgcc	19382669,19382673,19382669,19382673
X	ccttatcgaattccggacgagtgtagacgg	11310580
X	cgaactaatgtcccgtcagttgactaagga	5389843,5392476,6445384,6450671,9798604,9805185,11633498,11640081,14157674,14162860,17893678,17895993,21535869,21552555,21965146,21971730,22771587,22774407,22969683
X	cgaagacagcaagcagatgaactcgtaagg	3465087,7846665
X	cgaattccggacgagtgtagacggacctaa	11310586
X	cgactattcacggcacataactagattatg	23444211
X	cgactttattctttggatctcagcttaaga	5389917,5392550,6445458,6450745,9798678,9805259,11633572,11640155,14157748,14162934,17893752,17896067,21535943,21552629,21965220,21971804,22771661,22774481
X	cgaggtatggcactcagtatgtggataaat	11271896
X	cgagttcaacgaggtatggcactcagtatg	11271887
X	cgatcgcggagcgtgagaatgctgagcatg	22137479,22137479
X	cgatctaacgcttatacataagccgatcgc	4763463,22137456,4763463,22137456
X	cgatttagttgatttagctataacttggct	11273095
X	cgcattttttgtaaggggtaacatcatcaa	5460530,5523165,5523503,5580396,5580756,5581116,8318040,8369612,8699515,8699874,8700234,8700594,8700953,8701313,8702033,8735395,8735755,8840415,8840775,9072563,9374515,9396895,9623424,9623733,9624092,9624451,9624810,9625169,9625528,9625887,9726398,9809924,9810283,9905086,9956164,10240050,10292155,10340411,10340770,10489131,10919573,12437780,12438138,12438498,12683512,12794886,12795605,12795965,12796685,12797045,12797405,12797765,12928658,13360910,13361270,13361990,13362350,5460530,5523165,5523503,5580396,5580756,5581116,8318040,8369612,8699515,8699874,8700234,8700594,8700953,8701313,8702033,8735395,8735755,8840415,8840775,9072563,9374515,9396895,9623424,9623733,9624092,9624451,9624810,9625169,9625528,9625887,9726398,9809924,9810283,9905086,9956164,10240050,10292155,10340411,10340770,10489131,10919573,12437780,12438138,12438498,12683512,12794886,12795605,12795965,12796685,12797045,12797405,12797765,12928658,13360910,13361270,13361990,13362350
X	cgccaaagtgcgaagacacgcaaacgggct	22126866
X	cgccgactattcacggcacataactagatt	23444208
X	cgccgactggtcaaggaaatgacccagttg	22126773,23539623
X	cgcctatttctaacaatttgtacatttagc	3464570
X	cgcggagcgtgagaatgctgagcatgcact	22137483,22137483
X	cgctcttgggttcttaagattaggtagcgt	5390020,5392653,6445561,6450848,9798781,9805362,11633675,11640258,14157851,14163037,17893855,17896170,21536046,21552732,21965323,21971907,22771764,22774584
X	cgcttatacataagccgatcgcggagcgtg	4763471,22137464,4763471,22137464
X	cggaatacgatttagttgatttagctataa	11273088
X	cggagcgtgagaatgctgagcatgcactta	22137485,22137485
X	cggctgcgctgccaaagataaacgaatgct	5390103,5392736,6445644,6450931,9798864,9805445,11633758,11640341,14157934,14163120,21536129,21552815,21965406,21971990,22771847,22774667
X	cgggagagcctcgctcttgggttcttaaga	5390009,5392642,6445550,6450837,9798770,9805351,11633664,11640247,14157840,14163026,17893844,17896159,21536035,21552721,21965312,21971896,22771753,22774573
X	cggtttccttatcgaattccggacgagtgt	11310574
X	cgtcagttgactaaggacaacgccaagaaa	5389856,5392489,6445397,6450684,9798617,9805198,11633511,11640094,14157687,14162873,17893691,17896006,21535882,21552568,21965159,21971743,22771600,22774420
X	cgtccggaattcgataaggaaaccggtctg	11272908
X	cgtctacactcgtccggaattcgataagga	11272898
X	cgttgaaagagggcagtcaaatctgcttag	5390047,5392680,6445588,6450875,9798808,9805389,11633702,11640285,14157878,14163064,17893882,17896197,21536073,21552759,21965350,21971934,22771791,22774611
X	ctaacgcttatacataagccgatcgcggag	4763467,22137460,4763467,22137460
X	ctaactcatatcaggtagtctctatgtgcg	3464705,7846257
X	ctaatgtcccgtcagttgactaaggacaac	5389847,5392480,6445388,6450675,9798608,9805189,11633502,11640085,14157678,14162864,17893682,17895997,21535873,21552559,21965150,21971734,22771591,22774411,22969687
X	ctacactcgtccggaattcgataaggaaac	11272901
X	ctactgattgtgaagaggaagacggttatg	7846969
X	ctagagtgcattactgatttctttgaaata	5390162,5392795,6445703,6450990,9798923,9805504,11633817,11640400,14157993,14163179,17893997,17896312,21536188,21552874,21965465,21972049,22771906,22774726
X	ctagatttcccaaatttgaatgcaaatcga	10990155,10990515,10990876,10991236
X	ctattcacggcacataactagattatgtaa	23444214
X	ctatttctaacaatttgtacatttagcaag	3464573
X	ctcagggagcgattgaatttcaccatgcta	11272980
X	ctcagtatgtggataaataacttcattgct	11271908
X	ctcagtatttgaacaatatttgtatttcgg	5389982,5392615,6445523,6450810,9798743,9805324,11633637,11640220,14157813,14162999,17893817,17896132,21536008,21552694,21965285,21971869,22771726,22774546
X	ctcgctcttgggttcttaagattaggtagc	5390018,5392651,6445559,6450846,9798779,9805360,11633673,11640256,14157849,14163035,17893853,17896168,21536044,21552730,21965321,21971905,22771762,22774582
X	ctcgtaagggcgcagaatcacaacgaacgt	7846686
X	ctcgtccggaattcgataaggaaaccggtc	11272906
X	ctctactgattgtgaagaggaagacggtta	7846967
X	ctcttgggttcttaagattaggtagcgttg	5390022,5392655,6445563,6450850,9798783,9805364,11633677,11640260,14157853,14163039,17893857,17896172,21536048,21552734,21965325,21971909,22771766,22774586
X	ctgaccagagtcactggcgtggactttctg	11272938
X	ctgagtgccatacctcgttgaactcgtcat	11310149
X	ctgattgtgaagaggaagacggttatgaat	3465371,7846972
X	ctgcagtagcatggtgaaattcaatcgctc	11310491
X	ctgccagccagatcacaagttattcggaaa	23542084
X	ctgcctgcctgcctgcctgcctgcctgcct	19382666,19382670
X	ctgcttaggtcaggctttaggatgtttaca	5390069,5392702,6445610,6450897,9798830,9805411,11633724,11640307,14157900,14163086,17893904,17896219,21536095,21552781,21965372,21971956,22771813,22774633
X	cttaagattaggtagcgttgaaagagggca	5390032,5392665,6445573,6450860,9798793,9805374,11633687,11640270,14157863,14163049,17893867,17896182,21536058,21552744,21965335,21971919,22771776,22774596
X	cttaggtcaggctttaggatgtttacaaga	5390072,5392705,6445613,6450900,9798833,9805414,11633727,11640310,14157903,14163089,17893907,17896222,21536098,21552784,21965375,21971959,22771816,22774636
X	cttatacataagccgatcgcggagcgtgag	22137466,22137466
X	cttatcatgcaagcaggcacattcacaaac	23541308
X	cttatcgaattccggacgagtgtagacgga	11310581
X	cttcagactctactgattgtgaagaggaag	7846960
X	cttcgccaaagtgcgaagacacgcaaacgg	22126863
X	cttcgccgactattcacggcacataactag	23444205
X	cttctgccagccagatcacaagttattcgg	23542081
X	cttgggttcttaagattaggtagcgttgaa	5390024,5392657,6445565,6450852,9798785,9805366,11633679,11640262,14157855,14163041,17893859,17896174,21536050,21552736,21965327,21971911,22771768,22774588
X	ctttaggatgtttacaagaacggctgcgct	5390083,5392716,6445624,6450911,9798844,9805425,11633738,11640321,14157914,14163100,17893918,17896233,21536109,21552795,21965386,21971970,22771827,22774647
X	ctttattctttggatctcagcttaagacta	5389920,5392553,6445461,6450748,9798681,9805262,11633575,11640158,14157751,14162937,17893755,17896070,21535946,21552632,21965223,21971807,22771664,22774484
X	gaaagagggcagtcaaatctgcttaggtca	5390051,5392684,6445592,6450879,9798812,9805393,11633706,11640289,14157882,14163068,17893886,17896201,21536077,21552763,21965354,21971938,22771795,22774615
X	gaaagtccacgccagtgactctggtcagca	11310541
X	gaaatacgatctaacgcttatacataagcc	22137450,22137450
X	gaaatagtttcacgactttattctttggat	5389905,5392538,6445446,6450733,9798666,9805247,11633560,11640143,14157736,14162922,17893740,17896055,21535931,21552617,21965208,21971792,22771649,22774469
X	gaaatggataatcaatctttaggttcttat	3464506
X	gaaattcaatcgctccctgagcatttgggc	11310506
X	gaacaatatttgtatttcgggagagcctcg	5389992,5392625,6445533,6450820,9798753,9805334,11633647,11640230,14157823,14163009,17893827,17896142,21536018,21552704,21965295,21971879,22771736,22774556
X	gaacacctagtcctgaaggtaaaggagaaa	3464991,7846569
X	gaacggctgcgctgccaaagataaacgaat	5390100,5392733,6445641,6450928,9798861,9805442,11633755,11640338,14157931,14163117,17893935,17896250,21536126,21552812,21965403,21971987,22771844,22774664
X	gaactaatgtcccgtcagttgactaaggac	5389844,5392477,6445385,6450672,9798605,9805186,11633499,11640082,14157675,14162861,17893679,17895994,21535870,21552556,21965147,21971731,22771588,22774408,22969684
X	gaactcgtaagggcgcagaatcacaacgaa	7846683
X	gaacttcgccaaagtgcgaagacacgcaaa	22126860
X	gaacttcgccgactattcacggcacataac	23444202
X	gaagacagcaagcagatgaactcgtaaggg	3465088,7846666
X	gaagcctcagtatttgaacaatatttgtat	5389977,5392610,6445518,6450805,9798738,9805319,11633632,11640215,14157808,14162994,17893812,17896127,21536003,21552689,21965280,21971864,22771721,22774541
X	gaagtcattgaaatgttagcttgcgaattt	7846914
X	gaagttatttatccacatactgagtgccat	11310130
X	gaatacgatttagttgatttagctataact	11273090
X	gaattccggacgagtgtagacggacctaaa	11310587
X	gacagcaagcagatgaactcgtaagggcgc	3465091,7846669
X	gaccagagtcactggcgtggactttctggt	11272940
X	gaccggtttccttatcgaattccggacgag	11310571
X	gacgagttcaacgaggtatggcactcagta	11271885
X	gactattcacggcacataactagattatgt	23444212
X	gactctactgattgtgaagaggaagacggt	7846965
X	gactttattctttggatctcagcttaagac	5389918,5392551,6445459,6450746,9798679,9805260,11633573,11640156,14157749,14162935,17893753,17896068,21535944,21552630,21965221,21971805,22771662,22774482
X	gagaaatagtttcacgactttattctttgg	5389903,5392536,6445444,6450731,9798664,9805245,11633558,11640141,14157734,14162920,17893738,17896053,21535929,21552615,21965206,21971790,22771647,22774467
X	gagaagcctcagtatttgaacaatatttgt	5389975,5392608,6445516,6450803,9798736,9805317,11633630,11640213,14157806,14162992,17893810,17896125,21536001,21552687,21965278,21971862,22771719,22774539
X	gagagcctcgctcttgggttcttaagatta	5390012,5392645,6445553,6450840,9798773,9805354,11633667,11640250,14157843,14163029,17893847,17896162,21536038,21552724,21965315,21971899,22771756,22774576
X	gagcctcgctcttgggttcttaagattagg	5390014,5392647,6445555,6450842,9798775,9805356,11633669,11640252,14157845,14163031,17893849,17896164,21536040,21552726,21965317,21971901,22771758,22774578
X	gagcgattgaatttcaccatgctactgcag	11272986
X	gagcgtgagaatgctgagcatgcacttagc	22137487,22137487
X	gagggcagtcaaatctgcttaggtcaggct	5390055,5392688,6445596,6450883,9798816,9805397,11633710,11640293,14157886,14163072,17893890,17896205,21536081,21552767,21965358,21971942,22771799,22774619
X	gaggtatggcactcagtatgtggataaata	11271897
X	gaggtcatacaggcattacaagaacgctag	21677397
X	gagtcgaactaatgtcccgtcagttgacta	5389839,5392472,6445380,6450667,9798600,9805181,11633494,11640077,14157670,14162856,17893674,17895989,21535865,21552551,21965142,21971726,22771583,22774403,22969679
X	gagtgccatacctcgttgaactcgtcataa	11310151
X	gagtggccgaagacagcaagcagatgaact	3465080,7846658
X	gagttcaacgaggtatggcactcagtatgt	11271888
X	gatatagcccgcataagttaatttaacaat	3464372
X	gatccaaatatggattgtcatacctcgttg	11532232,11559248,11559607
X	gatcgcggagcgtgagaatgctgagcatgc	22137480,22137480
X	gatctaacgcttatacataagccgatcgcg	4763464,22137457,4763464,22137457
X	gatgaactcgtaagggcgcagaatcacaac	7846680
X	gatgtttacaagaacggctgcgctgccaaa	5390089,5392722,6445630,6450917,9798850,9805431,11633744,11640327,14157920,14163106,17893924,17896239,21536115,21552801,21965392,21971976,22771833,22774653
X	gatgtttaggtccgtctacactcgtccgga	11272886
X	gattaggtagcgttgaaagagggcagtcaa	5390037,5392670,6445578,6450865,9798798,9805379,11633692,11640275,14157868,14163054,17893872,17896187,21536063,21552749,21965340,21971924,22771781,22774601
X	gattgtcatacctcgttgagttcgtattca	11532244,11559260,11559619
X	gattgtgaagaggaagacggttatgaatta	3465373,7846974
X	gatttagttgatttagctataacttggcta	11273096
X	gatttcccaaatttgaatgcaaatcgattg	10990158,10990518,10990879,10991239
X	gcaagcagatgaactcgtaagggcgcagaa	7846673
X	gcaagcaggcacattcacaaacatgaatga	23541316
X	gcaatgaagttatttatccacatactgagt	11310125
X	gcactcagtatgtggataaataacttcatt	11271905
X	gcagaccggtttccttatcgaattccggac	11310568
X	gcagatgaactcgtaagggcgcagaatcac	7846677
X	gcagtagcatggtgaaattcaatcgctccc	11310493
X	gcagtcaaatctgcttaggtcaggctttag	5390059,5392692,6445600,6450887,9798820,9805401,11633714,11640297,14157890,14163076,17893894,17896209,21536085,21552771,21965362,21971946,22771803,22774623
X	gcatggtgaaattcaatcgctccctgagca	11310499
X	gcattttttgtaaggggtaacatcatcaaa	5460531,5523166,5523504,5580397,5580757,5581117,8318041,8369613,8699516,8699875,8700235,8700595,8700954,8701314,8702034,8735396,8735756,8840416,8840776,9017395,9072564,9235206,9374516,9396896,9623425,9623734,9624093,9624452,9624811,9625170,9625529,9625888,9726399,9727117,9809925,9810284,9840956,9905087,9956165,10008135,10240051,10292156,10340412,10340771,10489132,10919574,12124901,12437781,12438139,12438499,12683513,12794887,12795606,12795966,12796686,12797046,12797406,12797766,12928659,13126670,13360911,13361271,13361991,13362351,5460531,5523166,5523504,5580397,5580757,5581117,8318041,8369613,8699516,8699875,8700235,8700595,8700954,8701314,8702034,8735396,8735756,8840416,8840776,9017395,9072564,9235206,9374516,9396896,9623425,9623734,9624093,9624452,9624811,9625170,9625529,9625888,9726399,9727117,9809925,9810284,9840956,9905087,9956165,10008135,10240051,10292156,10340412,10340771,10489132,10919574,12124901,12437781,12438139,12438499,12683513,12794887,12795606,12795966,12796686,12797046,12797406,12797766,12928659,13126670,13360911,13361271,13361991,13362351
X	gccaaagtgcgaagacacgcaaacgggctg	22126867
X	gccaagttatagctaaatcaactaaatcgt	11310383
X	gcccaaatgctcagggagcgattgaatttc	11272971
X	gccgaagacagcaagcagatgaactcgtaa	3465085,7846663
X	gccgactattcacggcacataactagatta	23444209
X	gccgactggtcaaggaaatgacccagttgg	22126774,23539624
X	gccgatcgcggagcgtgagaatgctgagca	22137477,22137477
X	gcctatttctaacaatttgtacatttagca	3464571
X	gcctcagtatttgaacaatatttgtatttc	5389980,5392613,6445521,6450808,9798741,9805322,11633635,11640218,14157811,14162997,17893815,17896130,21536006,21552692,21965283,21971867,22771724,22774544
X	gcctcgctcttgggttcttaagattaggta	5390016,5392649,6445557,6450844,9798777,9805358,11633671,11640254,14157847,14163033,17893851,17896166,21536042,21552728,21965319,21971903,22771760,22774580
X	gcctgcctgcctgcctgcctgcctgcctgc	19382668,19382672,19382668,19382672
X	gcgcctatttctaacaatttgtacatttag	3464569
X	gcggagcgtgagaatgctgagcatgcactt	22137484,22137484
X	gcgtgagaatgctgagcatgcacttagcag	22137489,22137489
X	gcgttgaaagagggcagtcaaatctgctta	5390046,5392679,6445587,6450874,9798807,9805388,11633701,11640284,14157877,14163063,17893881,17896196,21536072,21552758,21965349,21971933,22771790,22774610
X	gctaaatcaactaaatcgtattccgaattt	11310394
X	gctcagggagcgattgaatttcaccatgct	11272979
X	gctcttgggttcttaagattaggtagcgtt	5390021,5392654,6445562,6450849,9798782,9805363,11633676,11640259,14157852,14163038,17893856,17896171,21536047,21552733,21965324,21971908,22771765,22774585
X	gctgaccagagtcactggcgtggactttct	11272937
X	gctgcagtagcatggtgaaattcaatcgct	11310490
X	gcttaggtcaggctttaggatgtttacaag	5390071,5392704,6445612,6450899,9798832,9805413,11633726,11640309,14157902,14163088,17893906,17896221,21536097,21552783,21965374,21971958,22771815,22774635
X	gcttatacataagccgatcgcggagcgtga	22137465,22137465
X	gctttaggatgtttacaagaacggctgcgc	5390082,5392715,6445623,6450910,9798843,9805424,11633737,11640320,14157913,14163099,17893917,17896232,21536108,21552794,21965385,21971969,22771826,22774646
X	ggaatacgatttagttgatttagctataac	11273089
X	ggagaaatagtttcacgactttattctttg	5389902,5392535,6445443,6450730,9798663,9805244,11633557,11640140,14157733,14162919,17893737,17896052,21535928,21552614,21965205,21971789,22771646,22774466
X	ggagaagcctcagtatttgaacaatatttg	5389974,5392607,6445515,6450802,9798735,9805316,11633629,11640212,14157805,14162991,17893809,17896124,21536000,21552686,21965277,21971861,22771718,22774538
X	ggagagcctcgctcttgggttcttaagatt	5390011,5392644,6445552,6450839,9798772,9805353,11633666,11640249,14157842,14163028,17893846,17896161,21536037,21552723,21965314,21971898,22771755,22774575
X	ggagcgattgaatttcaccatgctactgca	11272985
X	ggagcgtgagaatgctgagcatgcacttag	22137486,22137486
X	ggaggtcatacaggcattacaagaacgcta	21677396
X	ggatgtttacaagaacggctgcgctgccaa	5390088,5392721,6445629,6450916,9798849,9805430,11633743,11640326,14157919,14163105,17893923,17896238,21536114,21552800,21965391,21971975,22771832,22774652
X	ggattgtcatacctcgttgagttcgtattc	11532243,11559259,11559618
X	ggcactcagtatgtggataaataacttcat	11271904
X	ggcagtcaaatctgcttaggtcaggcttta	5390058,5392691,6445599,6450886,9798819,9805400,11633713,11640296,14157889,14163075,17893893,17896208,21536084,21552770,21965361,21971945,22771802,22774622
X	ggcccaaatgctcagggagcgattgaattt	11272970
X	ggccgaagacagcaagcagatgaactcgta	3465084,7846662
X	ggctgcgctgccaaagataaacgaatgctg	5390104,5392737,6445645,6450932,9798865,9805446,11633759,11640342,14157935,14163121,21536130,21552816,21965407,21971991,22771848,22774668
X	ggctttaggatgtttacaagaacggctgcg	5390081,5392714,6445622,6450909,9798842,9805423,11633736,11640319,14157912,14163098,17893916,17896231,21536107,21552793,21965384,21971968,22771825,22774645
X	gggagagcctcgctcttgggttcttaagat	5390010,5392643,6445551,6450838,9798771,9805352,11633665,11640248,14157841,14163027,17893845,17896160,21536036,21552722,21965313,21971897,22771754,22774574
X	gggagcgattgaatttcaccatgctactgc	11272984
X	gggcagtcaaatctgcttaggtcaggcttt	5390057,5392690,6445598,6450885,9798818,9805399,11633712,11640295,14157888,14163074,17893892,17896207,21536083,21552769,21965360,21971944,22771801,22774621
X	ggggtaacatcatcaaaatttgcaaaaaat	5460544,5521379,5521739,5522099,5522459,5522819,5523179,5523517,5523877,5580410,5580770,5581130,5775743,5846282,6384012,6385336,8318054,8369626,8699529,8699888,8700248,8700608,8700967,8701327,8702047,8702407,8735409,8735769,8840429,8840789,9034054,9235219,9235578,9374529,9396909,9623438,9623747,9624106,9624465,9624824,9625183,9625542,9625901,9726412,9726771,9809938,9810297,9840969,9905100,9956178,10007789,10240064,10292169,10340425,10340784,11413926,11757924,12437794,12438152,12545227,12683180,12794900,12795619,12795979,12796699,12797059,12797419,12797779,12928672,12929033,13127046,13360924,13361284,13362004,13362364,13693335
X	gggttcttaagattaggtagcgttgaaaga	5390027,5392660,6445568,6450855,9798788,9805369,11633682,11640265,14157858,14163044,17893862,17896177,21536053,21552739,21965330,21971914,22771771,22774591
X	ggtagcgttgaaagagggcagtcaaatctg	5390042,5392675,6445583,6450870,9798803,9805384,11633697,11640280,14157873,14163059,17893877,17896192,21536068,21552754,21965345,21971929,22771786,22774606
X	ggtatggcactcagtatgtggataaataac	11271899
X	ggtcaggctttaggatgtttacaagaacgg	5390076,5392709,6445617,6450904,9798837,9805418,11633731,11640314,14157907,14163093,17893911,17896226,21536102,21552788,21965379,21971963,22771820,22774640
X	ggtccaaatatggattgttatacctcgttg	11558888
X	ggtccgtctacactcgtccggaattcgata	11272894
X	ggtgaaattcaatcgctccctgagcatttg	11310503
X	ggtggcccaaatgctcagggagcgattgaa	11272967
X	ggttcttaagattaggtagcgttgaaagag	5390028,5392661,6445569,6450856,9798789,9805370,11633683,11640266,14157859,14163045,17893863,17896178,21536054,21552740,21965331,21971915,22771772,22774592
X	ggtttccttatcgaattccggacgagtgta	11310575
X	gtagcatggtgaaattcaatcgctccctga	11310496
X	gtagcgttgaaagagggcagtcaaatctgc	5390043,5392676,6445584,6450871,9798804,9805385,11633698,11640281,14157874,14163060,17893878,17896193,21536069,21552755,21965346,21971930,22771787,22774607
X	gtataatttgaaatggataatcaatcttta	3464497
X	gtatggcactcagtatgtggataaataact	11271900
X	gtatgtggataaataacttcattgctatga	11271912
X	gtattaatacattggaaatacgttaaactg	3464336
X	gtatttcgggagagcctcgctcttgggttc	5390003,5392636,6445544,6450831,9798764,9805345,11633658,11640241,14157834,14163020,17893838,17896153,21536029,21552715,21965306,21971890,22771747,22774567
X	gtatttgaacaatatttgtatttcgggaga	5389986,5392619,6445527,6450814,9798747,9805328,11633641,11640224,14157817,14163003,17893821,17896136,21536012,21552698,21965289,21971873,22771730,22774550
X	gtcaaatctgcttaggtcaggctttaggat	5390062,5392695,6445603,6450890,9798823,9805404,11633717,11640300,14157893,14163079,17893897,17896212,21536088,21552774,21965365,21971949,22771806,22774626
X	gtcaggctttaggatgtttacaagaacggc	5390077,5392710,6445618,6450905,9798838,9805419,11633732,11640315,14157908,14163094,17893912,17896227,21536103,21552789,21965380,21971964,22771821,22774641
X	gtcagttgactaaggacaacgccaagaaat	5389857,5392490,6445398,6450685,9798618,9805199,11633512,11640095,14157688,14162874,17893692,17896007,21535883,21552569,21965160,21971744,22771601,22774421
X	gtcattgaaatgttagcttgcgaatttgaa	7846917
X	gtccaaatatggattgttatacctcgttga	11558889
X	gtcccgtcagttgactaaggacaacgccaa	5389852,5392485,6445393,6450680,9798613,9805194,11633507,11640090,14157683,14162869,17893687,17896002,21535878,21552564,21965155,21971739,22771596,22774416
X	gtccggaattcgataaggaaaccggtctgc	11272909
X	gtccgtctacactcgtccggaattcgataa	11272895
X	gtcgaactaatgtcccgtcagttgactaag	5389841,5392474,6445382,6450669,9798602,9805183,11633496,11640079,14157672,14162858,17893676,17895991,21535867,21552553,21965144,21971728,22771585,22774405,22969681
X	gtctacactcgtccggaattcgataaggaa	11272899
X	gtgaaattcaatcgctccctgagcatttgg	11310504
X	gtgaagaggaagacggttatgaattataca	3465377,7846978
X	gtgcgcctatttctaacaatttgtacattt	3464567
X	gtggataaataacttcattgctatgaacaa	11271916
X	gtggcccaaatgctcagggagcgattgaat	11272968
X	gtggccgaagacagcaagcagatgaactcg	3465082,7846660
X	gtgtgcgcctatttctaacaatttgtacat	3464565
X	gtgttcaattcctaactcatatcaggtagt	3464694,7846246
X	gttatagctaaatcaactaaatcgtattcc	11310388
X	gttatgatatagcccgcataagttaattta	3464367
X	gttatttatccacatactgagtgccatacc	11310133
X	gttcaacgaggtatggcactcagtatgtgg	11271890
X	gttcaattcctaactcatatcaggtagtct	3464696,7846248
X	gttcatagcaatgaagttatttatccacat	11310118
X	gttcattccatcaattatagtcttaatata	23541673
X	gttcttaagattaggtagcgttgaaagagg	5390029,5392662,6445570,6450857,9798790,9805371,11633684,11640267,14157860,14163046,17893864,17896179,21536055,21552741,21965332,21971916,22771773,22774593
X	gttgaaagagggcagtcaaatctgcttagg	5390048,5392681,6445589,6450876,9798809,9805390,11633703,11640286,14157879,14163065,17893883,17896198,21536074,21552760,21965351,21971935,22771792,22774612
X	gtttacaagaacggctgcgctgccaaagat	5390092,5392725,6445633,6450920,9798853,9805434,11633747,11640330,14157923,14163109,17893927,17896242,21536118,21552804,21965395,21971979,22771836,22774656
X	gtttaggtccgtctacactcgtccggaatt	11272889
X	gtttcacgactttattctttggatctcagc	5389911,5392544,6445452,6450739,9798672,9805253,11633566,11640149,14157742,14162928,17893746,17896061,21535937,21552623,21965214,21971798,22771655,22774475
X	gtttccttatcgaattccggacgagtgtag	11310576
X	taaagaacttcgccgactattcacggcaca	23444198
X	taaataggaaaggaaattagttggactccc	7846601
X	taacagctgttaaagtcggctgttgcgagc	3464414
X	taacgcttatacataagccgatcgcggagc	4763468,22137461,4763468,22137461
X	taactcatatcaggtagtctctatgtgcgt	3464706,7846258
X	taactgtgaatgctattcgaaagggaattt	11271852
X	taagattaggtagcgttgaaagagggcagt	5390034,5392667,6445575,6450862,9798795,9805376,11633689,11640272,14157865,14163051,17893869,17896184,21536060,21552746,21965337,21971921,22771778,22774598
X	taagccgatcgcggagcgtgagaatgctga	22137474,22137474
X	taatgatccaaatatggattgtcatacctc	11559244,11559603
X	taatggtccaaatatggattgttatacctc	11558884
X	taatgtcccgtcagttgactaaggacaacg	5389848,5392481,6445389,6450676,9798609,9805190,11633503,11640086,14157679,14162865,17893683,17895998,21535874,21552560,21965151,21971735,22771592,22774412,22969688
X	taatttgaaatggataatcaatctttaggt	3464500
X	tacaagaacggctgcgctgccaaagataaa	5390095,5392728,6445636,6450923,9798856,9805437,11633750,11640333,14157926,14163112,17893930,17896245,21536121,21552807,21965398,21971982,22771839,22774659
X	tacacccaagaggtggagaaactgacaaag	23541164
X	tacactcgtccggaattcgataaggaaacc	11272902
X	tacataagccgatcgcggagcgtgagaatg	22137470,22137470
X	tacgatctaacgcttatacataagccgatc	4763461,22137454,4763461,22137454
X	tacgatttagttgatttagctataacttgg	11273093
X	tactagagtgcattactgatttctttgaaa	5390160,5392793,6445701,6450988,9798921,9805502,11633815,11640398,14157991,14163177,17893995,17896310,21536186,21552872,21965463,21972047,22771904,22774724
X	tactgagtgccatacctcgttgaactcgtc	11310147
X	tactgattgtgaagaggaagacggttatga	7846970
X	tagaccatacatttatggcaaacatttcac	21672435
X	tagagtgcattactgatttctttgaaataa	5390163,5392796,6445704,6450991,9798924,9805505,11633818,11640401,14157994,14163180,17893998,17896313,21536189,21552875,21965466,21972050,22771907,22774727
X	tagatttcccaaatttgaatgcaaatcgat	10990156,10990516,10990877,10991237
X	tagcaatgaagttatttatccacatactga	11310123
X	tagcatggtgaaattcaatcgctccctgag	11310497
X	tagccaagttatagctaaatcaactaaatc	11310381
X	tagcggcaattcattgggcaattacccatt	21672404,23444495
X	tagcgttgaaagagggcagtcaaatctgct	5390044,5392677,6445585,6450872,9798805,9805386,11633699,11640282,14157875,14163061,17893879,17896194,21536070,21552756,21965347,21971931,22771788,22774608
X	tagctaaatcaactaaatcgtattccgaat	11310392
X	taggaaaggaaattagttggactcccgaaa	7846605
X	taggagaaatagtttcacgactttattctt	5389900,5392533,6445441,6450728,9798661,9805242,11633555,11640138,14157731,14162917,17893735,17896050,21535926,21552612,21965203,21971787,22771644,22774464
X	taggatgtttacaagaacggctgcgctgcc	5390086,5392719,6445627,6450914,9798847,9805428,11633741,11640324,14157917,14163103,17893921,17896236,21536112,21552798,21965389,21971973,22771830,22774650
X	tagggagcaatatctcgatttccaatgctg	3464767,7846319
X	taggtagcgttgaaagagggcagtcaaatc	5390040,5392673,6445581,6450868,9798801,9805382,11633695,11640278,14157871,14163057,17893875,17896190,21536066,21552752,21965343,21971927,22771784,22774604
X	taggtcaggctttaggatgtttacaagaac	5390074,5392707,6445615,6450902,9798835,9805416,11633729,11640312,14157905,14163091,17893909,17896224,21536100,21552786,21965377,21971961,22771818,22774638
X	taggtccgtctacactcgtccggaattcga	11272892
X	tagtattaatacattggaaatacgttaaac	3464334
X	tagtttcacgactttattctttggatctca	5389909,5392542,6445450,6450737,9798670,9805251,11633564,11640147,14157740,14162926,17893744,17896059,21535935,21552621,21965212,21971796,22771653,22774473
X	tataaagaacttcgccgactattcacggca	23444196
X	tataatttgaaatggataatcaatctttag	3464498
X	tatacataagccgatcgcggagcgtgagaa	22137468,22137468
X	tatagcccgcataagttaatttaacaatgc	3464374
X	tatagctaaatcaactaaatcgtattccga	11310390
X	tatcatgcaagcaggcacattcacaaacat	23541310
X	tatccacatactgagtgccatacctcgttg	11310139
X	tatcgaattccggacgagtgtagacggacc	11310583
X	tatgacgagttcaacgaggtatggcactca	11271882
X	tatgagtcgaactaatgtcccgtcagttga	5389836,5392469,6445377,6450664,9798597,9805178,11633491,11640074,14157667,14162853,17893671,17895986,21535862,21552548,21965139,21971723,22771580,22774400
X	tatgatatagcccgcataagttaatttaac	3464369
X	tatggattgtcatacctcgttgagttcgta	11532240,11559256,11559615
X	tatggattgttatacctcgttgagttcgta	11558896
X	tatggcactcagtatgtggataaataactt	11271901
X	tatgtggataaataacttcattgctatgaa	11271913
X	tattaatacattggaaatacgttaaactgt	3464337
X	tattcacggcacataactagattatgtaaa	23444215
X	tatttatccacatactgagtgccatacctc	11310135
X	tatttatgagtcgaactaatgtcccgtcag	5389832,5392465,6445373,6450660,9798593,9805174,11633487,11640070,14157663,14162849,17893667,17895982,21535858,21552544,21965135,21971719,22771576,22774396
X	tatttcgggagagcctcgctcttgggttct	5390004,5392637,6445545,6450832,9798765,9805346,11633659,11640242,14157835,14163021,17893839,17896154,21536030,21552716,21965307,21971891,22771748,22774568
X	tatttctaacaatttgtacatttagcaagt	3464574
X	tatttgaacaatatttgtatttcgggagag	5389987,5392620,6445528,6450815,9798748,9805329,11633642,11640225,14157818,14163004,17893822,17896137,21536013,21552699,21965290,21971874,22771731,22774551
X	tatttgtatttcgggagagcctcgctcttg	5389998,5392631,6445539,6450826,9798759,9805340,11633653,11640236,14157829,14163015,17893833,17896148,21536024,21552710,21965301,21971885,22771742,22774562
X	tcaaaccaagtgaagactggtttataatta	23541986
X	tcaaatctgcttaggtcaggctttaggatg	5390063,5392696,6445604,6450891,9798824,9805405,11633718,11640301,14157894,14163080,17893898,17896213,21536089,21552775,21965366,21971950,22771807,22774627
X	tcaacgaggtatggcactcagtatgtggat	11271892
X	tcaattcctaactcatatcaggtagtctct	3464698,7846250
X	tcacgactttattctttggatctcagctta	5389914,5392547,6445455,6450742,9798675,9805256,11633569,11640152,14157745,14162931,17893749,17896064,21535940,21552626,21965217,21971801,22771658,22774478
X	tcagactctactgattgtgaagaggaagac	7846962
X	tcaggctttaggatgtttacaagaacggct	5390078,5392711,6445619,6450906,9798839,9805420,11633733,11640316,14157909,14163095,17893913,17896228,21536104,21552790,21965381,21971965,22771822,22774642
X	tcagggagcgattgaatttcaccatgctac	11272981
X	tcagtatgtggataaataacttcattgcta	11271909
X	tcagtatttgaacaatatttgtatttcggg	5389983,5392616,6445524,6450811,9798744,9805325,11633638,11640221,14157814,14163000,17893818,17896133,21536009,21552695,21965286,21971870,22771727,22774547
X	tcagttgactaaggacaacgccaagaaata	5389858,5392491,6445399,6450686,9798619,9805200,11633513,11640096,14157689,14162875,17893693,17896008,21535884,21552570,21965161,21971745,22771602,22774422
X	tcatagcaatgaagttatttatccacatac	11310120
X	tcatgcaagcaggcacattcacaaacatga	23541312
X	tccaaatatggattgtcatacctcgttgag	11532234,11559250,11559609
X	tccaaatatggattgttatacctcgttgag	11558890
X	tccacatactgagtgccatacctcgttgaa	11310141
X	tcccgtcagttgactaaggacaacgccaag	5389853,5392486,6445394,6450681,9798614,9805195,11633508,11640091,14157684,14162870,17893688,17896003,21535879,21552565,21965156,21971740,22771597,22774417
X	tccggaattcgataaggaaaccggtctgct	11272910
X	tccggacgagtgtagacggacctaaacatc	11310591
X	tccgtctacactcgtccggaattcgataag	11272896
X	tcctaactcatatcaggtagtctctatgtg	3464703,7846255
X	tccttatcgaattccggacgagtgtagacg	11310579
X	tcgaactaatgtcccgtcagttgactaagg	5389842,5392475,6445383,6450670,9798603,9805184,11633497,11640080,14157673,14162859,17893677,17895992,21535868,21552554,21965145,21971729,22771586,22774406,22969682
X	tcgaattccggacgagtgtagacggaccta	11310585
X	tcgcattttttgtaaggggtaacatcatca	5460529,5523164,5523502,5580395,5580755,5581115,8318039,8369611,8699514,8699873,8700233,8700593,8700952,8701312,8702032,8735394,8735754,8840414,8840774,9072562,9374514,9396894,9623423,9623732,9624091,9624450,9624809,9625168,9625527,9625886,9726397,9809923,9810282,9905085,9956163,10240049,10292154,10340410,10340769,10489130,10919572,12437779,12438137,12438497,12683511,12794885,12795604,12795964,12796684,12797044,12797404,12797764,12928657,13360909,13361269,13361989,13362349,5460529,5523164,5523502,5580395,5580755,5581115,8318039,8369611,8699514,8699873,8700233,8700593,8700952,8701312,8702032,8735394,8735754,8840414,8840774,9072562,9374514,9396894,9623423,9623732,9624091,9624450,9624809,9625168,9625527,9625886,9726397,9809923,9810282,9905085,9956163,10240049,10292154,10340410,10340769,10489130,10919572,12437779,12438137,12438497,12683511,12794885,12795604,12795964,12796684,12797044,12797404,12797764,12928657,13360909,13361269,13361989,13362349
X	tcgccaaagtgcgaagacacgcaaacgggc	22126865
X	tcgccgactattcacggcacataactagat	23444207
X	tcgcggagcgtgagaatgctgagcatgcac	22137482,22137482
X	tcgctcttgggttcttaagattaggtagcg	5390019,5392652,6445560,6450847,9798780,9805361,11633674,11640257,14157850,14163036,17893854,17896169,21536045,21552731,21965322,21971906,22771763,22774583
X	tcggaatacgatttagttgatttagctata	11273087
X	tcgggagagcctcgctcttgggttcttaag	5390008,5392641,6445549,6450836,9798769,9805350,11633663,11640246,14157839,14163025,17893843,17896158,21536034,21552720,21965311,21971895,22771752,22774572
X	tcgtccggaattcgataaggaaaccggtct	11272907
X	tctaacgcttatacataagccgatcgcgga	4763466,22137459,4763466,22137459
X	tctacactcgtccggaattcgataaggaaa	11272900
X	tctactgattgtgaagaggaagacggttat	7846968
X	tctgccagccagatcacaagttattcggaa	23542083
X	tctgcttaggtcaggctttaggatgtttac	5390068,5392701,6445609,6450896,9798829,9805410,11633723,11640306,14157899,14163085,17893903,17896218,21536094,21552780,21965371,21971955,22771812,22774632
X	tcttaagattaggtagcgttgaaagagggc	5390031,5392664,6445572,6450859,9798792,9805373,11633686,11640269,14157862,14163048,17893866,17896181,21536057,21552743,21965334,21971918,22771775,22774595
X	tcttcagactctactgattgtgaagaggaa	7846959
X	tcttgggttcttaagattaggtagcgttga	5390023,5392656,6445564,6450851,9798784,9805365,11633678,11640261,14157854,14163040,17893858,17896173,21536049,21552735,21965326,21971910,22771767,22774587
X	tgaaagagggcagtcaaatctgcttaggtc	5390050,5392683,6445591,6450878,9798811,9805392,11633705,11640288,14157881,14163067,17893885,17896200,21536076,21552762,21965353,21971937,22771794,22774614
X	tgaaatacgatctaacgcttatacataagc	22137449,22137449
X	tgaaatggataatcaatctttaggttctta	3464505
X	tgaaattcaatcgctccctgagcatttggg	11310505
X	tgaacaatatttgtatttcgggagagcctc	5389991,5392624,6445532,6450819,9798752,9805333,11633646,11640229,14157822,14163008,17893826,17896141,21536017,21552703,21965294,21971878,22771735,22774555
X	tgaactcgtaagggcgcagaatcacaacga	7846682
X	tgaagttatttatccacatactgagtgcca	11310129
X	tgaccagagtcactggcgtggactttctgg	11272939
X	tgacgagttcaacgaggtatggcactcagt	11271884
X	tgagtcgaactaatgtcccgtcagttgact	5389838,5392471,6445379,6450666,9798599,9805180,11633493,11640076,14157669,14162855,17893673,17895988,21535864,21552550,21965141,21971725,22771582,22774402
X	tgagtgccatacctcgttgaactcgtcata	11310150
X	tgagtggccgaagacagcaagcagatgaac	3465079,7846657
X	tgatatagcccgcataagttaatttaacaa	3464371
X	tgatccaaatatggattgtcatacctcgtt	11532231,11559247,11559606
X	tgattgtgaagaggaagacggttatgaatt	3465372,7846973
X	tgcaagcaggcacattcacaaacatgaatg	23541315
X	tgcagtagcatggtgaaattcaatcgctcc	11310492
X	tgcctgcctgcctgcctgcctgcctgcctg	19382667,19382671
X	tgcgcctatttctaacaatttgtacattta	3464568
X	tgctcagggagcgattgaatttcaccatgc	11272978
X	tgctgaccagagtcactggcgtggactttc	11272936
X	tgcttaggtcaggctttaggatgtttacaa	5390070,5392703,6445611,6450898,9798831,9805412,11633725,11640308,14157901,14163087,17893905,17896220,21536096,21552782,21965373,21971957,22771814,22774634
X	tggataaataacttcattgctatgaacaaa	11271917
X	tggattgtcatacctcgttgagttcgtatt	11532242,11559258,11559617
X	tggattgttatacctcgttgagttcgtatt	11558898
X	tggcactcagtatgtggataaataacttca	11271903
X	tggcccaaatgctcagggagcgattgaatt	11272969
X	tggccgaagacagcaagcagatgaactcgt	3465083,7846661
X	tgggttcttaagattaggtagcgttgaaag	5390026,5392659,6445567,6450854,9798787,9805368,11633681,11640264,14157857,14163043,17893861,17896176,21536052,21552738,21965329,21971913,22771770,22774590
X	tggtccaaatatggattgttatacctcgtt	11558887
X	tggtgaaattcaatcgctccctgagcattt	11310502
X	tgtatttcgggagagcctcgctcttgggtt	5390002,5392635,6445543,6450830,9798763,9805344,11633657,11640240,14157833,14163019,17893837,17896152,21536028,21552714,21965305,21971889,22771746,22774566
X	tgtcccgtcagttgactaaggacaacgcca	5389851,5392484,6445392,6450679,9798612,9805193,11633506,11640089,14157682,14162868,17893686,17896001,21535877,21552563,21965154,21971738,22771595,22774415
X	tgtgaagaggaagacggttatgaattatac	3465376,7846977
X	tgtgcgcctatttctaacaatttgtacatt	3464566
X	tgtggataaataacttcattgctatgaaca	11271915
X	tgtgttcaattcctaactcatatcaggtag	3464693,7846245
X	tgttatgatatagcccgcataagttaattt	3464366
X	tgttcaattcctaactcatatcaggtagtc	3464695,7846247
X	tgttcatagcaatgaagttatttatccaca	11310117
X	tgtttacaagaacggctgcgctgccaaaga	5390091,5392724,6445632,6450919,9798852,9805433,11633746,11640329,14157922,14163108,17893926,17896241,21536117,21552803,21965394,21971978,22771835,22774655
X	tgtttaggtccgtctacactcgtccggaat	11272888
X	ttaactgtgaatgctattcgaaagggaatt	11271851
X	ttaagattaggtagcgttgaaagagggcag	5390033,5392666,6445574,6450861,9798794,9805375,11633688,11640271,14157864,14163050,17893868,17896183,21536059,21552745,21965336,21971920,22771777,22774597
X	ttacaagaacggctgcgctgccaaagataa	5390094,5392727,6445635,6450922,9798855,9805436,11633749,11640332,14157925,14163111,17893929,17896244,21536120,21552806,21965397,21971981,22771838,22774658
X	ttactagagtgcattactgatttctttgaa	5390159,5392792,6445700,6450987,9798920,9805501,11633814,11640397,14157990,14163176,17893994,17896309,21536185,21552871,21965462,21972046,22771903,22774723
X	ttagaccatacatttatggcaaacatttca	21672434
X	ttagccaagttatagctaaatcaactaaat	11310380
X	ttaggagaaatagtttcacgactttattct	5389899,5392532,6445440,6450727,9798660,9805241,11633554,11640137,14157730,14162916,17893734,17896049,21535925,21552611,21965202,21971786,22771643,22774463
X	ttaggatgtttacaagaacggctgcgctgc	5390085,5392718,6445626,6450913,9798846,9805427,11633740,11640323,14157916,14163102,17893920,17896235,21536111,21552797,21965388,21971972,22771829,22774649
X	ttagggagcaatatctcgatttccaatgct	3464766,7846318
X	ttaggtagcgttgaaagagggcagtcaaat	5390039,5392672,6445580,6450867,9798800,9805381,11633694,11640277,14157870,14163056,17893874,17896189,21536065,21552751,21965342,21971926,22771783,22774603
X	ttaggtcaggctttaggatgtttacaagaa	5390073,5392706,6445614,6450901,9798834,9805415,11633728,11640311,14157904,14163090,17893908,17896223,21536099,21552785,21965376,21971960,22771817,22774637
X	ttaggtccgtctacactcgtccggaattcg	11272891
X	ttagtattaatacattggaaatacgttaaa	3464333
X	ttataaagaacttcgccgactattcacggc	23444195
X	ttatacagctaatgatccaaataaacgatt	11065319,11065319,11065319,11065319,11065319
X	ttatacataagccgatcgcggagcgtgaga	22137467,22137467
X	ttatagctaaatcaactaaatcgtattccg	11310389
X	ttatcatgcaagcaggcacattcacaaaca	23541309
X	ttatccacatactgagtgccatacctcgtt	11310138
X	ttatcgaattccggacgagtgtagacggac	11310582
X	ttatgacgagttcaacgaggtatggcactc	11271881
X	ttatgagtcgaactaatgtcccgtcagttg	5389835,5392468,6445376,6450663,9798596,9805177,11633490,11640073,14157666,14162852,17893670,17895985,21535861,21552547,21965138,21971722,22771579,22774399
X	ttatgatatagcccgcataagttaatttaa	3464368
X	ttattctttggatctcagcttaagactaaa	5389922,5392555,6445463,6450750,9798683,9805264,11633577,11640160,14157753,14162939,17893757,17896072,21535948,21552634,21965225,21971809,22771666,22774486
X	ttatttatccacatactgagtgccatacct	11310134
X	ttatttatgagtcgaactaatgtcccgtca	5389831,5392464,6445372,6450659,9798592,9805173,11633486,11640069,14157662,14162848,17893666,17895981,21535857,21552543,21965134,21971718,22771575,22774395
X	ttcaaaccaagtgaagactggtttataatt	23541985
X	ttcaacgaggtatggcactcagtatgtgga	11271891
X	ttcaatcgctccctgagcatttgggccacc	11310510
X	ttcaattcctaactcatatcaggtagtctc	3464697,7846249
X	ttcacgactttattctttggatctcagctt	5389913,5392546,6445454,6450741,9798674,9805255,11633568,11640151,14157744,14162930,17893748,17896063,21535939,21552625,21965216,21971800,22771657,22774477
X	ttcagactctactgattgtgaagaggaaga	7846961
X	ttcatagcaatgaagttatttatccacata	11310119
X	ttccggacgagtgtagacggacctaaacat	11310590
X	ttcctaactcatatcaggtagtctctatgt	3464702,7846254
X	ttccttatcgaattccggacgagtgtagac	11310578
X	ttcgcattttttgtaaggggtaacatcatc	5460528,5523163,5523501,5580394,5580754,5581114,8318038,8369610,8699513,8699872,8700232,8700592,8700951,8701311,8702031,8735393,8735753,8840413,8840773,9072561,9374513,9396893,9623422,9623731,9624090,9624449,9624808,9625167,9625526,9625885,9726396,9809922,9810281,9905084,9956162,10240048,10292153,10340409,10340768,10489129,10919571,12437778,12438136,12438496,12683510,12794884,12795603,12795963,12796683,12797043,12797403,12797763,12928656,13360908,13361268,13361988,13362348,5460528,5523163,5523501,5580394,5580754,5581114,8318038,8369610,8699513,8699872,8700232,8700592,8700951,8701311,8702031,8735393,8735753,8840413,8840773,9072561,9374513,9396893,9623422,9623731,9624090,9624449,9624808,9625167,9625526,9625885,9726396,9809922,9810281,9905084,9956162,10240048,10292153,10340409,10340768,10489129,10919571,12437778,12438136,12438496,12683510,12794884,12795603,12795963,12796683,12797043,12797403,12797763,12928656,13360908,13361268,13361988,13362348
X	ttcgccaaagtgcgaagacacgcaaacggg	22126864
X	ttcgccgactattcacggcacataactaga	23444206
X	ttcggaatacgatttagttgatttagctat	11273086
X	ttcgggagagcctcgctcttgggttcttaa	5390007,5392640,6445548,6450835,9798768,9805349,11633662,11640245,14157838,14163024,17893842,17896157,21536033,21552719,21965310,21971894,22771751,22774571
X	ttctaacaatttgtacatttagcaagtggt	3464577
X	ttctgccagccagatcacaagttattcgga	23542082
X	ttcttaagattaggtagcgttgaaagaggg	5390030,5392663,6445571,6450858,9798791,9805372,11633685,11640268,14157861,14163047,17893865,17896180,21536056,21552742,21965333,21971917,22771774,22774594
X	ttgaaagagggcagtcaaatctgcttaggt	5390049,5392682,6445590,6450877,9798810,9805391,11633704,11640287,14157880,14163066,17893884,17896199,21536075,21552761,21965352,21971936,22771793,22774613
X	ttgaaatggataatcaatctttaggttctt	3464504
X	ttgaacaatatttgtatttcgggagagcct	5389990,5392623,6445531,6450818,9798751,9805332,11633645,11640228,14157821,14163007,17893825,17896140,21536016,21552702,21965293,21971877,22771734,22774554
X	ttgagtggccgaagacagcaagcagatgaa	3465078,7846656
X	ttgggttcttaagattaggtagcgttgaaa	5390025,5392658,6445566,6450853,9798786,9805367,11633680,11640263,14157856,14163042,17893860,17896175,21536051,21552737,21965328,21971912,22771769,22774589
X	ttgtatttcgggagagcctcgctcttgggt	5390001,5392634,6445542,6450829,9798762,9805343,11633656,11640239,14157832,14163018,17893836,17896151,21536027,21552713,21965304,21971888,22771745,22774565
X	ttgtcatacctcgttgagttcgtattcaaa	11532246,11559262,11559621
X	ttgtgaagaggaagacggttatgaattata	3465375,7846976
X	ttgttcatagcaatgaagttatttatccac	11310116
X	tttaactgtgaatgctattcgaaagggaat	11271850
X	tttacaagaacggctgcgctgccaaagata	5390093,5392726,6445634,6450921,9798854,9805435,11633748,11640331,14157924,14163110,17893928,17896243,21536119,21552805,21965396,21971980,22771837,22774657
X	tttagaccatacatttatggcaaacatttc	21672433
X	tttagccaagttatagctaaatcaactaaa	11310379
X	tttaggagaaatagtttcacgactttattc	5389898,5392531,6445439,6450726,9798659,9805240,11633553,11640136,14157729,14162915,17893733,17896048,21535924,21552610,21965201,21971785,22771642,22774462
X	tttaggatgtttacaagaacggctgcgctg	5390084,5392717,6445625,6450912,9798845,9805426,11633739,11640322,14157915,14163101,17893919,17896234,21536110,21552796,21965387,21971971,22771828,22774648
X	tttagggagcaatatctcgatttccaatgc	3464765,7846317
X	tttaggtccgtctacactcgtccggaattc	11272890
X	tttagtattaatacattggaaatacgttaa	3464332
X	tttagttgatttagctataacttggctaaa	11273098
X	tttataaagaacttcgccgactattcacgg	23444194
X	tttatacagctaatgatccaaataaacgat	11065318,11065318,11065318,11065318,11065318
X	tttatccacatactgagtgccatacctcgt	11310137
X	tttatgacgagttcaacgaggtatggcact	11271880
X	tttatgagtcgaactaatgtcccgtcagtt	5389834,5392467,6445375,6450662,9798595,9805176,11633489,11640072,14157665,14162851,17893669,17895984,21535860,21552546,21965137,21971721,22771578,22774398
X	tttattctttggatctcagcttaagactaa	5389921,5392554,6445462,6450749,9798682,9805263,11633576,11640159,14157752,14162938,17893756,17896071,21535947,21552633,21965224,21971808,22771665,22774485
X	tttatttatgagtcgaactaatgtcccgtc	5389830,5392463,6445371,6450658,9798591,9805172,11633485,11640068,14157661,14162847,17893665,17895980,21535856,21552542,21965133,21971717,22771574,22774394
X	tttcacgactttattctttggatctcagct	5389912,5392545,6445453,6450740,9798673,9805254,11633567,11640150,14157743,14162929,17893747,17896062,21535938,21552624,21965215,21971799,22771656,22774476
X	tttccttatcgaattccggacgagtgtaga	11310577
X	tttcgcattttttgtaaggggtaacatcat	5460527,5523162,5523500,5580393,5580753,5581113,8318037,8369609,8699512,8699871,8700231,8700591,8700950,8701310,8701670,8702030,8735392,8735752,8840412,8840772,9072560,9374512,9396892,9623421,9623730,9624089,9624448,9624807,9625166,9625525,9625884,9726395,9809921,9810280,9905083,9956161,10240047,10292152,10340408,10340767,10489128,10831159,10919570,10990099,10990459,10990820,12047096,12047453,12047810,12124179,12437777,12438135,12438495,12683509,12794883,12795602,12795962,12796682,12797042,12797402,12797762,12928655,13360907,13361267,13361627,13361987,13362347,15221586,5460527,5523162,5523500,5580393,5580753,5581113,8318037,8369609,8699512,8699871,8700231,8700591,8700950,8701310,8701670,8702030,8735392,8735752,8840412,8840772,9072560,9374512,9396892,9623421,9623730,9624089,9624448,9624807,9625166,9625525,9625884,9726395,9809921,9810280,9905083,9956161,10240047,10292152,10340408,10340767,10489128,10831159,10919570,10990099,10990459,10990820,12047096,12047453,12047810,12124179,12437777,12438135,12438495,12683509,12794883,12795602,12795962,12796682,12797042,12797402,12797762,12928655,13360907,13361267,13361627,13361987,13362347,15221586
X	tttcgggagagcctcgctcttgggttctta	5390006,5392639,6445547,6450834,9798767,9805348,11633661,11640244,14157837,14163023,17893841,17896156,21536032,21552718,21965309,21971893,22771750,22774570
X	tttctaacaatttgtacatttagcaagtgg	3464576
X	tttgaaatggataatcaatctttaggttct	3464503
X	tttgaacaatatttgtatttcgggagagcc	5389989,5392622,6445530,6450817,9798750,9805331,11633644,11640227,14157820,14163006,17893824,17896139,21536015,21552701,21965292,21971876,22771733,22774553
X	tttgagtggccgaagacagcaagcagatga	3465077,7846655
X	tttgcaaattttgatgatgttaccccttac	5490215,5490582,5490941,5502792,5712626,6206816,6207175,6351582,8577610,8578301,8750579,8750939,8752019,8752379,8827643,8851241,9005809,9036965,9137754,9138116,9138477,9138838,9203990,9204349,9296847,9297207,9534689,9556943,9597534,9597893,9711046,9772394,9881161,9920122,9941756,9971581,9984034,10048824,10049185,10103242,10120508,10120867,10261904,10262263,10262622,11023295,11532326,11780491,11781556,12093305,12189323,13056712,13057072,13423519,13530362,15597857,17348110
X	tttgtaaggggtaacatcatcaaaatttgc	5460537,5523172,5523510,5580403,5580763,5581123,8318047,8369619,8699522,8699881,8700241,8700601,8700960,8701320,8702040,8735402,8735762,8840422,8840782,9034047,9072570,9235212,9374522,9396902,9623431,9623740,9624099,9624458,9624817,9625176,9625535,9625894,9726405,9726764,9809931,9810290,9840962,9905093,9956171,10007782,10240057,10292162,10340418,10340777,10489138,10919580,11889682,11890402,12124549,12437787,12438145,12545220,12683173,12794893,12795612,12795972,12796692,12797052,12797412,12797772,12928665,12929026,13126676,13127039,13360917,13361277,13361997,13362357,5460537,5523172,5523510,5580403,5580763,5581123,8318047,8369619,8699522,8699881,8700241,8700601,8700960,8701320,8702040,8735402,8735762,8840422,8840782,9034047,9072570,9235212,9374522,9396902,9623431,9623740,9624099,9624458,9624817,9625176,9625535,9625894,9726405,9726764,9809931,9810290,9840962,9905093,9956171,10007782,10240057,10292162,10340418,10340777,10489138,10919580,11889682,11890402,12124549,12437787,12438145,12545220,12683173,12794893,12795612,12795972,12796692,12797052,12797412,12797772,12928665,12929026,13126676,13127039,13360917,13361277,13361997,13362357
X	tttgtatttcgggagagcctcgctcttggg	5390000,5392633,6445541,6450828,9798761,9805342,11633655,11640238,14157831,14163017,17893835,17896150,21536026,21552712,21965303,21971887,22771744,22774564
X	tttgttcatagcaatgaagttatttatcca	11310115
X	ttttcgcattttttgtaaggggtaacatca	5460526,5523161,5523499,5580392,5580752,5581112,8318036,8369608,8699511,8699870,8700230,8700590,8700949,8701309,8701669,8702029,8735391,8735751,8840411,8840771,9072559,9374511,9396891,9623420,9623729,9624088,9624447,9624806,9625165,9625524,9625883,9726394,9809920,9810279,9905082,9956160,10240046,10292151,10340407,10340766,10489127,10831158,10919569,10990098,10990458,10990819,12047095,12047452,12047809,12124178,12437776,12438134,12438494,12683508,12794882,12795601,12795961,12796681,12797041,12797401,12797761,12928654,13360906,13361266,13361626,13361986,13362346,15221585,5460526,5523161,5523499,5580392,5580752,5581112,8318036,8369608,8699511,8699870,8700230,8700590,8700949,8701309,8701669,8702029,8735391,8735751,8840411,8840771,9072559,9374511,9396891,9623420,9623729,9624088,9624447,9624806,9625165,9625524,9625883,9726394,9809920,9810279,9905082,9956160,10240046,10292151,10340407,10340766,10489127,10831158,10919569,10990098,10990458,10990819,12047095,12047452,12047809,12124178,12437776,12438134,12438494,12683508,12794882,12795601,12795961,12796681,12797041,12797401,12797761,12928654,13360906,13361266,13361626,13361986,13362346,15221585
X	ttttgcaaattttgatgatgttacccctta	4328788,4382695,5490214,5490581,5490940,5502791,5503151,5712625,6206815,6207174,6351581,6418290,6419614,6477700,6479024,8577609,8578300,8750578,8750938,8752018,8752378,8827642,8851240,9005808,9036964,9137753,9138115,9138476,9138837,9203989,9204348,9296846,9297206,9534688,9556942,9597533,9597892,9711045,9772393,9881160,9920121,9941755,9971580,9984033,10048823,10049184,10103241,10120507,10120866,10156190,10261903,10262262,10262621,11023294,11532325,11780490,11781555,12093304,12189322,13056711,13057071,13242019,13423518,13530361,15597856,17348109
X	ttttgtaaggggtaacatcatcaaaatttg	5460536,5523171,5523509,5580402,5580762,5581122,8318046,8369618,8699521,8699880,8700240,8700600,8700959,8701319,8702039,8735401,8735761,8840421,8840781,9034046,9072569,9235211,9374521,9396901,9623430,9623739,9624098,9624457,9624816,9625175,9625534,9625893,9726404,9726763,9809930,9810289,9840961,9905092,9956170,10007781,10240056,10292161,10340417,10340776,10489137,10919579,11889681,11890401,12124548,12437786,12438144,12545219,12683172,12683518,12794892,12795611,12795971,12796691,12797051,12797411,12797771,12928664,12929025,13126675,13127038,13360916,13361276,13361996,13362356,5460536,5523171,5523509,5580402,5580762,5581122,8318046,8369618,8699521,8699880,8700240,8700600,8700959,8701319,8702039,8735401,8735761,8840421,8840781,9034046,9072569,9235211,9374521,9396901,9623430,9623739,9624098,9624457,9624816,9625175,9625534,9625893,9726404,9726763,9809930,9810289,9840961,9905092,9956170,10007781,10240056,10292161,10340417,10340776,10489137,10919579,11889681,11890401,12124548,12437786,12438144,12545219,12683172,12683518,12794892,12795611,12795971,12796691,12797051,12797411,12797771,12928664,12929025,13126675,13127038,13360916,13361276,13361996,13362356
X	tttttgcaaattttgatgatgttacccctt	4328787,4382694,5490213,5490580,5490939,5502790,5503150,5712624,6206814,6207173,6351580,6418289,6419613,6477699,6479023,8577608,8578299,8750577,8750937,8752017,8752377,8827641,8851239,9005807,9036963,9137752,9138114,9138475,9138836,9203988,9204347,9296845,9297205,9534687,9556941,9597532,9597891,9711044,9772392,9881159,9920120,9941754,9971579,9984032,10048822,10049183,10103240,10120506,10120865,10156189,10261902,10262261,10262620,11023293,11362725,11532324,11780489,11781554,12093303,12189321,13056710,13057070,13242018,13423517,13530360,13900806,13901156,15597855,17348108
X	tttttgtaaggggtaacatcatcaaaattt	5460535,5523170,5523508,5580401,5580761,5581121,8318045,8369617,8699520,8699879,8700239,8700599,8700958,8701318,8702038,8735400,8735760,8840420,8840780,9034045,9072568,9093018,9235210,9374520,9396900,9623429,9623738,9624097,9624456,9624815,9625174,9625533,9625892,9726403,9726762,9727121,9809929,9810288,9840960,9905091,9956169,10007780,10240055,10292160,10340416,10340775,10489136,10919578,11889680,11890400,12124547,12437785,12438143,12545218,12683171,12683517,12794891,12795610,12795970,12796690,12797050,12797410,12797770,12928663,12929024,13126674,13127037,13360915,13361275,13361995,13362355,5460535,5523170,5523508,5580401,5580761,5581121,8318045,8369617,8699520,8699879,8700239,8700599,8700958,8701318,8702038,8735400,8735760,8840420,8840780,9034045,9072568,9093018,9235210,9374520,9396900,9623429,9623738,9624097,9624456,9624815,9625174,9625533,9625892,9726403,9726762,9727121,9809929,9810288,9840960,9905091,9956169,10007780,10240055,10292160,10340416,10340775,10489136,10919578,11889680,11890400,12124547,12437785,12438143,12545218,12683171,12683517,12794891,12795610,12795970,12796690,12797050,12797410,12797770,12928663,12929024,13126674,13127037,13360915,13361275,13361995,13362355
X	ttttttgcaaattttgatgatgttacccct	5490212,5490938,5502789,5503149,5712623,6206813,6207172,6418288,6419612,6477698,6479022,8577607,8578298,8750576,8750936,8752016,8752376,8827640,8851238,9005806,9036962,9137751,9138113,9138474,9138835,9203987,9204346,9296844,9297204,9534686,9556940,9597531,9597890,9711043,9772391,9881158,9920119,9941753,9971578,9984031,10048821,10049182,10103239,10120505,10120864,10156188,10261901,10262260,10262619,11023292,11362724,11532323,11780488,11781553,12093302,12189320,13056709,13057069,13242017,13423516,13530359,13900805,13901155,15597854,17348107
X	ttttttgtaaggggtaacatcatcaaaatt	5460534,5523169,5523507,5580400,5580760,5581120,8318044,8369616,8699519,8699878,8700238,8700598,8700957,8701317,8702037,8735399,8735759,8840419,8840779,9017398,9034044,9072567,9093017,9235209,9374519,9396899,9623428,9623737,9624096,9624455,9624814,9625173,9625532,9625891,9726402,9726761,9727120,9809928,9810287,9840959,9905090,9956168,10240054,10292159,10340415,10340774,10489135,10919577,11889679,11890399,12124546,12124904,12437784,12438142,12545217,12683170,12683516,12794890,12795609,12795969,12796689,12797049,12797409,12797769,12928662,12929023,13126673,13127036,13360914,13361274,13361994,13362354,5460534,5523169,5523507,5580400,5580760,5581120,8318044,8369616,8699519,8699878,8700238,8700598,8700957,8701317,8702037,8735399,8735759,8840419,8840779,9017398,9034044,9072567,9093017,9235209,9374519,9396899,9623428,9623737,9624096,9624455,9624814,9625173,9625532,9625891,9726402,9726761,9727120,9809928,9810287,9840959,9905090,9956168,10240054,10292159,10340415,10340774,10489135,10919577,11889679,11890399,12124546,12124904,12437784,12438142,12545217,12683170,12683516,12794890,12795609,12795969,12796689,12797049,12797409,12797769,12928662,12929023,13126673,13127036,13360914,13361274,13361994,13362354
