X	aaagctagaaggttgagattcagcatacag	150119
X	aaatatggaatgtcatacatcgttgagttt	12188514
X	aaatatggaatgtcatacctcgttgagttt	8577521,8751210,8751930,8827914,10439145,11040569,12093216,12189234,12371095,12371455,12371815,13113487,13113847,13195299,13474452,14697515,8577521,8751210,8751930,8827914,10439145,11040569,12093216,12189234,12371095,12371455,12371815,13113487,13113847,13195299,13474452,14697515,8577521,8751210,8751930,8827914,10439145,11040569,12093216,12189234,12371095,12371455,12371815,13113487,13113847,13195299,13474452,14697515,8577521,8751210,8751930,8827914,10439145,11040569,12093216,12189234,12371095,12371455,12371815,13113487,13113847,13195299,13474452,14697515,8577521,8751210,8751930,8827914,10439145,11040569,12093216,12189234,12371095,12371455,12371815,13113487,13113847,13195299,13474452,14697515
X	aaatcccaatcgatttgcattcaagtttgg	8021685,14914938,8021685,14914938,8021685,14914938,8021685,14914938,8021685,14914938,8021685,14914938
X	aaattccaatcgatttgcattcaagtttgg	8577918,8750887,8751247,8751607,8751967,8827952,12093253,12188551,12371492,12371852
X	aaattttgatgatgttaccccttacaaaaa	1812491,5490220,5490946,5502797,5712270,5979624,6207180,6351225,6351587,8531032,8577615,8750584,8750944,8751304,8751664,8752024,8752384,8827648,8909061,9005814,9137759,9138121,9138482,9138843,9203995,9204354,9296852,9313758,9534694,9556948,9597539,9597898,9711051,9772399,9880809,9881166,9920127,9941761,9971586,9984039,10048829,10049190,10103247,10120513,10120872,10261909,10262268,10262627,10439239,11230716,11231078,12093310,12093658,12187888,12189328,12493997,12833095,13056717,13057077,13113221,13113581,13113941,13195034,13423524,14914995,15597862,17348115,1812491,5490220,5490946,5502797,5712270,5979624,6207180,6351225,6351587,8531032,8577615,8750584,8750944,8751304,8751664,8752024,8752384,8827648,8909061,9005814,9137759,9138121,9138482,9138843,9203995,9204354,9296852,9313758,9534694,9556948,9597539,9597898,9711051,9772399,9880809,9881166,9920127,9941761,9971586,9984039,10048829,10049190,10103247,10120513,10120872,10261909,10262268,10262627,10439239,11230716,11231078,12093310,12093658,12187888,12189328,12493997,12833095,13056717,13057077,13113221,13113581,13113941,13195034,13423524,14914995,15597862,17348115
X	aacaaacggagctgtcaaatccatgtaccc	12087144,12091197,12087144,12091197,12087144,12091197
X	aactaatttcatcgaacaaacggagctgtc	12087130
X	aagctagaaggttgagattcagcatacaga	150120,21421523
X	aaggttgagattcagcatacagattctaga	21421530
X	aatatggaatgtcatacatcgttgagtttg	12188515
X	aatatggaatgtcatacctcgttgagtttg	8577522,8751211,8751931,8827915,10439146,11040570,12093217,12189235,12371096,12371456,12371816,13113488,13113848,13195300,13474453,14697516,8577522,8751211,8751931,8827915,10439146,11040570,12093217,12189235,12371096,12371456,12371816,13113488,13113848,13195300,13474453,14697516,8577522,8751211,8751931,8827915,10439146,11040570,12093217,12189235,12371096,12371456,12371816,13113488,13113848,13195300,13474453,14697516,8577522,8751211,8751931,8827915,10439146,11040570,12093217,12189235,12371096,12371456,12371816,13113488,13113848,13195300,13474453,14697516,8577522,8751211,8751931,8827915,10439146,11040570,12093217,12189235,12371096,12371456,12371816,13113488,13113848,13195300,13474453,14697516
X	aatcaatcaatcaatcaatcaatcaatcaa	13862963,13862967
X	aatcccaatcgatttgcattcaagtttggg	8021686,14914939,8021686,14914939,8021686,14914939,8021686,14914939,8021686,14914939,8021686,14914939
X	aatcgatttgcattcaagtttgggaattct	8021692,8577925,8750534,8750894,8751254,8751614,8751974,8752694,8827959,12093260,12188558,12371499,12371859,14914945,8021692,8577925,8750534,8750894,8751254,8751614,8751974,8752694,8827959,12093260,12188558,12371499,12371859,14914945,8021692,8577925,8750534,8750894,8751254,8751614,8751974,8752694,8827959,12093260,12188558,12371499,12371859,14914945,8021692,8577925,8750534,8750894,8751254,8751614,8751974,8752694,8827959,12093260,12188558,12371499,12371859,14914945,8021692,8577925,8750534,8750894,8751254,8751614,8751974,8752694,8827959,12093260,12188558,12371499,12371859,14914945,8021692,8577925,8750534,8750894,8751254,8751614,8751974,8752694,8827959,12093260,12188558,12371499,12371859,14914945,8021692,8577925,8750534,8750894,8751254,8751614,8751974,8752694,8827959,12093260,12188558,12371499,12371859,14914945
X	aattccaatcgatttgcattcaagtttggg	8577919,8750888,8751248,8751608,8751968,8827953,12093254,12188552,12371493,12371853
X	aatttcatcgaacaaacggagctgtcaaat	12087134,12091187,12087134,12091187
X	aattttgatgatgttaccccttacaaaaaa	1812492,5490221,5490947,5502798,5712271,5979625,6207181,6351226,6351588,8531033,8577616,8750585,8750945,8751305,8751665,8752025,8752385,8827649,8909062,9005815,9137760,9138122,9138483,9138844,9203996,9204355,9296853,9313759,9534695,9556949,9597540,9597899,9711052,9772400,9880810,9881167,9920128,9941762,9971587,10048830,10049191,10103248,10120514,10120873,10261910,10262269,10439240,11230717,11231079,12093311,12093659,12187889,12188969,12189329,12493998,12833096,13056718,13057078,13113222,13113582,13113942,13195035,13423525,14914996,15597863,17348116,1812492,5490221,5490947,5502798,5712271,5979625,6207181,6351226,6351588,8531033,8577616,8750585,8750945,8751305,8751665,8752025,8752385,8827649,8909062,9005815,9137760,9138122,9138483,9138844,9203996,9204355,9296853,9313759,9534695,9556949,9597540,9597899,9711052,9772400,9880810,9881167,9920128,9941762,9971587,10048830,10049191,10103248,10120514,10120873,10261910,10262269,10439240,11230717,11231079,12093311,12093659,12187889,12188969,12189329,12493998,12833096,13056718,13057078,13113222,13113582,13113942,13195035,13423525,14914996,15597863,17348116
X	acattgtccttggatctaatttcatcgaac	12091170
X	acccatgttgccacgcccactctaacgccc	4128404,21506121
X	actaatttcatcgaacaaacggagctgtca	12087131
X	agaaggttgagattcagcatacagattcta	150125,21002615,21421528
X	agagctcgtccagagcacaactcgtttcgt	12087207
X	agctagaaggttgagattcagcatacagat	150121,21421524
X	agctcgtccagagcacaactcgtttcgtaa	12087209
X	agggatggttagtgttgatcataaggagta	12189049,12189409
X	aggttgagattcagcatacagattctagag	21421531
X	agtttgctttcagagctcgtccagagcaca	12087196,12087196
X	atatggaatgtcatacatcgttgagtttgt	12188516
X	atatggaatgtcatacctcgttgagtttgt	8577523,8751212,8751932,8827916,10439147,11040571,12093218,12189236,12371097,12371457,12371817,13113489,13113849,13195301,13474454,14697517,8577523,8751212,8751932,8827916,10439147,11040571,12093218,12189236,12371097,12371457,12371817,13113489,13113849,13195301,13474454,14697517,8577523,8751212,8751932,8827916,10439147,11040571,12093218,12189236,12371097,12371457,12371817,13113489,13113849,13195301,13474454,14697517,8577523,8751212,8751932,8827916,10439147,11040571,12093218,12189236,12371097,12371457,12371817,13113489,13113849,13195301,13474454,14697517,8577523,8751212,8751932,8827916,10439147,11040571,12093218,12189236,12371097,12371457,12371817,13113489,13113849,13195301,13474454,14697517
X	atattcagtttgctttcagagctcgtccag	12087190,12087190
X	atcaatcaatcaatcaatcaatcaatcaat	13862964,13862968
X	atcacattgtccttggatctaatttcatcg	12091167
X	atcccaatcgatttgcattcaagtttggga	8021687,14914940,8021687,14914940,8021687,14914940,8021687,14914940,8021687,14914940,8021687,14914940
X	atcgaacaaacggagctgtcaaatccatgt	12087140,12091193,12087140,12091193
X	atcgatttgcattcaagtttgggaattcta	8021693,8577926,8750535,8750895,8751255,8751615,8751975,8752695,8827960,12093261,12188559,12371500,12371860,14914946,8021693,8577926,8750535,8750895,8751255,8751615,8751975,8752695,8827960,12093261,12188559,12371500,12371860,14914946,8021693,8577926,8750535,8750895,8751255,8751615,8751975,8752695,8827960,12093261,12188559,12371500,12371860,14914946,8021693,8577926,8750535,8750895,8751255,8751615,8751975,8752695,8827960,12093261,12188559,12371500,12371860,14914946,8021693,8577926,8750535,8750895,8751255,8751615,8751975,8752695,8827960,12093261,12188559,12371500,12371860,14914946,8021693,8577926,8750535,8750895,8751255,8751615,8751975,8752695,8827960,12093261,12188559,12371500,12371860,14914946,8021693,8577926,8750535,8750895,8751255,8751615,8751975,8752695,8827960,12093261,12188559,12371500,12371860,14914946
X	atctaatttcatcgaacaaacggagctgtc	12091183
X	atggaatgtcatacatcgttgagtttgttt	12188518
X	atggaatgtcatacctcgttgagtttgttt	8577525,8751214,8751934,8827918,10439149,11040573,12093220,12189238,12371099,12371459,12371819,13113491,13113851,13474456,13474816,14697519,8577525,8751214,8751934,8827918,10439149,11040573,12093220,12189238,12371099,12371459,12371819,13113491,13113851,13474456,13474816,14697519,8577525,8751214,8751934,8827918,10439149,11040573,12093220,12189238,12371099,12371459,12371819,13113491,13113851,13474456,13474816,14697519,8577525,8751214,8751934,8827918,10439149,11040573,12093220,12189238,12371099,12371459,12371819,13113491,13113851,13474456,13474816,14697519,8577525,8751214,8751934,8827918,10439149,11040573,12093220,12189238,12371099,12371459,12371819,13113491,13113851,13474456,13474816,14697519
X	atggttagtgttgatcataaggagtataaa	12187973,12189053,12189413
X	attcagtttgctttcagagctcgtccagag	12087192,12087192
X	attccaatcgatttgcattcaagtttggga	8577920,8750889,8751249,8751609,8751969,8827954,12093255,12188553,12371494,12371854
X	attgtccttggatctaatttcatcgaacaa	12091172
X	attgtgtaattggtaagctacaaatttaac	12087264
X	atttcatcgaacaaacggagctgtcaaatc	12087135,12091188,12087135,12091188
X	atttgcattcaagtttgggaattctaggat	8021697,8750539,8750899,8751259,8751619,8751979,8752699,8827964,12093265,12188563,12371504,12371864,14914950,8021697,8750539,8750899,8751259,8751619,8751979,8752699,8827964,12093265,12188563,12371504,12371864,14914950,8021697,8750539,8750899,8751259,8751619,8751979,8752699,8827964,12093265,12188563,12371504,12371864,14914950,8021697,8750539,8750899,8751259,8751619,8751979,8752699,8827964,12093265,12188563,12371504,12371864,14914950
X	attttgatgatgttaccccttacaaaaaat	5490222,5490948,5502799,5712272,5979626,6207182,6351227,8531034,8577617,8750586,8750946,8751306,8751666,8752026,8752386,8827650,8909063,9005816,9137761,9138123,9138484,9138845,9203997,9204356,9296854,9313760,9534696,9556950,9597541,9597900,9711053,9772401,9880811,9881168,9920129,9941763,9971588,10048831,10103249,10120515,10120874,10261911,10262270,10439241,11230718,11231080,12093312,12093660,12187890,12188970,12189330,12493999,12833097,13056719,13057079,13113223,13113583,13113943,13195036,14914997,15597864,5490222,5490948,5502799,5712272,5979626,6207182,6351227,8531034,8577617,8750586,8750946,8751306,8751666,8752026,8752386,8827650,8909063,9005816,9137761,9138123,9138484,9138845,9203997,9204356,9296854,9313760,9534696,9556950,9597541,9597900,9711053,9772401,9880811,9881168,9920129,9941763,9971588,10048831,10103249,10120515,10120874,10261911,10262270,10439241,11230718,11231080,12093312,12093660,12187890,12188970,12189330,12493999,12833097,13056719,13057079,13113223,13113583,13113943,13195036,14914997,15597864
X	caaatatggaatgtcatacatcgttgagtt	12188513
X	caaatatggaatgtcatacctcgttgagtt	8751209,8751929,8827913,10439144,11040568,12093215,12189233,12371094,12371454,12371814,13113486,13195298,13474451,14697514,8751209,8751929,8827913,10439144,11040568,12093215,12189233,12371094,12371454,12371814,13113486,13195298,13474451,14697514,8751209,8751929,8827913,10439144,11040568,12093215,12189233,12371094,12371454,12371814,13113486,13195298,13474451,14697514,8751209,8751929,8827913,10439144,11040568,12093215,12189233,12371094,12371454,12371814,13113486,13195298,13474451,14697514,8751209,8751929,8827913,10439144,11040568,12093215,12189233,12371094,12371454,12371814,13113486,13195298,13474451,14697514
X	caaattttgatgatgttaccccttacaaaa	1812490,5490219,5490945,5502796,5979623,6206820,6207179,6351224,6351586,8531031,8577614,8750583,8750943,8752023,8752383,8827647,8909060,9005813,9137758,9138120,9138481,9138842,9203994,9204353,9296851,9313757,9534693,9556947,9597538,9597897,9711050,9772398,9880808,9881165,9920126,9941760,9971585,9984038,10048828,10049189,10103246,10120512,10120871,10261908,10262267,10262626,10439238,11230715,11231077,12093309,12093657,12187887,12189327,12493996,13056716,13057076,13113220,13113580,13113940,13195033,13423523,14914994,15597861,17348114,1812490,5490219,5490945,5502796,5979623,6206820,6207179,6351224,6351586,8531031,8577614,8750583,8750943,8752023,8752383,8827647,8909060,9005813,9137758,9138120,9138481,9138842,9203994,9204353,9296851,9313757,9534693,9556947,9597538,9597897,9711050,9772398,9880808,9881165,9920126,9941760,9971585,9984038,10048828,10049189,10103246,10120512,10120871,10261908,10262267,10262626,10439238,11230715,11231077,12093309,12093657,12187887,12189327,12493996,13056716,13057076,13113220,13113580,13113940,13195033,13423523,14914994,15597861,17348114
X	caatcaatcaatcaatcaatcaatcaatca	13862962,13862966,13862970,13862962,13862966,13862970
X	caatcgatttgcattcaagtttgggaattc	8021691,8577924,8750893,8751253,8751613,8751973,8827958,12093259,12188557,12371498,12371858,14914944,8021691,8577924,8750893,8751253,8751613,8751973,8827958,12093259,12188557,12371498,12371858,14914944,8021691,8577924,8750893,8751253,8751613,8751973,8827958,12093259,12188557,12371498,12371858,14914944,8021691,8577924,8750893,8751253,8751613,8751973,8827958,12093259,12188557,12371498,12371858,14914944,8021691,8577924,8750893,8751253,8751613,8751973,8827958,12093259,12188557,12371498,12371858,14914944,8021691,8577924,8750893,8751253,8751613,8751973,8827958,12093259,12188557,12371498,12371858,14914944,8021691,8577924,8750893,8751253,8751613,8751973,8827958,12093259,12188557,12371498,12371858,14914944
X	cacattgtccttggatctaatttcatcgaa	12091169
X	cagagctcgtccagagcacaactcgtttcg	12087206
X	cagtttgctttcagagctcgtccagagcac	12087195,12087195
X	catcgaacaaacggagctgtcaaatccatg	12087139,12091192,12087139,12091192
X	catgttgccacgcccactctaacgcccaca	4128407,21506124
X	cattgtccttggatctaatttcatcgaaca	12091171
X	ccaatcgatttgcattcaagtttgggaatt	8021690,8577923,8750892,8751252,8751612,8751972,8827957,12093258,12188556,12371497,12371857,14914943,8021690,8577923,8750892,8751252,8751612,8751972,8827957,12093258,12188556,12371497,12371857,14914943,8021690,8577923,8750892,8751252,8751612,8751972,8827957,12093258,12188556,12371497,12371857,14914943,8021690,8577923,8750892,8751252,8751612,8751972,8827957,12093258,12188556,12371497,12371857,14914943,8021690,8577923,8750892,8751252,8751612,8751972,8827957,12093258,12188556,12371497,12371857,14914943,8021690,8577923,8750892,8751252,8751612,8751972,8827957,12093258,12188556,12371497,12371857,14914943,8021690,8577923,8750892,8751252,8751612,8751972,8827957,12093258,12188556,12371497,12371857,14914943
X	ccatgttgccacgcccactctaacgcccac	4128406,21506123
X	cccaatcgatttgcattcaagtttgggaat	8021689,14914942,8021689,14914942,8021689,14914942,8021689,14914942,8021689,14914942,8021689,14914942
X	cccatgttgccacgcccactctaacgccca	4128405,21506122
X	cctgatcacattgtccttggatctaatttc	12091163,12091163
X	ccttggaactaatttcatcgaacaaacgga	12087124
X	ccttggatctaatttcatcgaacaaacgga	12091177
X	cgaacaaacggagctgtcaaatccatgtac	12087142,12091195,12087142,12091195
X	cgatttgcattcaagtttgggaattctagg	8021695,8750537,8750897,8751257,8751617,8751977,8752697,8827962,12093263,12188561,12371502,12371862,14914948,8021695,8750537,8750897,8751257,8751617,8751977,8752697,8827962,12093263,12188561,12371502,12371862,14914948,8021695,8750537,8750897,8751257,8751617,8751977,8752697,8827962,12093263,12188561,12371502,12371862,14914948,8021695,8750537,8750897,8751257,8751617,8751977,8752697,8827962,12093263,12188561,12371502,12371862,14914948
X	ctaatttcatcgaacaaacggagctgtcaa	12087132,12091185,12087132,12091185
X	ctagaaggttgagattcagcatacagattc	150123,21421526
X	ctgatcacattgtccttggatctaatttca	12091164,12091164
X	cttggaactaatttcatcgaacaaacggag	12087125
X	cttggatctaatttcatcgaacaaacggag	12091178
X	ctttcagagctcgtccagagcacaactcgt	12087202
X	gaacaaacggagctgtcaaatccatgtacc	12087143,12091196,12087143,12091196,12087143,12091196
X	gaactaatttcatcgaacaaacggagctgt	12087129
X	gaaggttgagattcagcatacagattctag	21421529
X	gacccatgttgccacgcccactctaacgcc	4128403
X	gagctcgtccagagcacaactcgtttcgta	12087208
X	gatcacattgtccttggatctaatttcatc	12091166
X	gatctaatttcatcgaacaaacggagctgt	12091182
X	gatggttagtgttgatcataaggagtataa	12187972,12189052,12189412
X	gatttgcattcaagtttgggaattctagga	8021696,8750538,8750898,8751258,8751618,8751978,8752698,8827963,12093264,12188562,12371503,12371863,14914949,8021696,8750538,8750898,8751258,8751618,8751978,8752698,8827963,12093264,12188562,12371503,12371863,14914949,8021696,8750538,8750898,8751258,8751618,8751978,8752698,8827963,12093264,12188562,12371503,12371863,14914949,8021696,8750538,8750898,8751258,8751618,8751978,8752698,8827963,12093264,12188562,12371503,12371863,14914949
X	gcaaattttgatgatgttaccccttacaaa	1812489,5490218,5490944,5502795,5979622,6206819,6207178,6351223,6351585,8531030,8577613,8750582,8750942,8752022,8752382,8827646,9005812,9137757,9138119,9138480,9138841,9203993,9204352,9296850,9534692,9556946,9597537,9597896,9711049,9772397,9880807,9881164,9920125,9941759,9971584,9984037,10048827,10049188,10103245,10120511,10120870,10261907,10262266,10262625,10439237,11230714,11231076,12093308,12187886,12189326,13056715,13057075,13113219,13113579,13113939,13195032,13423522,15597860,17348113,1812489,5490218,5490944,5502795,5979622,6206819,6207178,6351223,6351585,8531030,8577613,8750582,8750942,8752022,8752382,8827646,9005812,9137757,9138119,9138480,9138841,9203993,9204352,9296850,9534692,9556946,9597537,9597896,9711049,9772397,9880807,9881164,9920125,9941759,9971584,9984037,10048827,10049188,10103245,10120511,10120870,10261907,10262266,10262625,10439237,11230714,11231076,12093308,12187886,12189326,13056715,13057075,13113219,13113579,13113939,13195032,13423522,15597860,17348113
X	gctagaaggttgagattcagcatacagatt	150122,21421525
X	gctcgtccagagcacaactcgtttcgtaac	12087210
X	gctttcagagctcgtccagagcacaactcg	12087201
X	ggaactaatttcatcgaacaaacggagctg	12087128
X	ggatctaatttcatcgaacaaacggagctg	12091181
X	ggatggttagtgttgatcataaggagtata	12187971,12189051,12189411
X	gggatggttagtgttgatcataaggagtat	12189050,12189410
X	ggttgagattcagcatacagattctagaga	21421532
X	gtccttggaactaatttcatcgaacaaacg	12087122
X	gtccttggatctaatttcatcgaacaaacg	12091175
X	gttgagattcagcatacagattctagagac	21421533
X	gtttgctttcagagctcgtccagagcacaa	12087197
X	taaatcccaatcgatttgcattcaagtttg	8021684,14914937,8021684,14914937,8021684,14914937,8021684,14914937,8021684,14914937,8021684,14914937
X	taaattccaatcgatttgcattcaagtttg	8577917,8750886,8751246,8751606,8751966,8827951,12188550,12371491,12371851
X	taatttcatcgaacaaacggagctgtcaaa	12087133,12091186,12087133,12091186
X	tagaaggttgagattcagcatacagattct	150124,21421527
X	tatattcagtttgctttcagagctcgtcca	12087189,12087189
X	tatggaatgtcatacatcgttgagtttgtt	12188517
X	tatggaatgtcatacctcgttgagtttgtt	8577524,8751213,8751933,8827917,10439148,11040572,12093219,12189237,12371098,12371458,12371818,13113490,13113850,13474455,14697518,8577524,8751213,8751933,8827917,10439148,11040572,12093219,12189237,12371098,12371458,12371818,13113490,13113850,13474455,14697518,8577524,8751213,8751933,8827917,10439148,11040572,12093219,12189237,12371098,12371458,12371818,13113490,13113850,13474455,14697518,8577524,8751213,8751933,8827917,10439148,11040572,12093219,12189237,12371098,12371458,12371818,13113490,13113850,13474455,14697518,8577524,8751213,8751933,8827917,10439148,11040572,12093219,12189237,12371098,12371458,12371818,13113490,13113850,13474455,14697518
X	tattcagtttgctttcagagctcgtccaga	12087191,12087191
X	tattgtgtaattggtaagctacaaatttaa	12087263
X	tcaatcaatcaatcaatcaatcaatcaatc	13862961,13862965,13862969,13862961,13862965,13862969
X	tcacattgtccttggatctaatttcatcga	12091168
X	tcagagctcgtccagagcacaactcgtttc	12087205
X	tcagtttgctttcagagctcgtccagagca	12087194,12087194
X	tcatcgaacaaacggagctgtcaaatccat	12087138,12091191,12087138,12091191
X	tccaatcgatttgcattcaagtttgggaat	8577922,8750891,8751251,8751611,8751971,8827956,12093257,12188555,12371496,12371856
X	tcccaatcgatttgcattcaagtttgggaa	8021688,14914941,8021688,14914941,8021688,14914941,8021688,14914941,8021688,14914941,8021688,14914941
X	tccttggaactaatttcatcgaacaaacgg	12087123
X	tccttggatctaatttcatcgaacaaacgg	12091176
X	tcgaacaaacggagctgtcaaatccatgta	12087141,12091194,12087141,12091194
X	tcgatttgcattcaagtttgggaattctag	8021694,8750536,8750896,8751256,8751616,8751976,8752696,8827961,12093262,12188560,12371501,12371861,14914947,8021694,8750536,8750896,8751256,8751616,8751976,8752696,8827961,12093262,12188560,12371501,12371861,14914947,8021694,8750536,8750896,8751256,8751616,8751976,8752696,8827961,12093262,12188560,12371501,12371861,14914947,8021694,8750536,8750896,8751256,8751616,8751976,8752696,8827961,12093262,12188560,12371501,12371861,14914947,8021694,8750536,8750896,8751256,8751616,8751976,8752696,8827961,12093262,12188560,12371501,12371861,14914947,8021694,8750536,8750896,8751256,8751616,8751976,8752696,8827961,12093262,12188560,12371501,12371861,14914947,8021694,8750536,8750896,8751256,8751616,8751976,8752696,8827961,12093262,12188560,12371501,12371861,14914947
X	tctaatttcatcgaacaaacggagctgtca	12091184
X	tgacccatgttgccacgcccactctaacgc	4128402,22705801
X	tgatcacattgtccttggatctaatttcat	12091165,12091165
X	tgcaaattttgatgatgttaccccttacaa	5490217,5490943,5502794,6206818,6207177,6351584,8577612,8750581,8750941,8752021,8752381,8827645,9005811,9137756,9138118,9138479,9138840,9203992,9204351,9296849,9534691,9556945,9597536,9597895,9711048,9772396,9880806,9881163,9920124,9941758,9971583,9984036,10048826,10049187,10103244,10120510,10120869,10261906,10262265,10262624,12093307,12189325,13056714,13057074,13423521,15597859,17348112,5490217,5490943,5502794,6206818,6207177,6351584,8577612,8750581,8750941,8752021,8752381,8827645,9005811,9137756,9138118,9138479,9138840,9203992,9204351,9296849,9534691,9556945,9597536,9597895,9711048,9772396,9880806,9881163,9920124,9941758,9971583,9984036,10048826,10049187,10103244,10120510,10120869,10261906,10262265,10262624,12093307,12189325,13056714,13057074,13423521,15597859,17348112
X	tgctttcagagctcgtccagagcacaactc	12087200
X	tggaactaatttcatcgaacaaacggagct	12087127
X	tggatctaatttcatcgaacaaacggagct	12091180
X	tgtccttggatctaatttcatcgaacaaac	12091174
X	ttaaatcccaatcgatttgcattcaagttt	8021683,14914936,8021683,14914936,8021683,14914936,8021683,14914936,8021683,14914936,8021683,14914936
X	ttaaattccaatcgatttgcattcaagttt	8577916,8750885,8751245,8751605,8751965,8827950,12188549,12371490,12371850
X	ttattgtgtaattggtaagctacaaattta	12087262
X	ttcagagctcgtccagagcacaactcgttt	12087204
X	ttcagtttgctttcagagctcgtccagagc	12087193,12087193
X	ttcatcgaacaaacggagctgtcaaatcca	12087137,12091190,12087137,12091190
X	ttccaatcgatttgcattcaagtttgggaa	8577921,8750890,8751250,8751610,8751970,8827955,12093256,12188554,12371495,12371855
X	ttgagattcagcatacagattctagagaca	21421534
X	ttgcaaattttgatgatgttaccccttaca	5490216,5490942,5502793,6206817,6207176,6351583,8577611,8578302,8750580,8750940,8752020,8752380,8827644,9005810,9137755,9138117,9138478,9138839,9203991,9204350,9296848,9297208,9534690,9556944,9597535,9597894,9711047,9772395,9881162,9920123,9941757,9971582,9984035,10048825,10049186,10103243,10120509,10120868,10261905,10262264,10262623,12093306,12189324,13056713,13057073,13423520,15597858,17348111,5490216,5490942,5502793,6206817,6207176,6351583,8577611,8578302,8750580,8750940,8752020,8752380,8827644,9005810,9137755,9138117,9138478,9138839,9203991,9204350,9296848,9297208,9534690,9556944,9597535,9597894,9711047,9772395,9881162,9920123,9941757,9971582,9984035,10048825,10049186,10103243,10120509,10120868,10261905,10262264,10262623,12093306,12189324,13056713,13057073,13423520,15597858,17348111
X	ttgcattcaagtttgggaattctaggattt	8750541,8750901,8751261,8751621,8751981,8752701,8827966,12093267,12188565,12371506,12371866,14914952,8750541,8750901,8751261,8751621,8751981,8752701,8827966,12093267,12188565,12371506,12371866,14914952,8750541,8750901,8751261,8751621,8751981,8752701,8827966,12093267,12188565,12371506,12371866,14914952,8750541,8750901,8751261,8751621,8751981,8752701,8827966,12093267,12188565,12371506,12371866,14914952
X	ttgctttcagagctcgtccagagcacaact	12087199
X	ttggaactaatttcatcgaacaaacggagc	12087126
X	ttggatctaatttcatcgaacaaacggagc	12091179
X	ttgtccttggatctaatttcatcgaacaaa	12091173
X	ttgtgtaattggtaagctacaaatttaaca	12087265
X	tttaaatcccaatcgatttgcattcaagtt	8021682,14914935,8021682,14914935,8021682,14914935,8021682,14914935,8021682,14914935,8021682,14914935
X	tttaaattccaatcgatttgcattcaagtt	8577915,8750884,8751244,8751604,8751964,8827949,12188548,12371489,12371849
X	tttcagagctcgtccagagcacaactcgtt	12087203
X	tttcatcgaacaaacggagctgtcaaatcc	12087136,12091189,12087136,12091189
X	tttgcaaattttgatgatgttaccccttac	5490215,5490582,5490941,5502792,5712626,6206816,6207175,6351582,8577610,8578301,8750579,8750939,8752019,8752379,8827643,8851241,9005809,9036965,9137754,9138116,9138477,9138838,9203990,9204349,9296847,9297207,9534689,9556943,9597534,9597893,9711046,9772394,9881161,9920122,9941756,9971581,9984034,10048824,10049185,10103242,10120508,10120867,10261904,10262263,10262622,11023295,11532326,11780491,11781556,12093305,12189323,13056712,13057072,13423519,13530362,15597857,17348110,5490215,5490582,5490941,5502792,5712626,6206816,6207175,6351582,8577610,8578301,8750579,8750939,8752019,8752379,8827643,8851241,9005809,9036965,9137754,9138116,9138477,9138838,9203990,9204349,9296847,9297207,9534689,9556943,9597534,9597893,9711046,9772394,9881161,9920122,9941756,9971581,9984034,10048824,10049185,10103242,10120508,10120867,10261904,10262263,10262622,11023295,11532326,11780491,11781556,12093305,12189323,13056712,13057072,13423519,13530362,15597857,17348110
X	tttgcattcaagtttgggaattctaggatt	8021698,8750540,8750900,8751260,8751620,8751980,8752700,8827965,12093266,12188564,12371505,12371865,14914951,8021698,8750540,8750900,8751260,8751620,8751980,8752700,8827965,12093266,12188564,12371505,12371865,14914951,8021698,8750540,8750900,8751260,8751620,8751980,8752700,8827965,12093266,12188564,12371505,12371865,14914951,8021698,8750540,8750900,8751260,8751620,8751980,8752700,8827965,12093266,12188564,12371505,12371865,14914951
X	tttgctttcagagctcgtccagagcacaac	12087198
X	ttttgatgatgttaccccttacaaaaaatg	5490223,5490949,5502800,5712273,5979627,6207183,6351228,8531035,8577618,8750587,8750947,8751307,8751667,8752027,8752387,8827651,8909064,9005817,9137762,9138124,9138485,9138846,9203998,9204357,9296855,9313761,9534697,9556951,9597542,9597901,9711054,9772402,9880812,9881169,9920130,9941764,9971589,10048832,10103250,10120516,10120875,10261912,10262271,10439242,11230719,11231081,12093313,12187891,12188971,12189331,12494000,12833098,13057080,13113224,13113584,13113944,13195037,14914998,15597865,5490223,5490949,5502800,5712273,5979627,6207183,6351228,8531035,8577618,8750587,8750947,8751307,8751667,8752027,8752387,8827651,8909064,9005817,9137762,9138124,9138485,9138846,9203998,9204357,9296855,9313761,9534697,9556951,9597542,9597901,9711054,9772402,9880812,9881169,9920130,9941764,9971589,10048832,10103250,10120516,10120875,10261912,10262271,10439242,11230719,11231081,12093313,12187891,12188971,12189331,12494000,12833098,13057080,13113224,13113584,13113944,13195037,14914998,15597865
X	ttttgcaaattttgatgatgttacccctta	4328788,4382695,5490214,5490581,5490940,5502791,5503151,5712625,6206815,6207174,6351581,6418290,6419614,6477700,6479024,8577609,8578300,8750578,8750938,8752018,8752378,8827642,8851240,9005808,9036964,9137753,9138115,9138476,9138837,9203989,9204348,9296846,9297206,9534688,9556942,9597533,9597892,9711045,9772393,9881160,9920121,9941755,9971580,9984033,10048823,10049184,10103241,10120507,10120866,10156190,10261903,10262262,10262621,11023294,11532325,11780490,11781555,12093304,12189322,13056711,13057071,13242019,13423518,13530361,15597856,17348109,4328788,4382695,5490214,5490581,5490940,5502791,5503151,5712625,6206815,6207174,6351581,6418290,6419614,6477700,6479024,8577609,8578300,8750578,8750938,8752018,8752378,8827642,8851240,9005808,9036964,9137753,9138115,9138476,9138837,9203989,9204348,9296846,9297206,9534688,9556942,9597533,9597892,9711045,9772393,9881160,9920121,9941755,9971580,9984033,10048823,10049184,10103241,10120507,10120866,10156190,10261903,10262262,10262621,11023294,11532325,11780490,11781555,12093304,12189322,13056711,13057071,13242019,13423518,13530361,15597856,17348109
X	tttttgcaaattttgatgatgttacccctt	4328787,4382694,5490213,5490580,5490939,5502790,5503150,5712624,6206814,6207173,6351580,6418289,6419613,6477699,6479023,8577608,8578299,8750577,8750937,8752017,8752377,8827641,8851239,9005807,9036963,9137752,9138114,9138475,9138836,9203988,9204347,9296845,9297205,9534687,9556941,9597532,9597891,9711044,9772392,9881159,9920120,9941754,9971579,9984032,10048822,10049183,10103240,10120506,10120865,10156189,10261902,10262261,10262620,11023293,11362725,11532324,11780489,11781554,12093303,12189321,13056710,13057070,13242018,13423517,13530360,13900806,13901156,15597855,17348108,4328787,4382694,5490213,5490580,5490939,5502790,5503150,5712624,6206814,6207173,6351580,6418289,6419613,6477699,6479023,8577608,8578299,8750577,8750937,8752017,8752377,8827641,8851239,9005807,9036963,9137752,9138114,9138475,9138836,9203988,9204347,9296845,9297205,9534687,9556941,9597532,9597891,9711044,9772392,9881159,9920120,9941754,9971579,9984032,10048822,10049183,10103240,10120506,10120865,10156189,10261902,10262261,10262620,11023293,11362725,11532324,11780489,11781554,12093303,12189321,13056710,13057070,13242018,13423517,13530360,13900806,13901156,15597855,17348108
X	ttttttgcaaattttgatgatgttacccct	5490212,5490938,5502789,5503149,5712623,6206813,6207172,6418288,6419612,6477698,6479022,8577607,8578298,8750576,8750936,8752016,8752376,8827640,8851238,9005806,9036962,9137751,9138113,9138474,9138835,9203987,9204346,9296844,9297204,9534686,9556940,9597531,9597890,9711043,9772391,9881158,9920119,9941753,9971578,9984031,10048821,10049182,10103239,10120505,10120864,10156188,10261901,10262260,10262619,11023292,11362724,11532323,11780488,11781553,12093302,12189320,13056709,13057069,13242017,13423516,13530359,13900805,13901155,15597854,17348107,5490212,5490938,5502789,5503149,5712623,6206813,6207172,6418288,6419612,6477698,6479022,8577607,8578298,8750576,8750936,8752016,8752376,8827640,8851238,9005806,9036962,9137751,9138113,9138474,9138835,9203987,9204346,9296844,9297204,9534686,9556940,9597531,9597890,9711043,9772391,9881158,9920119,9941753,9971578,9984031,10048821,10049182,10103239,10120505,10120864,10156188,10261901,10262260,10262619,11023292,11362724,11532323,11780488,11781553,12093302,12189320,13056709,13057069,13242017,13423516,13530359,13900805,13901155,15597854,17348107
