X	aaacagttattctttcgtctatatgacatt	12493751
X	aaacatttaaagtcgaacaatatacataca	12754779
X	aaagtcgaacaatatacatacatatgtaag	12754787
X	aaagtgatagggatcgttagcattggtaat	12493711
X	aaataaacatttaaagtcgaacaatataca	12754775
X	aaatcgaacttacatatgtatgtatattgt	12755304
X	aaattttgatgatgttaccccttacaaaaa	1812491,5490220,5490946,5502797,5712270,5979624,6207180,6351225,6351587,8531032,8577615,8750584,8750944,8751304,8751664,8752024,8752384,8827648,8909061,9005814,9137759,9138121,9138482,9138843,9203995,9204354,9296852,9313758,9534694,9556948,9597539,9597898,9711051,9772399,9880809,9881166,9920127,9941761,9971586,9984039,10048829,10049190,10103247,10120513,10120872,10261909,10262268,10262627,10439239,11230716,11231078,12093310,12093658,12187888,12189328,12493997,12833095,13056717,13057077,13113221,13113581,13113941,13195034,13423524,14914995,15597862,17348115,1812491,5490220,5490946,5502797,5712270,5979624,6207180,6351225,6351587,8531032,8577615,8750584,8750944,8751304,8751664,8752024,8752384,8827648,8909061,9005814,9137759,9138121,9138482,9138843,9203995,9204354,9296852,9313758,9534694,9556948,9597539,9597898,9711051,9772399,9880809,9881166,9920127,9941761,9971586,9984039,10048829,10049190,10103247,10120513,10120872,10261909,10262268,10262627,10439239,11230716,11231078,12093310,12093658,12187888,12189328,12493997,12833095,13056717,13057077,13113221,13113581,13113941,13195034,13423524,14914995,15597862,17348115,1812491,5490220,5490946,5502797,5712270,5979624,6207180,6351225,6351587,8531032,8577615,8750584,8750944,8751304,8751664,8752024,8752384,8827648,8909061,9005814,9137759,9138121,9138482,9138843,9203995,9204354,9296852,9313758,9534694,9556948,9597539,9597898,9711051,9772399,9880809,9881166,9920127,9941761,9971586,9984039,10048829,10049190,10103247,10120513,10120872,10261909,10262268,10262627,10439239,11230716,11231078,12093310,12093658,12187888,12189328,12493997,12833095,13056717,13057077,13113221,13113581,13113941,13195034,13423524,14914995,15597862,17348115
X	aacaatatacatacatatgtaagttcgatt	12754794
X	aacagttattctttcgtctatatgacattt	12493752
X	aacatttaaagtcgaacaatatacatacat	12754780
X	aacatttaaataaacatttaaagtcgaaca	12754768
X	aacttacatatgtatgtatattgttcgact	12755310
X	aagtcgaacaatatacatacatatgtaagt	12754788
X	aagtgatagggatcgttagcattggtaatt	12493712
X	aataaacatttaaagtcgaacaatatacat	12754776
X	aatatagaatgtcatacctcgttgagctcg	10049097
X	aatcgaacttacatatgtatgtatattgtt	12755305
X	aatgtcatacctcgttgagctcgtaattaa	1812405,8908975,9203909,9204268,9296766,9557221,10262541,14884223
X	aattaaatttccaatcaaactgtgtccaaa	9203933,13057015
X	aattttgatgatgttaccccttacaaaaaa	1812492,5490221,5490947,5502798,5712271,5979625,6207181,6351226,6351588,8531033,8577616,8750585,8750945,8751305,8751665,8752025,8752385,8827649,8909062,9005815,9137760,9138122,9138483,9138844,9203996,9204355,9296853,9313759,9534695,9556949,9597540,9597899,9711052,9772400,9880810,9881167,9920128,9941762,9971587,10048830,10049191,10103248,10120514,10120873,10261910,10262269,10439240,11230717,11231079,12093311,12093659,12187889,12188969,12189329,12493998,12833096,13056718,13057078,13113222,13113582,13113942,13195035,13423525,14914996,15597863,17348116,1812492,5490221,5490947,5502798,5712271,5979625,6207181,6351226,6351588,8531033,8577616,8750585,8750945,8751305,8751665,8752025,8752385,8827649,8909062,9005815,9137760,9138122,9138483,9138844,9203996,9204355,9296853,9313759,9534695,9556949,9597540,9597899,9711052,9772400,9880810,9881167,9920128,9941762,9971587,10048830,10049191,10103248,10120514,10120873,10261910,10262269,10439240,11230717,11231079,12093311,12093659,12187889,12188969,12189329,12493998,12833096,13056718,13057078,13113222,13113582,13113942,13195035,13423525,14914996,15597863,17348116,1812492,5490221,5490947,5502798,5712271,5979625,6207181,6351226,6351588,8531033,8577616,8750585,8750945,8751305,8751665,8752025,8752385,8827649,8909062,9005815,9137760,9138122,9138483,9138844,9203996,9204355,9296853,9313759,9534695,9556949,9597540,9597899,9711052,9772400,9880810,9881167,9920128,9941762,9971587,10048830,10049191,10103248,10120514,10120873,10261910,10262269,10439240,11230717,11231079,12093311,12093659,12187889,12188969,12189329,12493998,12833096,13056718,13057078,13113222,13113582,13113942,13195035,13423525,14914996,15597863,17348116
X	acaatatacatacatatgtaagttcgattt	12754795
X	acatacatacatacatacatacatacatac	3364461,3364465,3364469,3658685,3658689,4616721,6480700,8372089,15814619
X	acatacatacatacatacatacatacatat	682176,4616725
X	acatacatacatacatacatacatatgtat	4616729
X	acatatgtatgtatattgttcgactttaaa	12755315
X	acatttaaagtcgaacaatatacatacata	12754781
X	acatttaaataaacatttaaagtcgaacaa	12754769
X	acctcgttgagctcgtaattaaatttccaa	1812413,8908983,9203917,9204276,9557229,9597461,9919330,10156118,10262549
X	acttacatatgtatgtatattgttcgactt	12755311
X	agctcgtaattaaatttccaatcaaactgt	9138052,9138413,9138774,9203926,9534625,9557238,9597470,9710982,9919339,10156127
X	agtcgaacaatatacatacatatgtaagtt	12754789
X	agtgatagggatcgttagcattggtaatta	12493713
X	agtgtctttgctttgttcatatcttgaggc	15274349
X	ataaacatttaaagtcgaacaatatacata	12754777
X	ataaccaaagacactagaataacaagatgc	22438872
X	ataattgcctgaatatggaatgtcatacct	10156451
X	atacatacatacatacatacatacatacat	682174,3364463,3364467,3658687,4616723,6480698,8372087,8372091,15814617
X	atacatacatacatacatacatacatatgt	4616727,17875832
X	atacctcgttgagctcgtaattaaatttcc	1812411,8908981,9203915,9204274,9557227,9597459,9919328,10156116,10262547
X	atagaatgtcatacctcgttgagctcgtaa	10049100
X	atagggatcgttagcattggtaattagctg	12493717
X	atatagaatgtcatacctcgttgagctcgt	10049098
X	atatgtatgtatattgttcgactttaaatg	12755317
X	atattgttcgactttaaatgtttatttaaa	12755327
X	atccatccatccatccatccatccatctat	3563468,19537519
X	atcgaacttacatatgtatgtatattgttc	12755306
X	atgatgttaccccttacaaaaaatgcgaaa	2769025,2769384,5490228,5490954,5502805,5712278,6207188,6351233,8577623,8750592,8750952,8751312,8751672,8752032,8752392,8827656,8909069,8909428,9005461,9005822,9137767,9138129,9138490,9138851,9204003,9204362,9296860,9313766,9534702,9556956,9597547,9597906,9711059,9772407,9920135,10048837,10120880,10261917,10262276,10302424,10439247,11040671,11041031,11230724,11231086,12093318,12187896,12188976,12189336,12371197,12371557,12371917,12524834,12833103,13057085,13113949,13195042,13474554
X	atgtatattgttcgactttaaatgtttatt	12755323
X	atgtatgtatattgttcgactttaaatgtt	12755319
X	atgtcatacctcgttgagctcgtaattaaa	1812406,8908976,9203910,9204269,9296767,9557222,10262542,14884224
X	atgttaccccttacaaaaaatgcgaaaatt	2769028,2769387,3247032,6207191,8577626,8750595,8750955,8751315,8751675,8752035,8752395,8827659,8909072,9005464,9005825,9137770,9138132,9138493,9138854,9204006,9204365,9296504,9313769,9422806,9534705,9556959,9597550,9597909,9711062,9772410,9919419,9920138,10048840,10120883,10156566,10261920,10262279,10302427,10439250,11040674,11041034,11230727,11231089,12093321,12187899,12188979,12189339,12371200,12371560,12371920,12524837,12833106,13057088,13113952,13195045,13474557
X	attctagtgtctttgctttgttcatatctt	15274344
X	attgttcgactttaaatgtttatttaaatg	12755329
X	atttaaagtcgaacaatatacatacatatg	12754783
X	atttaaataaacatttaaagtcgaacaata	12754771
X	attttgatgatgttaccccttacaaaaaat	5490222,5490948,5502799,5712272,5979626,6207182,6351227,8531034,8577617,8750586,8750946,8751306,8751666,8752026,8752386,8827650,8909063,9005816,9137761,9138123,9138484,9138845,9203997,9204356,9296854,9313760,9534696,9556950,9597541,9597900,9711053,9772401,9880811,9881168,9920129,9941763,9971588,10048831,10103249,10120515,10120874,10261911,10262270,10439241,11230718,11231080,12093312,12093660,12187890,12188970,12189330,12493999,12833097,13056719,13057079,13113223,13113583,13113943,13195036,14914997,15597864,5490222,5490948,5502799,5712272,5979626,6207182,6351227,8531034,8577617,8750586,8750946,8751306,8751666,8752026,8752386,8827650,8909063,9005816,9137761,9138123,9138484,9138845,9203997,9204356,9296854,9313760,9534696,9556950,9597541,9597900,9711053,9772401,9880811,9881168,9920129,9941763,9971588,10048831,10103249,10120515,10120874,10261911,10262270,10439241,11230718,11231080,12093312,12093660,12187890,12188970,12189330,12493999,12833097,13056719,13057079,13113223,13113583,13113943,13195036,14914997,15597864
X	attttttgcaaattttgatgatgttacccc	5490211,5490937,5502788,5503148,5712622,6206812,6207171,6418287,6419611,6477697,6479021,8577606,8578297,8750575,8750935,8752015,8752375,8827639,9005805,9036961,9137750,9138112,9138473,9138834,9203986,9204345,9296843,9297203,9534685,9556939,9597530,9597889,9711042,9772390,9881157,9920118,9941752,9971577,9984030,10048820,10049181,10103238,10120504,10120863,10156187,10261900,10262259,10262618,11023291,11362723,11532322,11780487,11781552,12093301,12189319,13056708,13057068,13242016,13423515,13530358,13900804,13901154,15597853,17348106,5490211,5490937,5502788,5503148,5712622,6206812,6207171,6418287,6419611,6477697,6479021,8577606,8578297,8750575,8750935,8752015,8752375,8827639,9005805,9036961,9137750,9138112,9138473,9138834,9203986,9204345,9296843,9297203,9534685,9556939,9597530,9597889,9711042,9772390,9881157,9920118,9941752,9971577,9984030,10048820,10049181,10103238,10120504,10120863,10156187,10261900,10262259,10262618,11023291,11362723,11532322,11780487,11781552,12093301,12189319,13056708,13057068,13242016,13423515,13530358,13900804,13901154,15597853,17348106
X	caaattttgatgatgttaccccttacaaaa	1812490,5490219,5490945,5502796,5979623,6206820,6207179,6351224,6351586,8531031,8577614,8750583,8750943,8752023,8752383,8827647,8909060,9005813,9137758,9138120,9138481,9138842,9203994,9204353,9296851,9313757,9534693,9556947,9597538,9597897,9711050,9772398,9880808,9881165,9920126,9941760,9971585,9984038,10048828,10049189,10103246,10120512,10120871,10261908,10262267,10262626,10439238,11230715,11231077,12093309,12093657,12187887,12189327,12493996,13056716,13057076,13113220,13113580,13113940,13195033,13423523,14914994,15597861,17348114,1812490,5490219,5490945,5502796,5979623,6206820,6207179,6351224,6351586,8531031,8577614,8750583,8750943,8752023,8752383,8827647,8909060,9005813,9137758,9138120,9138481,9138842,9203994,9204353,9296851,9313757,9534693,9556947,9597538,9597897,9711050,9772398,9880808,9881165,9920126,9941760,9971585,9984038,10048828,10049189,10103246,10120512,10120871,10261908,10262267,10262626,10439238,11230715,11231077,12093309,12093657,12187887,12189327,12493996,13056716,13057076,13113220,13113580,13113940,13195033,13423523,14914994,15597861,17348114,1812490,5490219,5490945,5502796,5979623,6206820,6207179,6351224,6351586,8531031,8577614,8750583,8750943,8752023,8752383,8827647,8909060,9005813,9137758,9138120,9138481,9138842,9203994,9204353,9296851,9313757,9534693,9556947,9597538,9597897,9711050,9772398,9880808,9881165,9920126,9941760,9971585,9984038,10048828,10049189,10103246,10120512,10120871,10261908,10262267,10262626,10439238,11230715,11231077,12093309,12093657,12187887,12189327,12493996,13056716,13057076,13113220,13113580,13113940,13195033,13423523,14914994,15597861,17348114
X	caacatttaaataaacatttaaagtcgaac	12754767
X	cactcccgctgagagcgtaagaaatctaaa	2664539,10101911
X	catacatacatacatacatacatacataca	3364462,3364466,3658686,3658690,4616722,6480697,6480701,8372090,15814616
X	catacatacatacatacatacatacatatg	4616726
X	catacatacatacatacatacatatgtatg	4616730
X	catacctcgttgagctcgtaattaaatttc	1812410,8908980,9203914,9204273,9557226,9597458,9919327,10156115,10262546
X	catatgtatgtatattgttcgactttaaat	12755316
X	catccatccatccatccatccacccatcca	7988142
X	catttaaagtcgaacaatatacatacatat	12754782
X	catttaaataaacatttaaagtcgaacaat	12754770
X	ccatccatccatccatccatccatctattc	3563470
X	ccatttccatttccatttccattcccattc	1723025
X	cccatttccatttccatttccattcccatt	1723024
X	cctcgttgagctcgtaattaaatttccaat	1812414,8908984,9203918,9204277,9557230,9597462,9919331,10156119,10262550
X	cctgaatatagaatgtcatacctcgttgag	10049093
X	cgaacaatatacatacatatgtaagttcga	12754792
X	cgaacttacatatgtatgtatattgttcga	12755308
X	cgactttaaatgtttatttaaatgttgaag	12755335
X	cgtaattaaatttccaatcaaactgtgtcc	9203930
X	cgttatttaattccaaatcgaactgtgtcc	12493574,12524761
X	cgttgagctcgtaattaaatttccaatcaa	9138047,9138408,9138769,9203921,9204280,9534620,9557233,9597465,9710977,9919334,10156122
X	ctagtgtctttgctttgttcatatcttgag	15274347
X	ctcactcccgctgagagcgtaagaaatcta	2664537,10101909
X	ctcgtaattaaatttccaatcaaactgtgt	9138054,9138415,9138776,9203928,9534627,9557240,9597472,9710984,9919341,9941694,10156129
X	ctcgttgagctcgtaattaaatttccaatc	1812415,5502721,9203919,9204278,9557231,9597463,9919332,10156120,10262551
X	ctctttccgctcactcccgctgagagcgta	15273847
X	ctgaatatagaatgtcatacctcgttgagc	10049094
X	cttacatatgtatgtatattgttcgacttt	12755312
X	cttcaacatttaaataaacatttaaagtcg	12754764
X	ctttccgctcactcccgctgagagcgtaag	15273849
X	ctttgctttgttcatatcttgaggcacgaa	15274354
X	gaacaatatacatacatatgtaagttcgat	12754793
X	gaacttacatatgtatgtatattgttcgac	12755309
X	gaatatagaatgtcatacctcgttgagctc	10049096
X	gaatgtcatacctcgttgagctcgtaatta	8908974,9203908,9204267,9296765,9557220,14884222
X	gactttaaatgtttatttaaatgttgaaga	12755336
X	gagctcgtaattaaatttccaatcaaactg	9138051,9138412,9138773,9203925,9534624,9557237,9597469,9710981,9919338,10156126
X	gatagggatcgttagcattggtaattagct	12493716
X	gatgatgttaccccttacaaaaaatgcgaa	5490227,5490953,5502804,5712277,6207187,6351232,8577622,8750591,8750951,8751311,8751671,8752031,8752391,8827655,8909068,9005821,9137766,9138128,9138489,9138850,9204002,9204361,9296859,9313765,9534701,9556955,9597546,9597905,9711058,9772406,9920134,10048836,10120879,10261916,10262275,10439246,11230723,11231085,12093317,12187895,12188975,12189335,12833102,13057084,13113948,13195041
X	gatgttaccccttacaaaaaatgcgaaaat	2769027,2769386,3247031,6207190,8577625,8750594,8750954,8751314,8751674,8752034,8752394,8827658,8909071,9005463,9005824,9137769,9138131,9138492,9138853,9204005,9204364,9296503,9313768,9422805,9534704,9556958,9597549,9597908,9711061,9772409,9919418,9920137,10048839,10120882,10156565,10261919,10262278,10302426,10439249,11040673,11041033,11230726,11231088,12093320,12187898,12188978,12189338,12371199,12371559,12371919,12524836,12833105,13057087,13113951,13195044,13474556
X	gcaaattttgatgatgttaccccttacaaa	1812489,5490218,5490944,5502795,5979622,6206819,6207178,6351223,6351585,8531030,8577613,8750582,8750942,8752022,8752382,8827646,9005812,9137757,9138119,9138480,9138841,9203993,9204352,9296850,9534692,9556946,9597537,9597896,9711049,9772397,9880807,9881164,9920125,9941759,9971584,9984037,10048827,10049188,10103245,10120511,10120870,10261907,10262266,10262625,10439237,11230714,11231076,12093308,12187886,12189326,13056715,13057075,13113219,13113579,13113939,13195032,13423522,15597860,17348113,1812489,5490218,5490944,5502795,5979622,6206819,6207178,6351223,6351585,8531030,8577613,8750582,8750942,8752022,8752382,8827646,9005812,9137757,9138119,9138480,9138841,9203993,9204352,9296850,9534692,9556946,9597537,9597896,9711049,9772397,9880807,9881164,9920125,9941759,9971584,9984037,10048827,10049188,10103245,10120511,10120870,10261907,10262266,10262625,10439237,11230714,11231076,12093308,12187886,12189326,13056715,13057075,13113219,13113579,13113939,13195032,13423522,15597860,17348113
X	gcctgaatatagaatgtcatacctcgttga	10049092
X	gctcactcccgctgagagcgtaagaaatct	2664536,10101908
X	gctcgtaattaaatttccaatcaaactgtg	9138053,9138414,9138775,9203927,9534626,9557239,9597471,9710983,9919340,9941693,10156128
X	gtaattaaatttccaatcaaactgtgtcca	9203931,13057013
X	gtatattgttcgactttaaatgtttattta	12755325
X	gtatgtatattgttcgactttaaatgttta	12755321
X	gtcatacctcgttgagctcgtaattaaatt	1812408,8908978,9203912,9204271,9557224,10262544,14884226
X	gtcgaacaatatacatacatatgtaagttc	12754790
X	gtctttgctttgttcatatcttgaggcacg	15274352
X	gtgatagggatcgttagcattggtaattag	12493714
X	gtgtctttgctttgttcatatcttgaggca	15274350
X	gttatttaattccaaatcgaactgtgtcca	12493575,12524762
X	gttcgactttaaatgtttatttaaatgttg	12755332
X	gttgagctcgtaattaaatttccaatcaaa	9138048,9138409,9138770,9203922,9204281,9534621,9557234,9597466,9710978,9919335,10156123
X	taaacatttaaagtcgaacaatatacatac	12754778
X	taaagtcgaacaatatacatacatatgtaa	12754786
X	taaataaacatttaaagtcgaacaatatac	12754774
X	taattaaatttccaatcaaactgtgtccaa	9203932,13057014
X	tacatacatacatacatacatacatacata	682175,3364464,3364468,3658688,4616720,4616724,6480699,8372088,8372092,15814618,682175,3364464,3364468,3658688,4616720,4616724,6480699,8372088,8372092,15814618
X	tacatacatacatacatacatacatatgta	4616728,17875833
X	tacatacatacatacatacatatgtatgta	19818006
X	tacatatgtatgtatattgttcgactttaa	12755314
X	tacctcgttgagctcgtaattaaatttcca	1812412,8908982,9203916,9204275,9557228,9597460,9919329,10156117,10262548
X	tagaatgtcatacctcgttgagctcgtaat	10049101
X	tagggatcgttagcattggtaattagctgc	12493718
X	tagtgtctttgctttgttcatatcttgagg	15274348
X	tataaccaaagacactagaataacaagatg	22438871
X	tatagaatgtcatacctcgttgagctcgta	10049099
X	tatattgttcgactttaaatgtttatttaa	12755326
X	tatgtatattgttcgactttaaatgtttat	12755322
X	tatgtatgtatattgttcgactttaaatgt	12755318
X	tattctagtgtctttgctttgttcatatct	15274343
X	tattgttcgactttaaatgtttatttaaat	12755328
X	tatttaattccaaatcgaactgtgtccaaa	12493577,12524764
X	tcaacatttaaataaacatttaaagtcgaa	12754766
X	tcactcccgctgagagcgtaagaaatctaa	2664538,10101910
X	tcatacctcgttgagctcgtaattaaattt	1812409,8908979,9203913,9204272,9557225,10262545
X	tccatccatccatccatccatccatctatt	3563469
X	tccgctcactcccgctgagagcgtaagaaa	15273852
X	tcgaacaatatacatacatatgtaagttcg	12754791
X	tcgaacttacatatgtatgtatattgttcg	12755307
X	tcgactttaaatgtttatttaaatgttgaa	12755334
X	tcgtaattaaatttccaatcaaactgtgtc	9203929
X	tcgttatttaattccaaatcgaactgtgtc	12493573,12524760
X	tcgttgagctcgtaattaaatttccaatca	9138046,9138407,9138768,9203920,9204279,9534619,9557232,9597464,9710976,9919333,10156121
X	tctagtgtctttgctttgttcatatcttga	15274346
X	tctctttccgctcactcccgctgagagcgt	15273846
X	tcttcaacatttaaataaacatttaaagtc	12754763
X	tctttccgctcactcccgctgagagcgtaa	15273848
X	tctttgctttgttcatatcttgaggcacga	15274353
X	tgaatatagaatgtcatacctcgttgagct	10049095
X	tgagctcgtaattaaatttccaatcaaact	9138050,9138411,9138772,9203924,9534623,9557236,9597468,9710980,9919337,10156125
X	tgatagggatcgttagcattggtaattagc	12493715
X	tgatgatgttaccccttacaaaaaatgcga	5490226,5490952,5502803,5712276,6207186,6351231,8577621,8750590,8750950,8751310,8751670,8752030,8752390,8827654,8909067,9005820,9137765,9138127,9138488,9138849,9204001,9204360,9296858,9313764,9534700,9556954,9597545,9597904,9711057,9772405,9920133,10048835,10120878,10261915,10262274,10439245,11230722,11231084,12093316,12187894,12188974,12189334,12833101,13057083,13113947,13195040
X	tgatgttaccccttacaaaaaatgcgaaaa	2769026,2769385,5490229,5490955,5502806,5712279,6207189,6351234,8577624,8750593,8750953,8751313,8751673,8752033,8752393,8827657,8909070,9005462,9005823,9137768,9138130,9138491,9138852,9204004,9204363,9313767,9534703,9556957,9597548,9597907,9711060,9772408,9920136,10048838,10120881,10261918,10262277,10302425,10439248,11040672,11041032,11230725,11231087,12093319,12187897,12188977,12189337,12371198,12371558,12371918,12524835,12833104,13057086,13113950,13195043,13474555
X	tgcaaattttgatgatgttaccccttacaa	5490217,5490943,5502794,6206818,6207177,6351584,8577612,8750581,8750941,8752021,8752381,8827645,9005811,9137756,9138118,9138479,9138840,9203992,9204351,9296849,9534691,9556945,9597536,9597895,9711048,9772396,9880806,9881163,9920124,9941758,9971583,9984036,10048826,10049187,10103244,10120510,10120869,10261906,10262265,10262624,12093307,12189325,13056714,13057074,13423521,15597859,17348112,5490217,5490943,5502794,6206818,6207177,6351584,8577612,8750581,8750941,8752021,8752381,8827645,9005811,9137756,9138118,9138479,9138840,9203992,9204351,9296849,9534691,9556945,9597536,9597895,9711048,9772396,9880806,9881163,9920124,9941758,9971583,9984036,10048826,10049187,10103244,10120510,10120869,10261906,10262265,10262624,12093307,12189325,13056714,13057074,13423521,15597859,17348112
X	tgtatattgttcgactttaaatgtttattt	12755324
X	tgtatgtatattgttcgactttaaatgttt	12755320
X	tgtcatacctcgttgagctcgtaattaaat	1812407,8908977,9203911,9204270,9557223,10262543,14884225
X	tgtctttgctttgttcatatcttgaggcac	15274351
X	tgttcgactttaaatgtttatttaaatgtt	12755331
X	ttaaagtcgaacaatatacatacatatgta	12754785
X	ttaaataaacatttaaagtcgaacaatata	12754773
X	ttacatatgtatgtatattgttcgacttta	12755313
X	ttattctagtgtctttgctttgttcatatc	15274342
X	ttatttaattccaaatcgaactgtgtccaa	12493576,12524763
X	ttcaacatttaaataaacatttaaagtcga	12754765
X	ttccgctcactcccgctgagagcgtaagaa	15273851
X	ttcgactttaaatgtttatttaaatgttga	12755333
X	ttctagtgtctttgctttgttcatatcttg	15274345
X	ttgagctcgtaattaaatttccaatcaaac	9138049,9138410,9138771,9203923,9534622,9557235,9597467,9710979,9919336,10156124
X	ttgatgatgttaccccttacaaaaaatgcg	5490225,5490951,5502802,5712275,6207185,6351230,8577620,8750589,8750949,8751309,8751669,8752029,8752389,8827653,8909066,9005819,9137764,9138126,9138487,9138848,9204000,9204359,9296857,9313763,9534699,9556953,9597544,9597903,9711056,9772404,9920132,10048834,10120877,10261914,10262273,10439244,11230721,11231083,12093315,12187893,12188973,12189333,12833100,13057082,13113946,13195039
X	ttgcaaattttgatgatgttaccccttaca	5490216,5490942,5502793,6206817,6207176,6351583,8577611,8578302,8750580,8750940,8752020,8752380,8827644,9005810,9137755,9138117,9138478,9138839,9203991,9204350,9296848,9297208,9534690,9556944,9597535,9597894,9711047,9772395,9881162,9920123,9941757,9971582,9984035,10048825,10049186,10103243,10120509,10120868,10261905,10262264,10262623,12093306,12189324,13056713,13057073,13423520,15597858,17348111,5490216,5490942,5502793,6206817,6207176,6351583,8577611,8578302,8750580,8750940,8752020,8752380,8827644,9005810,9137755,9138117,9138478,9138839,9203991,9204350,9296848,9297208,9534690,9556944,9597535,9597894,9711047,9772395,9881162,9920123,9941757,9971582,9984035,10048825,10049186,10103243,10120509,10120868,10261905,10262264,10262623,12093306,12189324,13056713,13057073,13423520,15597858,17348111
X	ttgtccaaatatggaatgccatacctcgtt	11248962
X	ttgttcgactttaaatgtttatttaaatgt	12755330
X	tttaaagtcgaacaatatacatacatatgt	12754784
X	tttaaataaacatttaaagtcgaacaatat	12754772
X	tttccgctcactcccgctgagagcgtaaga	15273850
X	tttcgggccgaaatcaattctgatcgaaga	2664648,10102020,15273967
X	tttgatgatgttaccccttacaaaaaatgc	5490224,5490950,5502801,5712274,5979628,6207184,6351229,8577619,8750588,8750948,8751308,8751668,8752028,8752388,8827652,8909065,9005818,9137763,9138125,9138486,9138847,9203999,9204358,9296856,9313762,9534698,9556952,9597543,9597902,9711055,9772403,9881170,9920131,9941765,10048833,10103251,10120517,10120876,10261913,10262272,10439243,11230720,11231082,12093314,12187892,12188972,12189332,12833099,13057081,13113225,13113585,13113945,13195038
X	tttgcaaattttgatgatgttaccccttac	5490215,5490582,5490941,5502792,5712626,6206816,6207175,6351582,8577610,8578301,8750579,8750939,8752019,8752379,8827643,8851241,9005809,9036965,9137754,9138116,9138477,9138838,9203990,9204349,9296847,9297207,9534689,9556943,9597534,9597893,9711046,9772394,9881161,9920122,9941756,9971581,9984034,10048824,10049185,10103242,10120508,10120867,10261904,10262263,10262622,11023295,11532326,11780491,11781556,12093305,12189323,13056712,13057072,13423519,13530362,15597857,17348110,5490215,5490582,5490941,5502792,5712626,6206816,6207175,6351582,8577610,8578301,8750579,8750939,8752019,8752379,8827643,8851241,9005809,9036965,9137754,9138116,9138477,9138838,9203990,9204349,9296847,9297207,9534689,9556943,9597534,9597893,9711046,9772394,9881161,9920122,9941756,9971581,9984034,10048824,10049185,10103242,10120508,10120867,10261904,10262263,10262622,11023295,11532326,11780491,11781556,12093305,12189323,13056712,13057072,13423519,13530362,15597857,17348110
X	tttgctttgttcatatcttgaggcacgaag	15274355
X	ttttgatgatgttaccccttacaaaaaatg	5490223,5490949,5502800,5712273,5979627,6207183,6351228,8531035,8577618,8750587,8750947,8751307,8751667,8752027,8752387,8827651,8909064,9005817,9137762,9138124,9138485,9138846,9203998,9204357,9296855,9313761,9534697,9556951,9597542,9597901,9711054,9772402,9880812,9881169,9920130,9941764,9971589,10048832,10103250,10120516,10120875,10261912,10262271,10439242,11230719,11231081,12093313,12187891,12188971,12189331,12494000,12833098,13057080,13113224,13113584,13113944,13195037,14914998,15597865
X	ttttgcaaattttgatgatgttacccctta	4328788,4382695,5490214,5490581,5490940,5502791,5503151,5712625,6206815,6207174,6351581,6418290,6419614,6477700,6479024,8577609,8578300,8750578,8750938,8752018,8752378,8827642,8851240,9005808,9036964,9137753,9138115,9138476,9138837,9203989,9204348,9296846,9297206,9534688,9556942,9597533,9597892,9711045,9772393,9881160,9920121,9941755,9971580,9984033,10048823,10049184,10103241,10120507,10120866,10156190,10261903,10262262,10262621,11023294,11532325,11780490,11781555,12093304,12189322,13056711,13057071,13242019,13423518,13530361,15597856,17348109,4328788,4382695,5490214,5490581,5490940,5502791,5503151,5712625,6206815,6207174,6351581,6418290,6419614,6477700,6479024,8577609,8578300,8750578,8750938,8752018,8752378,8827642,8851240,9005808,9036964,9137753,9138115,9138476,9138837,9203989,9204348,9296846,9297206,9534688,9556942,9597533,9597892,9711045,9772393,9881160,9920121,9941755,9971580,9984033,10048823,10049184,10103241,10120507,10120866,10156190,10261903,10262262,10262621,11023294,11532325,11780490,11781555,12093304,12189322,13056711,13057071,13242019,13423518,13530361,15597856,17348109
X	tttttgcaaattttgatgatgttacccctt	4328787,4382694,5490213,5490580,5490939,5502790,5503150,5712624,6206814,6207173,6351580,6418289,6419613,6477699,6479023,8577608,8578299,8750577,8750937,8752017,8752377,8827641,8851239,9005807,9036963,9137752,9138114,9138475,9138836,9203988,9204347,9296845,9297205,9534687,9556941,9597532,9597891,9711044,9772392,9881159,9920120,9941754,9971579,9984032,10048822,10049183,10103240,10120506,10120865,10156189,10261902,10262261,10262620,11023293,11362725,11532324,11780489,11781554,12093303,12189321,13056710,13057070,13242018,13423517,13530360,13900806,13901156,15597855,17348108,4328787,4382694,5490213,5490580,5490939,5502790,5503150,5712624,6206814,6207173,6351580,6418289,6419613,6477699,6479023,8577608,8578299,8750577,8750937,8752017,8752377,8827641,8851239,9005807,9036963,9137752,9138114,9138475,9138836,9203988,9204347,9296845,9297205,9534687,9556941,9597532,9597891,9711044,9772392,9881159,9920120,9941754,9971579,9984032,10048822,10049183,10103240,10120506,10120865,10156189,10261902,10262261,10262620,11023293,11362725,11532324,11780489,11781554,12093303,12189321,13056710,13057070,13242018,13423517,13530360,13900806,13901156,15597855,17348108
X	ttttttgcaaattttgatgatgttacccct	5490212,5490938,5502789,5503149,5712623,6206813,6207172,6418288,6419612,6477698,6479022,8577607,8578298,8750576,8750936,8752016,8752376,8827640,8851238,9005806,9036962,9137751,9138113,9138474,9138835,9203987,9204346,9296844,9297204,9534686,9556940,9597531,9597890,9711043,9772391,9881158,9920119,9941753,9971578,9984031,10048821,10049182,10103239,10120505,10120864,10156188,10261901,10262260,10262619,11023292,11362724,11532323,11780488,11781553,12093302,12189320,13056709,13057069,13242017,13423516,13530359,13900805,13901155,15597854,17348107,5490212,5490938,5502789,5503149,5712623,6206813,6207172,6418288,6419612,6477698,6479022,8577607,8578298,8750576,8750936,8752016,8752376,8827640,8851238,9005806,9036962,9137751,9138113,9138474,9138835,9203987,9204346,9296844,9297204,9534686,9556940,9597531,9597890,9711043,9772391,9881158,9920119,9941753,9971578,9984031,10048821,10049182,10103239,10120505,10120864,10156188,10261901,10262260,10262619,11023292,11362724,11532323,11780488,11781553,12093302,12189320,13056709,13057069,13242017,13423516,13530359,13900805,13901155,15597854,17348107
