X	aaactcatcgaggtataacattccatattc	12797144
X	aaatttaattacaaactcatcgaggtataa	12794973,12795333,12795692,12796052,12796412,12796772,12797132
X	aaattttgatgatgttaccccttacaaaaa	1812491,5490220,5490946,5502797,5712270,5979624,6207180,6351225,6351587,8531032,8577615,8750584,8750944,8751304,8751664,8752024,8752384,8827648,8909061,9005814,9137759,9138121,9138482,9138843,9203995,9204354,9296852,9313758,9534694,9556948,9597539,9597898,9711051,9772399,9880809,9881166,9920127,9941761,9971586,9984039,10048829,10049190,10103247,10120513,10120872,10261909,10262268,10262627,10439239,11230716,11231078,12093310,12093658,12187888,12189328,12493997,12833095,13056717,13057077,13113221,13113581,13113941,13195034,13423524,14914995,15597862,17348115,1812491,5490220,5490946,5502797,5712270,5979624,6207180,6351225,6351587,8531032,8577615,8750584,8750944,8751304,8751664,8752024,8752384,8827648,8909061,9005814,9137759,9138121,9138482,9138843,9203995,9204354,9296852,9313758,9534694,9556948,9597539,9597898,9711051,9772399,9880809,9881166,9920127,9941761,9971586,9984039,10048829,10049190,10103247,10120513,10120872,10261909,10262268,10262627,10439239,11230716,11231078,12093310,12093658,12187888,12189328,12493997,12833095,13056717,13057077,13113221,13113581,13113941,13195034,13423524,14914995,15597862,17348115,1812491,5490220,5490946,5502797,5712270,5979624,6207180,6351225,6351587,8531032,8577615,8750584,8750944,8751304,8751664,8752024,8752384,8827648,8909061,9005814,9137759,9138121,9138482,9138843,9203995,9204354,9296852,9313758,9534694,9556948,9597539,9597898,9711051,9772399,9880809,9881166,9920127,9941761,9971586,9984039,10048829,10049190,10103247,10120513,10120872,10261909,10262268,10262627,10439239,11230716,11231078,12093310,12093658,12187888,12189328,12493997,12833095,13056717,13057077,13113221,13113581,13113941,13195034,13423524,14914995,15597862,17348115,1812491,5490220,5490946,5502797,5712270,5979624,6207180,6351225,6351587,8531032,8577615,8750584,8750944,8751304,8751664,8752024,8752384,8827648,8909061,9005814,9137759,9138121,9138482,9138843,9203995,9204354,9296852,9313758,9534694,9556948,9597539,9597898,9711051,9772399,9880809,9881166,9920127,9941761,9971586,9984039,10048829,10049190,10103247,10120513,10120872,10261909,10262268,10262627,10439239,11230716,11231078,12093310,12093658,12187888,12189328,12493997,12833095,13056717,13057077,13113221,13113581,13113941,13195034,13423524,14914995,15597862,17348115,1812491,5490220,5490946,5502797,5712270,5979624,6207180,6351225,6351587,8531032,8577615,8750584,8750944,8751304,8751664,8752024,8752384,8827648,8909061,9005814,9137759,9138121,9138482,9138843,9203995,9204354,9296852,9313758,9534694,9556948,9597539,9597898,9711051,9772399,9880809,9881166,9920127,9941761,9971586,9984039,10048829,10049190,10103247,10120513,10120872,10261909,10262268,10262627,10439239,11230716,11231078,12093310,12093658,12187888,12189328,12493997,12833095,13056717,13057077,13113221,13113581,13113941,13195034,13423524,14914995,15597862,17348115,1812491,5490220,5490946,5502797,5712270,5979624,6207180,6351225,6351587,8531032,8577615,8750584,8750944,8751304,8751664,8752024,8752384,8827648,8909061,9005814,9137759,9138121,9138482,9138843,9203995,9204354,9296852,9313758,9534694,9556948,9597539,9597898,9711051,9772399,9880809,9881166,9920127,9941761,9971586,9984039,10048829,10049190,10103247,10120513,10120872,10261909,10262268,10262627,10439239,11230716,11231078,12093310,12093658,12187888,12189328,12493997,12833095,13056717,13057077,13113221,13113581,13113941,13195034,13423524,14914995,15597862,17348115,1812491,5490220,5490946,5502797,5712270,5979624,6207180,6351225,6351587,8531032,8577615,8750584,8750944,8751304,8751664,8752024,8752384,8827648,8909061,9005814,9137759,9138121,9138482,9138843,9203995,9204354,9296852,9313758,9534694,9556948,9597539,9597898,9711051,9772399,9880809,9881166,9920127,9941761,9971586,9984039,10048829,10049190,10103247,10120513,10120872,10261909,10262268,10262627,10439239,11230716,11231078,12093310,12093658,12187888,12189328,12493997,12833095,13056717,13057077,13113221,13113581,13113941,13195034,13423524,14914995,15597862,17348115
X	aactcatcgaggtataacattccatattca	12797145,12797505
X	aatatggaatgtcatacctcgttgagctcg	5817902,6206728,6418203,6715328,8908968,9203902,9204261,9296759,9461526,9461884,9534960,9556855,9557214,10302682,12493546,12524733,14884216
X	aatatggaatgttatacctcgatgagtttg	12833002
X	aatgtcatacctcgttgagctcgtaattaa	1812405,8908975,9203909,9204268,9296766,9557221,10262541,14884223
X	aatgttatacctcgatgagtttgtaattaa	12833009,12833009,12833009,12833009,12833009,12833009,12833009
X	aattacaaactcatcgaggtataacattcc	12794979,12795339,12795698,12796058,12796418,12796778,12797138
X	aattgcctgaatatggaatgtcatacctcg	9461517,10156453
X	aattgcctgaatatggaatgttatacctcg	12832993,12832993
X	aatttaattacaaactcatcgaggtataac	12794974,12795334,12795693,12796053,12796413,12796773,12797133
X	aattttcgcattttttgtaaggggtaacat	8318034,8369606,8699509,8699868,8700228,8700588,8700947,8701307,8701667,8702027,8735389,8735749,8840409,8840769,9072557,9374509,9396889,9515615,9623418,9623727,9624086,9624445,9624804,9625163,9625522,9625881,9726392,9809918,9810277,9870372,9905080,9956158,10240044,10240403,10292149,10340405,10340764,10489125,10831156,10919567,10990096,10990456,10990817,12047093,12047450,12047807,12124176,12437774,12438132,12438492,12683506,12794880,12795599,12795959,12796679,12797039,12797399,12797759,13360904,13361264,13361624,13361984,13362344,15221583
X	aattttgatgatgttaccccttacaaaaaa	1812492,5490221,5490947,5502798,5712271,5979625,6207181,6351226,6351588,8531033,8577616,8750585,8750945,8751305,8751665,8752025,8752385,8827649,8909062,9005815,9137760,9138122,9138483,9138844,9203996,9204355,9296853,9313759,9534695,9556949,9597540,9597899,9711052,9772400,9880810,9881167,9920128,9941762,9971587,10048830,10049191,10103248,10120514,10120873,10261910,10262269,10439240,11230717,11231079,12093311,12093659,12187889,12188969,12189329,12493998,12833096,13056718,13057078,13113222,13113582,13113942,13195035,13423525,14914996,15597863,17348116,1812492,5490221,5490947,5502798,5712271,5979625,6207181,6351226,6351588,8531033,8577616,8750585,8750945,8751305,8751665,8752025,8752385,8827649,8909062,9005815,9137760,9138122,9138483,9138844,9203996,9204355,9296853,9313759,9534695,9556949,9597540,9597899,9711052,9772400,9880810,9881167,9920128,9941762,9971587,10048830,10049191,10103248,10120514,10120873,10261910,10262269,10439240,11230717,11231079,12093311,12093659,12187889,12188969,12189329,12493998,12833096,13056718,13057078,13113222,13113582,13113942,13195035,13423525,14914996,15597863,17348116,1812492,5490221,5490947,5502798,5712271,5979625,6207181,6351226,6351588,8531033,8577616,8750585,8750945,8751305,8751665,8752025,8752385,8827649,8909062,9005815,9137760,9138122,9138483,9138844,9203996,9204355,9296853,9313759,9534695,9556949,9597540,9597899,9711052,9772400,9880810,9881167,9920128,9941762,9971587,10048830,10049191,10103248,10120514,10120873,10261910,10262269,10439240,11230717,11231079,12093311,12093659,12187889,12188969,12189329,12493998,12833096,13056718,13057078,13113222,13113582,13113942,13195035,13423525,14914996,15597863,17348116,1812492,5490221,5490947,5502798,5712271,5979625,6207181,6351226,6351588,8531033,8577616,8750585,8750945,8751305,8751665,8752025,8752385,8827649,8909062,9005815,9137760,9138122,9138483,9138844,9203996,9204355,9296853,9313759,9534695,9556949,9597540,9597899,9711052,9772400,9880810,9881167,9920128,9941762,9971587,10048830,10049191,10103248,10120514,10120873,10261910,10262269,10439240,11230717,11231079,12093311,12093659,12187889,12188969,12189329,12493998,12833096,13056718,13057078,13113222,13113582,13113942,13195035,13423525,14914996,15597863,17348116,1812492,5490221,5490947,5502798,5712271,5979625,6207181,6351226,6351588,8531033,8577616,8750585,8750945,8751305,8751665,8752025,8752385,8827649,8909062,9005815,9137760,9138122,9138483,9138844,9203996,9204355,9296853,9313759,9534695,9556949,9597540,9597899,9711052,9772400,9880810,9881167,9920128,9941762,9971587,10048830,10049191,10103248,10120514,10120873,10261910,10262269,10439240,11230717,11231079,12093311,12093659,12187889,12188969,12189329,12493998,12833096,13056718,13057078,13113222,13113582,13113942,13195035,13423525,14914996,15597863,17348116,1812492,5490221,5490947,5502798,5712271,5979625,6207181,6351226,6351588,8531033,8577616,8750585,8750945,8751305,8751665,8752025,8752385,8827649,8909062,9005815,9137760,9138122,9138483,9138844,9203996,9204355,9296853,9313759,9534695,9556949,9597540,9597899,9711052,9772400,9880810,9881167,9920128,9941762,9971587,10048830,10049191,10103248,10120514,10120873,10261910,10262269,10439240,11230717,11231079,12093311,12093659,12187889,12188969,12189329,12493998,12833096,13056718,13057078,13113222,13113582,13113942,13195035,13423525,14914996,15597863,17348116,1812492,5490221,5490947,5502798,5712271,5979625,6207181,6351226,6351588,8531033,8577616,8750585,8750945,8751305,8751665,8752025,8752385,8827649,8909062,9005815,9137760,9138122,9138483,9138844,9203996,9204355,9296853,9313759,9534695,9556949,9597540,9597899,9711052,9772400,9880810,9881167,9920128,9941762,9971587,10048830,10049191,10103248,10120514,10120873,10261910,10262269,10439240,11230717,11231079,12093311,12093659,12187889,12188969,12189329,12493998,12833096,13056718,13057078,13113222,13113582,13113942,13195035,13423525,14914996,15597863,17348116
X	acaaactcatcgaggtataacattccatat	12797142
X	acctcgttgagctcgtaattaaatttccaa	1812413,8908983,9203917,9204276,9557229,9597461,9919330,10156118,10262549
X	actcatcgaggtataacattccatattcag	12797146,12797506
X	agctcgtaattaaatttccaattaaactgt	8908992
X	atacctcgttgagctcgtaattaaatttcc	1812411,8908981,9203915,9204274,9557227,9597459,9919328,10156116,10262547
X	atatggaatgtcatacctcgttgagctcgt	5817903,6418204,6715329,8908969,9203903,9204262,9296760,9461527,9461885,9534961,9557215,10302683,12493547,12524734,14884217
X	atatggaatgttatacctcgatgagtttgt	12833003
X	atattcaggcaattaatttgaaagttgtgg	13127155
X	atcgaggtataacattccatattcaggcaa	12797150,12797510
X	atgatgttaccccttacaaaaaatgcgaaa	2769025,2769384,5490228,5490954,5502805,5712278,6207188,6351233,8577623,8750592,8750952,8751312,8751672,8752032,8752392,8827656,8909069,8909428,9005461,9005822,9137767,9138129,9138490,9138851,9204003,9204362,9296860,9313766,9534702,9556956,9597547,9597906,9711059,9772407,9920135,10048837,10120880,10261917,10262276,10302424,10439247,11040671,11041031,11230724,11231086,12093318,12187896,12188976,12189336,12371197,12371557,12371917,12524834,12833103,13057085,13113949,13195042,13474554,2769025,2769384,5490228,5490954,5502805,5712278,6207188,6351233,8577623,8750592,8750952,8751312,8751672,8752032,8752392,8827656,8909069,8909428,9005461,9005822,9137767,9138129,9138490,9138851,9204003,9204362,9296860,9313766,9534702,9556956,9597547,9597906,9711059,9772407,9920135,10048837,10120880,10261917,10262276,10302424,10439247,11040671,11041031,11230724,11231086,12093318,12187896,12188976,12189336,12371197,12371557,12371917,12524834,12833103,13057085,13113949,13195042,13474554,2769025,2769384,5490228,5490954,5502805,5712278,6207188,6351233,8577623,8750592,8750952,8751312,8751672,8752032,8752392,8827656,8909069,8909428,9005461,9005822,9137767,9138129,9138490,9138851,9204003,9204362,9296860,9313766,9534702,9556956,9597547,9597906,9711059,9772407,9920135,10048837,10120880,10261917,10262276,10302424,10439247,11040671,11041031,11230724,11231086,12093318,12187896,12188976,12189336,12371197,12371557,12371917,12524834,12833103,13057085,13113949,13195042,13474554,2769025,2769384,5490228,5490954,5502805,5712278,6207188,6351233,8577623,8750592,8750952,8751312,8751672,8752032,8752392,8827656,8909069,8909428,9005461,9005822,9137767,9138129,9138490,9138851,9204003,9204362,9296860,9313766,9534702,9556956,9597547,9597906,9711059,9772407,9920135,10048837,10120880,10261917,10262276,10302424,10439247,11040671,11041031,11230724,11231086,12093318,12187896,12188976,12189336,12371197,12371557,12371917,12524834,12833103,13057085,13113949,13195042,13474554,2769025,2769384,5490228,5490954,5502805,5712278,6207188,6351233,8577623,8750592,8750952,8751312,8751672,8752032,8752392,8827656,8909069,8909428,9005461,9005822,9137767,9138129,9138490,9138851,9204003,9204362,9296860,9313766,9534702,9556956,9597547,9597906,9711059,9772407,9920135,10048837,10120880,10261917,10262276,10302424,10439247,11040671,11041031,11230724,11231086,12093318,12187896,12188976,12189336,12371197,12371557,12371917,12524834,12833103,13057085,13113949,13195042,13474554,2769025,2769384,5490228,5490954,5502805,5712278,6207188,6351233,8577623,8750592,8750952,8751312,8751672,8752032,8752392,8827656,8909069,8909428,9005461,9005822,9137767,9138129,9138490,9138851,9204003,9204362,9296860,9313766,9534702,9556956,9597547,9597906,9711059,9772407,9920135,10048837,10120880,10261917,10262276,10302424,10439247,11040671,11041031,11230724,11231086,12093318,12187896,12188976,12189336,12371197,12371557,12371917,12524834,12833103,13057085,13113949,13195042,13474554,2769025,2769384,5490228,5490954,5502805,5712278,6207188,6351233,8577623,8750592,8750952,8751312,8751672,8752032,8752392,8827656,8909069,8909428,9005461,9005822,9137767,9138129,9138490,9138851,9204003,9204362,9296860,9313766,9534702,9556956,9597547,9597906,9711059,9772407,9920135,10048837,10120880,10261917,10262276,10302424,10439247,11040671,11041031,11230724,11231086,12093318,12187896,12188976,12189336,12371197,12371557,12371917,12524834,12833103,13057085,13113949,13195042,13474554
X	atggaatgtcatacctcgttgagctcgtaa	8908971,9203905,9204264,9296762,9461529,9461887,9534963,9557217,10262178,14884219
X	atggaatgttatacctcgatgagtttgtaa	12833005
X	atgtcatacctcgttgagctcgtaattaaa	1812406,8908976,9203910,9204269,9296767,9557222,10262542,14884224
X	atgttaccccttacaaaaaatgcgaaaatt	2769028,2769387,3247032,6207191,8577626,8750595,8750955,8751315,8751675,8752035,8752395,8827659,8909072,9005464,9005825,9137770,9138132,9138493,9138854,9204006,9204365,9296504,9313769,9422806,9534705,9556959,9597550,9597909,9711062,9772410,9919419,9920138,10048840,10120883,10156566,10261920,10262279,10302427,10439250,11040674,11041034,11230727,11231089,12093321,12187899,12188979,12189339,12371200,12371560,12371920,12524837,12833106,13057088,13113952,13195045,13474557,2769028,2769387,3247032,6207191,8577626,8750595,8750955,8751315,8751675,8752035,8752395,8827659,8909072,9005464,9005825,9137770,9138132,9138493,9138854,9204006,9204365,9296504,9313769,9422806,9534705,9556959,9597550,9597909,9711062,9772410,9919419,9920138,10048840,10120883,10156566,10261920,10262279,10302427,10439250,11040674,11041034,11230727,11231089,12093321,12187899,12188979,12189339,12371200,12371560,12371920,12524837,12833106,13057088,13113952,13195045,13474557,2769028,2769387,3247032,6207191,8577626,8750595,8750955,8751315,8751675,8752035,8752395,8827659,8909072,9005464,9005825,9137770,9138132,9138493,9138854,9204006,9204365,9296504,9313769,9422806,9534705,9556959,9597550,9597909,9711062,9772410,9919419,9920138,10048840,10120883,10156566,10261920,10262279,10302427,10439250,11040674,11041034,11230727,11231089,12093321,12187899,12188979,12189339,12371200,12371560,12371920,12524837,12833106,13057088,13113952,13195045,13474557,2769028,2769387,3247032,6207191,8577626,8750595,8750955,8751315,8751675,8752035,8752395,8827659,8909072,9005464,9005825,9137770,9138132,9138493,9138854,9204006,9204365,9296504,9313769,9422806,9534705,9556959,9597550,9597909,9711062,9772410,9919419,9920138,10048840,10120883,10156566,10261920,10262279,10302427,10439250,11040674,11041034,11230727,11231089,12093321,12187899,12188979,12189339,12371200,12371560,12371920,12524837,12833106,13057088,13113952,13195045,13474557,2769028,2769387,3247032,6207191,8577626,8750595,8750955,8751315,8751675,8752035,8752395,8827659,8909072,9005464,9005825,9137770,9138132,9138493,9138854,9204006,9204365,9296504,9313769,9422806,9534705,9556959,9597550,9597909,9711062,9772410,9919419,9920138,10048840,10120883,10156566,10261920,10262279,10302427,10439250,11040674,11041034,11230727,11231089,12093321,12187899,12188979,12189339,12371200,12371560,12371920,12524837,12833106,13057088,13113952,13195045,13474557,2769028,2769387,3247032,6207191,8577626,8750595,8750955,8751315,8751675,8752035,8752395,8827659,8909072,9005464,9005825,9137770,9138132,9138493,9138854,9204006,9204365,9296504,9313769,9422806,9534705,9556959,9597550,9597909,9711062,9772410,9919419,9920138,10048840,10120883,10156566,10261920,10262279,10302427,10439250,11040674,11041034,11230727,11231089,12093321,12187899,12188979,12189339,12371200,12371560,12371920,12524837,12833106,13057088,13113952,13195045,13474557,2769028,2769387,3247032,6207191,8577626,8750595,8750955,8751315,8751675,8752035,8752395,8827659,8909072,9005464,9005825,9137770,9138132,9138493,9138854,9204006,9204365,9296504,9313769,9422806,9534705,9556959,9597550,9597909,9711062,9772410,9919419,9920138,10048840,10120883,10156566,10261920,10262279,10302427,10439250,11040674,11041034,11230727,11231089,12093321,12187899,12188979,12189339,12371200,12371560,12371920,12524837,12833106,13057088,13113952,13195045,13474557
X	atgttatacctcgatgagtttgtaattaaa	12833010,12833010,12833010,12833010,12833010,12833010,12833010
X	attacaaactcatcgaggtataacattcca	12797139
X	attcaggcaattaatttgaaagttgtggca	13127157
X	attgcctgaatatggaatgtcatacctcgt	9461518,10156454
X	attgcctgaatatggaatgttatacctcga	12832994,12832994
X	atttaattacaaactcatcgaggtataaca	12794975,12795335,12795694,12796054,12796414,12796774,12797134
X	attttcgcattttttgtaaggggtaacatc	8318035,8369607,8699510,8699869,8700229,8700589,8700948,8701308,8701668,8702028,8735390,8735750,8840410,8840770,9072558,9374510,9396890,9515616,9623419,9623728,9624087,9624446,9624805,9625164,9625523,9625882,9726393,9809919,9810278,9870373,9905081,9956159,10240045,10240404,10292150,10340406,10340765,10489126,10831157,10919568,10990097,10990457,10990818,12047094,12047451,12047808,12124177,12437775,12438133,12438493,12683507,12794881,12795600,12795960,12796680,12797040,12797400,12797760,13360905,13361265,13361625,13361985,13362345,15221584
X	attttgatgatgttaccccttacaaaaaat	5490222,5490948,5502799,5712272,5979626,6207182,6351227,8531034,8577617,8750586,8750946,8751306,8751666,8752026,8752386,8827650,8909063,9005816,9137761,9138123,9138484,9138845,9203997,9204356,9296854,9313760,9534696,9556950,9597541,9597900,9711053,9772401,9880811,9881168,9920129,9941763,9971588,10048831,10103249,10120515,10120874,10261911,10262270,10439241,11230718,11231080,12093312,12093660,12187890,12188970,12189330,12493999,12833097,13056719,13057079,13113223,13113583,13113943,13195036,14914997,15597864,5490222,5490948,5502799,5712272,5979626,6207182,6351227,8531034,8577617,8750586,8750946,8751306,8751666,8752026,8752386,8827650,8909063,9005816,9137761,9138123,9138484,9138845,9203997,9204356,9296854,9313760,9534696,9556950,9597541,9597900,9711053,9772401,9880811,9881168,9920129,9941763,9971588,10048831,10103249,10120515,10120874,10261911,10262270,10439241,11230718,11231080,12093312,12093660,12187890,12188970,12189330,12493999,12833097,13056719,13057079,13113223,13113583,13113943,13195036,14914997,15597864,5490222,5490948,5502799,5712272,5979626,6207182,6351227,8531034,8577617,8750586,8750946,8751306,8751666,8752026,8752386,8827650,8909063,9005816,9137761,9138123,9138484,9138845,9203997,9204356,9296854,9313760,9534696,9556950,9597541,9597900,9711053,9772401,9880811,9881168,9920129,9941763,9971588,10048831,10103249,10120515,10120874,10261911,10262270,10439241,11230718,11231080,12093312,12093660,12187890,12188970,12189330,12493999,12833097,13056719,13057079,13113223,13113583,13113943,13195036,14914997,15597864,5490222,5490948,5502799,5712272,5979626,6207182,6351227,8531034,8577617,8750586,8750946,8751306,8751666,8752026,8752386,8827650,8909063,9005816,9137761,9138123,9138484,9138845,9203997,9204356,9296854,9313760,9534696,9556950,9597541,9597900,9711053,9772401,9880811,9881168,9920129,9941763,9971588,10048831,10103249,10120515,10120874,10261911,10262270,10439241,11230718,11231080,12093312,12093660,12187890,12188970,12189330,12493999,12833097,13056719,13057079,13113223,13113583,13113943,13195036,14914997,15597864,5490222,5490948,5502799,5712272,5979626,6207182,6351227,8531034,8577617,8750586,8750946,8751306,8751666,8752026,8752386,8827650,8909063,9005816,9137761,9138123,9138484,9138845,9203997,9204356,9296854,9313760,9534696,9556950,9597541,9597900,9711053,9772401,9880811,9881168,9920129,9941763,9971588,10048831,10103249,10120515,10120874,10261911,10262270,10439241,11230718,11231080,12093312,12093660,12187890,12188970,12189330,12493999,12833097,13056719,13057079,13113223,13113583,13113943,13195036,14914997,15597864,5490222,5490948,5502799,5712272,5979626,6207182,6351227,8531034,8577617,8750586,8750946,8751306,8751666,8752026,8752386,8827650,8909063,9005816,9137761,9138123,9138484,9138845,9203997,9204356,9296854,9313760,9534696,9556950,9597541,9597900,9711053,9772401,9880811,9881168,9920129,9941763,9971588,10048831,10103249,10120515,10120874,10261911,10262270,10439241,11230718,11231080,12093312,12093660,12187890,12188970,12189330,12493999,12833097,13056719,13057079,13113223,13113583,13113943,13195036,14914997,15597864,5490222,5490948,5502799,5712272,5979626,6207182,6351227,8531034,8577617,8750586,8750946,8751306,8751666,8752026,8752386,8827650,8909063,9005816,9137761,9138123,9138484,9138845,9203997,9204356,9296854,9313760,9534696,9556950,9597541,9597900,9711053,9772401,9880811,9881168,9920129,9941763,9971588,10048831,10103249,10120515,10120874,10261911,10262270,10439241,11230718,11231080,12093312,12093660,12187890,12188970,12189330,12493999,12833097,13056719,13057079,13113223,13113583,13113943,13195036,14914997,15597864
X	attttttgcaaattttgatgatgttacccc	5490211,5490937,5502788,5503148,5712622,6206812,6207171,6418287,6419611,6477697,6479021,8577606,8578297,8750575,8750935,8752015,8752375,8827639,9005805,9036961,9137750,9138112,9138473,9138834,9203986,9204345,9296843,9297203,9534685,9556939,9597530,9597889,9711042,9772390,9881157,9920118,9941752,9971577,9984030,10048820,10049181,10103238,10120504,10120863,10156187,10261900,10262259,10262618,11023291,11362723,11532322,11780487,11781552,12093301,12189319,13056708,13057068,13242016,13423515,13530358,13900804,13901154,15597853,17348106,5490211,5490937,5502788,5503148,5712622,6206812,6207171,6418287,6419611,6477697,6479021,8577606,8578297,8750575,8750935,8752015,8752375,8827639,9005805,9036961,9137750,9138112,9138473,9138834,9203986,9204345,9296843,9297203,9534685,9556939,9597530,9597889,9711042,9772390,9881157,9920118,9941752,9971577,9984030,10048820,10049181,10103238,10120504,10120863,10156187,10261900,10262259,10262618,11023291,11362723,11532322,11780487,11781552,12093301,12189319,13056708,13057068,13242016,13423515,13530358,13900804,13901154,15597853,17348106,5490211,5490937,5502788,5503148,5712622,6206812,6207171,6418287,6419611,6477697,6479021,8577606,8578297,8750575,8750935,8752015,8752375,8827639,9005805,9036961,9137750,9138112,9138473,9138834,9203986,9204345,9296843,9297203,9534685,9556939,9597530,9597889,9711042,9772390,9881157,9920118,9941752,9971577,9984030,10048820,10049181,10103238,10120504,10120863,10156187,10261900,10262259,10262618,11023291,11362723,11532322,11780487,11781552,12093301,12189319,13056708,13057068,13242016,13423515,13530358,13900804,13901154,15597853,17348106,5490211,5490937,5502788,5503148,5712622,6206812,6207171,6418287,6419611,6477697,6479021,8577606,8578297,8750575,8750935,8752015,8752375,8827639,9005805,9036961,9137750,9138112,9138473,9138834,9203986,9204345,9296843,9297203,9534685,9556939,9597530,9597889,9711042,9772390,9881157,9920118,9941752,9971577,9984030,10048820,10049181,10103238,10120504,10120863,10156187,10261900,10262259,10262618,11023291,11362723,11532322,11780487,11781552,12093301,12189319,13056708,13057068,13242016,13423515,13530358,13900804,13901154,15597853,17348106,5490211,5490937,5502788,5503148,5712622,6206812,6207171,6418287,6419611,6477697,6479021,8577606,8578297,8750575,8750935,8752015,8752375,8827639,9005805,9036961,9137750,9138112,9138473,9138834,9203986,9204345,9296843,9297203,9534685,9556939,9597530,9597889,9711042,9772390,9881157,9920118,9941752,9971577,9984030,10048820,10049181,10103238,10120504,10120863,10156187,10261900,10262259,10262618,11023291,11362723,11532322,11780487,11781552,12093301,12189319,13056708,13057068,13242016,13423515,13530358,13900804,13901154,15597853,17348106,5490211,5490937,5502788,5503148,5712622,6206812,6207171,6418287,6419611,6477697,6479021,8577606,8578297,8750575,8750935,8752015,8752375,8827639,9005805,9036961,9137750,9138112,9138473,9138834,9203986,9204345,9296843,9297203,9534685,9556939,9597530,9597889,9711042,9772390,9881157,9920118,9941752,9971577,9984030,10048820,10049181,10103238,10120504,10120863,10156187,10261900,10262259,10262618,11023291,11362723,11532322,11780487,11781552,12093301,12189319,13056708,13057068,13242016,13423515,13530358,13900804,13901154,15597853,17348106,5490211,5490937,5502788,5503148,5712622,6206812,6207171,6418287,6419611,6477697,6479021,8577606,8578297,8750575,8750935,8752015,8752375,8827639,9005805,9036961,9137750,9138112,9138473,9138834,9203986,9204345,9296843,9297203,9534685,9556939,9597530,9597889,9711042,9772390,9881157,9920118,9941752,9971577,9984030,10048820,10049181,10103238,10120504,10120863,10156187,10261900,10262259,10262618,11023291,11362723,11532322,11780487,11781552,12093301,12189319,13056708,13057068,13242016,13423515,13530358,13900804,13901154,15597853,17348106
X	attttttgtaaggggtaacatcatcaaaat	5460533,5523168,5523506,5580399,5580759,5581119,8318043,8369615,8699518,8699877,8700237,8700597,8700956,8701316,8702036,8735398,8735758,8840418,8840778,9017397,9072566,9093016,9235208,9374518,9396898,9623427,9623736,9624095,9624454,9624813,9625172,9625531,9625890,9726401,9727119,9809927,9810286,9840958,9905089,9956167,10240053,10292158,10340414,10340773,10489134,10919576,11889678,11890398,12124545,12124903,12437783,12438141,12438501,12683169,12683515,12794889,12795608,12795968,12796688,12797048,12797408,12797768,12928661,13126672,13360913,13361273,13361993,13362353
X	caaactcatcgaggtataacattccatatt	12797143
X	caaattttgatgatgttaccccttacaaaa	1812490,5490219,5490945,5502796,5979623,6206820,6207179,6351224,6351586,8531031,8577614,8750583,8750943,8752023,8752383,8827647,8909060,9005813,9137758,9138120,9138481,9138842,9203994,9204353,9296851,9313757,9534693,9556947,9597538,9597897,9711050,9772398,9880808,9881165,9920126,9941760,9971585,9984038,10048828,10049189,10103246,10120512,10120871,10261908,10262267,10262626,10439238,11230715,11231077,12093309,12093657,12187887,12189327,12493996,13056716,13057076,13113220,13113580,13113940,13195033,13423523,14914994,15597861,17348114,1812490,5490219,5490945,5502796,5979623,6206820,6207179,6351224,6351586,8531031,8577614,8750583,8750943,8752023,8752383,8827647,8909060,9005813,9137758,9138120,9138481,9138842,9203994,9204353,9296851,9313757,9534693,9556947,9597538,9597897,9711050,9772398,9880808,9881165,9920126,9941760,9971585,9984038,10048828,10049189,10103246,10120512,10120871,10261908,10262267,10262626,10439238,11230715,11231077,12093309,12093657,12187887,12189327,12493996,13056716,13057076,13113220,13113580,13113940,13195033,13423523,14914994,15597861,17348114,1812490,5490219,5490945,5502796,5979623,6206820,6207179,6351224,6351586,8531031,8577614,8750583,8750943,8752023,8752383,8827647,8909060,9005813,9137758,9138120,9138481,9138842,9203994,9204353,9296851,9313757,9534693,9556947,9597538,9597897,9711050,9772398,9880808,9881165,9920126,9941760,9971585,9984038,10048828,10049189,10103246,10120512,10120871,10261908,10262267,10262626,10439238,11230715,11231077,12093309,12093657,12187887,12189327,12493996,13056716,13057076,13113220,13113580,13113940,13195033,13423523,14914994,15597861,17348114,1812490,5490219,5490945,5502796,5979623,6206820,6207179,6351224,6351586,8531031,8577614,8750583,8750943,8752023,8752383,8827647,8909060,9005813,9137758,9138120,9138481,9138842,9203994,9204353,9296851,9313757,9534693,9556947,9597538,9597897,9711050,9772398,9880808,9881165,9920126,9941760,9971585,9984038,10048828,10049189,10103246,10120512,10120871,10261908,10262267,10262626,10439238,11230715,11231077,12093309,12093657,12187887,12189327,12493996,13056716,13057076,13113220,13113580,13113940,13195033,13423523,14914994,15597861,17348114,1812490,5490219,5490945,5502796,5979623,6206820,6207179,6351224,6351586,8531031,8577614,8750583,8750943,8752023,8752383,8827647,8909060,9005813,9137758,9138120,9138481,9138842,9203994,9204353,9296851,9313757,9534693,9556947,9597538,9597897,9711050,9772398,9880808,9881165,9920126,9941760,9971585,9984038,10048828,10049189,10103246,10120512,10120871,10261908,10262267,10262626,10439238,11230715,11231077,12093309,12093657,12187887,12189327,12493996,13056716,13057076,13113220,13113580,13113940,13195033,13423523,14914994,15597861,17348114,1812490,5490219,5490945,5502796,5979623,6206820,6207179,6351224,6351586,8531031,8577614,8750583,8750943,8752023,8752383,8827647,8909060,9005813,9137758,9138120,9138481,9138842,9203994,9204353,9296851,9313757,9534693,9556947,9597538,9597897,9711050,9772398,9880808,9881165,9920126,9941760,9971585,9984038,10048828,10049189,10103246,10120512,10120871,10261908,10262267,10262626,10439238,11230715,11231077,12093309,12093657,12187887,12189327,12493996,13056716,13057076,13113220,13113580,13113940,13195033,13423523,14914994,15597861,17348114,1812490,5490219,5490945,5502796,5979623,6206820,6207179,6351224,6351586,8531031,8577614,8750583,8750943,8752023,8752383,8827647,8909060,9005813,9137758,9138120,9138481,9138842,9203994,9204353,9296851,9313757,9534693,9556947,9597538,9597897,9711050,9772398,9880808,9881165,9920126,9941760,9971585,9984038,10048828,10049189,10103246,10120512,10120871,10261908,10262267,10262626,10439238,11230715,11231077,12093309,12093657,12187887,12189327,12493996,13056716,13057076,13113220,13113580,13113940,13195033,13423523,14914994,15597861,17348114
X	catacctcgttgagctcgtaattaaatttc	1812410,8908980,9203914,9204273,9557226,9597458,9919327,10156115,10262546
X	catattcaggcaattaatttgaaagttgtg	13127154
X	catcgaggtataacattccatattcaggca	12797149,12797509
X	cattttttgtaaggggtaacatcatcaaaa	5460532,5523167,5523505,5580398,5580758,5581118,8318042,8369614,8699517,8699876,8700236,8700596,8700955,8701315,8702035,8735397,8735757,8840417,8840777,9017396,9072565,9093015,9235207,9374517,9396897,9623426,9623735,9624094,9624453,9624812,9625171,9625530,9625889,9726400,9727118,9809926,9810285,9840957,9905088,9956166,10008136,10240052,10292157,10340413,10340772,10489133,10919575,11889677,11890397,12124544,12124902,12437782,12438140,12438500,12683514,12794888,12795607,12795967,12796687,12797047,12797407,12797767,12928660,13126671,13360912,13361272,13361992,13362352
X	cctcgttgagctcgtaattaaatttccaat	1812414,8908984,9203918,9204277,9557230,9597462,9919331,10156119,10262550
X	cctgaatatggaatgtcatacctcgttgag	9461522
X	cctgaatatggaatgttatacctcgatgag	12832998,12832998
X	cgaggtataacattccatattcaggcaatt	12797152,12797512
X	cgcattttttgtaaggggtaacatcatcaa	5460530,5523165,5523503,5580396,5580756,5581116,8318040,8369612,8699515,8699874,8700234,8700594,8700953,8701313,8702033,8735395,8735755,8840415,8840775,9072563,9374515,9396895,9623424,9623733,9624092,9624451,9624810,9625169,9625528,9625887,9726398,9809924,9810283,9905086,9956164,10240050,10292155,10340411,10340770,10489131,10919573,12437780,12438138,12438498,12683512,12794886,12795605,12795965,12796685,12797045,12797405,12797765,12928658,13360910,13361270,13361990,13362350
X	cgttgagctcgtaattaaatttccaattaa	8908987
X	ctcatcgaggtataacattccatattcagg	12797147,12797507
X	ctcgtaattaaatttccaattaaactgtgt	8908994
X	ctcgttgagctcgtaattaaatttccaatt	8908985
X	ctgaatatggaatgtcatacctcgttgagc	5817899,6206725,9204258,9296756,9461523,9461881,9534957,9556852,9557211,10302679
X	ctgaatatggaatgttatacctcgatgagt	12832999,12832999
X	gaatatggaatgtcatacctcgttgagctc	5817901,6206727,9204260,9296758,9461525,9461883,9534959,9556854,9557213,10302681
X	gaatatggaatgttatacctcgatgagttt	12833001
X	gaatgtcatacctcgttgagctcgtaatta	8908974,9203908,9204267,9296765,9557220,14884222
X	gaatgttatacctcgatgagtttgtaatta	12833008,12833008,12833008,12833008,12833008,12833008,12833008
X	gagctcgtaattaaatttccaattaaactg	8908991
X	gaggtataacattccatattcaggcaatta	12797153,12797513
X	gatgatgttaccccttacaaaaaatgcgaa	5490227,5490953,5502804,5712277,6207187,6351232,8577622,8750591,8750951,8751311,8751671,8752031,8752391,8827655,8909068,9005821,9137766,9138128,9138489,9138850,9204002,9204361,9296859,9313765,9534701,9556955,9597546,9597905,9711058,9772406,9920134,10048836,10120879,10261916,10262275,10439246,11230723,11231085,12093317,12187895,12188975,12189335,12833102,13057084,13113948,13195041,5490227,5490953,5502804,5712277,6207187,6351232,8577622,8750591,8750951,8751311,8751671,8752031,8752391,8827655,8909068,9005821,9137766,9138128,9138489,9138850,9204002,9204361,9296859,9313765,9534701,9556955,9597546,9597905,9711058,9772406,9920134,10048836,10120879,10261916,10262275,10439246,11230723,11231085,12093317,12187895,12188975,12189335,12833102,13057084,13113948,13195041,5490227,5490953,5502804,5712277,6207187,6351232,8577622,8750591,8750951,8751311,8751671,8752031,8752391,8827655,8909068,9005821,9137766,9138128,9138489,9138850,9204002,9204361,9296859,9313765,9534701,9556955,9597546,9597905,9711058,9772406,9920134,10048836,10120879,10261916,10262275,10439246,11230723,11231085,12093317,12187895,12188975,12189335,12833102,13057084,13113948,13195041,5490227,5490953,5502804,5712277,6207187,6351232,8577622,8750591,8750951,8751311,8751671,8752031,8752391,8827655,8909068,9005821,9137766,9138128,9138489,9138850,9204002,9204361,9296859,9313765,9534701,9556955,9597546,9597905,9711058,9772406,9920134,10048836,10120879,10261916,10262275,10439246,11230723,11231085,12093317,12187895,12188975,12189335,12833102,13057084,13113948,13195041,5490227,5490953,5502804,5712277,6207187,6351232,8577622,8750591,8750951,8751311,8751671,8752031,8752391,8827655,8909068,9005821,9137766,9138128,9138489,9138850,9204002,9204361,9296859,9313765,9534701,9556955,9597546,9597905,9711058,9772406,9920134,10048836,10120879,10261916,10262275,10439246,11230723,11231085,12093317,12187895,12188975,12189335,12833102,13057084,13113948,13195041,5490227,5490953,5502804,5712277,6207187,6351232,8577622,8750591,8750951,8751311,8751671,8752031,8752391,8827655,8909068,9005821,9137766,9138128,9138489,9138850,9204002,9204361,9296859,9313765,9534701,9556955,9597546,9597905,9711058,9772406,9920134,10048836,10120879,10261916,10262275,10439246,11230723,11231085,12093317,12187895,12188975,12189335,12833102,13057084,13113948,13195041,5490227,5490953,5502804,5712277,6207187,6351232,8577622,8750591,8750951,8751311,8751671,8752031,8752391,8827655,8909068,9005821,9137766,9138128,9138489,9138850,9204002,9204361,9296859,9313765,9534701,9556955,9597546,9597905,9711058,9772406,9920134,10048836,10120879,10261916,10262275,10439246,11230723,11231085,12093317,12187895,12188975,12189335,12833102,13057084,13113948,13195041
X	gatgttaccccttacaaaaaatgcgaaaat	2769027,2769386,3247031,6207190,8577625,8750594,8750954,8751314,8751674,8752034,8752394,8827658,8909071,9005463,9005824,9137769,9138131,9138492,9138853,9204005,9204364,9296503,9313768,9422805,9534704,9556958,9597549,9597908,9711061,9772409,9919418,9920137,10048839,10120882,10156565,10261919,10262278,10302426,10439249,11040673,11041033,11230726,11231088,12093320,12187898,12188978,12189338,12371199,12371559,12371919,12524836,12833105,13057087,13113951,13195044,13474556,2769027,2769386,3247031,6207190,8577625,8750594,8750954,8751314,8751674,8752034,8752394,8827658,8909071,9005463,9005824,9137769,9138131,9138492,9138853,9204005,9204364,9296503,9313768,9422805,9534704,9556958,9597549,9597908,9711061,9772409,9919418,9920137,10048839,10120882,10156565,10261919,10262278,10302426,10439249,11040673,11041033,11230726,11231088,12093320,12187898,12188978,12189338,12371199,12371559,12371919,12524836,12833105,13057087,13113951,13195044,13474556,2769027,2769386,3247031,6207190,8577625,8750594,8750954,8751314,8751674,8752034,8752394,8827658,8909071,9005463,9005824,9137769,9138131,9138492,9138853,9204005,9204364,9296503,9313768,9422805,9534704,9556958,9597549,9597908,9711061,9772409,9919418,9920137,10048839,10120882,10156565,10261919,10262278,10302426,10439249,11040673,11041033,11230726,11231088,12093320,12187898,12188978,12189338,12371199,12371559,12371919,12524836,12833105,13057087,13113951,13195044,13474556,2769027,2769386,3247031,6207190,8577625,8750594,8750954,8751314,8751674,8752034,8752394,8827658,8909071,9005463,9005824,9137769,9138131,9138492,9138853,9204005,9204364,9296503,9313768,9422805,9534704,9556958,9597549,9597908,9711061,9772409,9919418,9920137,10048839,10120882,10156565,10261919,10262278,10302426,10439249,11040673,11041033,11230726,11231088,12093320,12187898,12188978,12189338,12371199,12371559,12371919,12524836,12833105,13057087,13113951,13195044,13474556,2769027,2769386,3247031,6207190,8577625,8750594,8750954,8751314,8751674,8752034,8752394,8827658,8909071,9005463,9005824,9137769,9138131,9138492,9138853,9204005,9204364,9296503,9313768,9422805,9534704,9556958,9597549,9597908,9711061,9772409,9919418,9920137,10048839,10120882,10156565,10261919,10262278,10302426,10439249,11040673,11041033,11230726,11231088,12093320,12187898,12188978,12189338,12371199,12371559,12371919,12524836,12833105,13057087,13113951,13195044,13474556,2769027,2769386,3247031,6207190,8577625,8750594,8750954,8751314,8751674,8752034,8752394,8827658,8909071,9005463,9005824,9137769,9138131,9138492,9138853,9204005,9204364,9296503,9313768,9422805,9534704,9556958,9597549,9597908,9711061,9772409,9919418,9920137,10048839,10120882,10156565,10261919,10262278,10302426,10439249,11040673,11041033,11230726,11231088,12093320,12187898,12188978,12189338,12371199,12371559,12371919,12524836,12833105,13057087,13113951,13195044,13474556,2769027,2769386,3247031,6207190,8577625,8750594,8750954,8751314,8751674,8752034,8752394,8827658,8909071,9005463,9005824,9137769,9138131,9138492,9138853,9204005,9204364,9296503,9313768,9422805,9534704,9556958,9597549,9597908,9711061,9772409,9919418,9920137,10048839,10120882,10156565,10261919,10262278,10302426,10439249,11040673,11041033,11230726,11231088,12093320,12187898,12188978,12189338,12371199,12371559,12371919,12524836,12833105,13057087,13113951,13195044,13474556
X	gcaaattttgatgatgttaccccttacaaa	1812489,5490218,5490944,5502795,5979622,6206819,6207178,6351223,6351585,8531030,8577613,8750582,8750942,8752022,8752382,8827646,9005812,9137757,9138119,9138480,9138841,9203993,9204352,9296850,9534692,9556946,9597537,9597896,9711049,9772397,9880807,9881164,9920125,9941759,9971584,9984037,10048827,10049188,10103245,10120511,10120870,10261907,10262266,10262625,10439237,11230714,11231076,12093308,12187886,12189326,13056715,13057075,13113219,13113579,13113939,13195032,13423522,15597860,17348113,1812489,5490218,5490944,5502795,5979622,6206819,6207178,6351223,6351585,8531030,8577613,8750582,8750942,8752022,8752382,8827646,9005812,9137757,9138119,9138480,9138841,9203993,9204352,9296850,9534692,9556946,9597537,9597896,9711049,9772397,9880807,9881164,9920125,9941759,9971584,9984037,10048827,10049188,10103245,10120511,10120870,10261907,10262266,10262625,10439237,11230714,11231076,12093308,12187886,12189326,13056715,13057075,13113219,13113579,13113939,13195032,13423522,15597860,17348113,1812489,5490218,5490944,5502795,5979622,6206819,6207178,6351223,6351585,8531030,8577613,8750582,8750942,8752022,8752382,8827646,9005812,9137757,9138119,9138480,9138841,9203993,9204352,9296850,9534692,9556946,9597537,9597896,9711049,9772397,9880807,9881164,9920125,9941759,9971584,9984037,10048827,10049188,10103245,10120511,10120870,10261907,10262266,10262625,10439237,11230714,11231076,12093308,12187886,12189326,13056715,13057075,13113219,13113579,13113939,13195032,13423522,15597860,17348113,1812489,5490218,5490944,5502795,5979622,6206819,6207178,6351223,6351585,8531030,8577613,8750582,8750942,8752022,8752382,8827646,9005812,9137757,9138119,9138480,9138841,9203993,9204352,9296850,9534692,9556946,9597537,9597896,9711049,9772397,9880807,9881164,9920125,9941759,9971584,9984037,10048827,10049188,10103245,10120511,10120870,10261907,10262266,10262625,10439237,11230714,11231076,12093308,12187886,12189326,13056715,13057075,13113219,13113579,13113939,13195032,13423522,15597860,17348113,1812489,5490218,5490944,5502795,5979622,6206819,6207178,6351223,6351585,8531030,8577613,8750582,8750942,8752022,8752382,8827646,9005812,9137757,9138119,9138480,9138841,9203993,9204352,9296850,9534692,9556946,9597537,9597896,9711049,9772397,9880807,9881164,9920125,9941759,9971584,9984037,10048827,10049188,10103245,10120511,10120870,10261907,10262266,10262625,10439237,11230714,11231076,12093308,12187886,12189326,13056715,13057075,13113219,13113579,13113939,13195032,13423522,15597860,17348113,1812489,5490218,5490944,5502795,5979622,6206819,6207178,6351223,6351585,8531030,8577613,8750582,8750942,8752022,8752382,8827646,9005812,9137757,9138119,9138480,9138841,9203993,9204352,9296850,9534692,9556946,9597537,9597896,9711049,9772397,9880807,9881164,9920125,9941759,9971584,9984037,10048827,10049188,10103245,10120511,10120870,10261907,10262266,10262625,10439237,11230714,11231076,12093308,12187886,12189326,13056715,13057075,13113219,13113579,13113939,13195032,13423522,15597860,17348113,1812489,5490218,5490944,5502795,5979622,6206819,6207178,6351223,6351585,8531030,8577613,8750582,8750942,8752022,8752382,8827646,9005812,9137757,9138119,9138480,9138841,9203993,9204352,9296850,9534692,9556946,9597537,9597896,9711049,9772397,9880807,9881164,9920125,9941759,9971584,9984037,10048827,10049188,10103245,10120511,10120870,10261907,10262266,10262625,10439237,11230714,11231076,12093308,12187886,12189326,13056715,13057075,13113219,13113579,13113939,13195032,13423522,15597860,17348113
X	gcattttttgtaaggggtaacatcatcaaa	5460531,5523166,5523504,5580397,5580757,5581117,8318041,8369613,8699516,8699875,8700235,8700595,8700954,8701314,8702034,8735396,8735756,8840416,8840776,9017395,9072564,9235206,9374516,9396896,9623425,9623734,9624093,9624452,9624811,9625170,9625529,9625888,9726399,9727117,9809925,9810284,9840956,9905087,9956165,10008135,10240051,10292156,10340412,10340771,10489132,10919574,12124901,12437781,12438139,12438499,12683513,12794887,12795606,12795966,12796686,12797046,12797406,12797766,12928659,13126670,13360911,13361271,13361991,13362351
X	gcctgaatatggaatgtcatacctcgttga	9461521
X	gcctgaatatggaatgttatacctcgatga	12832997,12832997
X	gctcgtaattaaatttccaattaaactgtg	8908993
X	ggaatgtcatacctcgttgagctcgtaatt	8908973,9203907,9204266,9296764,9534965,9557219,14884221
X	ggaatgttatacctcgatgagtttgtaatt	12833007,12833007,12833007,12833007,12833007,12833007,12833007
X	gtcatacctcgttgagctcgtaattaaatt	1812408,8908978,9203912,9204271,9557224,10262544,14884226
X	gttatacctcgatgagtttgtaattaaatt	12833012,12833012,12833012,12833012,12833012,12833012,12833012
X	gttgagctcgtaattaaatttccaattaaa	8908988
X	taattacaaactcatcgaggtataacattc	12794978,12795338,12795697,12796057,12796417,12796777,12797137
X	taattgcctgaatatggaatgtcatacctc	10156452
X	taattgcctgaatatggaatgttatacctc	12832992,12832992
X	tacaaactcatcgaggtataacattccata	12797141
X	tacctcgttgagctcgtaattaaatttcca	1812412,8908982,9203916,9204275,9557228,9597460,9919329,10156117,10262548
X	tatggaatgtcatacctcgttgagctcgta	5817904,6418205,6715330,8908970,9203904,9204263,9296761,9461528,9461886,9534962,9557216,10262177,10302684,14884218
X	tatggaatgttatacctcgatgagtttgta	12833004
X	tattcaggcaattaatttgaaagttgtggc	13127156
X	tcaggcaattaatttgaaagttgtggcaaa	13127159
X	tcatacctcgttgagctcgtaattaaattt	1812409,8908979,9203913,9204272,9557225,10262545
X	tcatcgaggtataacattccatattcaggc	12797148,12797508
X	tcgaggtataacattccatattcaggcaat	12797151,12797511
X	tcgcattttttgtaaggggtaacatcatca	5460529,5523164,5523502,5580395,5580755,5581115,8318039,8369611,8699514,8699873,8700233,8700593,8700952,8701312,8702032,8735394,8735754,8840414,8840774,9072562,9374514,9396894,9623423,9623732,9624091,9624450,9624809,9625168,9625527,9625886,9726397,9809923,9810282,9905085,9956163,10240049,10292154,10340410,10340769,10489130,10919572,12437779,12438137,12438497,12683511,12794885,12795604,12795964,12796684,12797044,12797404,12797764,12928657,13360909,13361269,13361989,13362349
X	tcgttgagctcgtaattaaatttccaatta	8908986
X	tgaatatggaatgtcatacctcgttgagct	5817900,6206726,9204259,9296757,9461524,9461882,9534958,9556853,9557212,10302680
X	tgaatatggaatgttatacctcgatgagtt	12833000,12833000
X	tgagctcgtaattaaatttccaattaaact	8908990
X	tgatgatgttaccccttacaaaaaatgcga	5490226,5490952,5502803,5712276,6207186,6351231,8577621,8750590,8750950,8751310,8751670,8752030,8752390,8827654,8909067,9005820,9137765,9138127,9138488,9138849,9204001,9204360,9296858,9313764,9534700,9556954,9597545,9597904,9711057,9772405,9920133,10048835,10120878,10261915,10262274,10439245,11230722,11231084,12093316,12187894,12188974,12189334,12833101,13057083,13113947,13195040,5490226,5490952,5502803,5712276,6207186,6351231,8577621,8750590,8750950,8751310,8751670,8752030,8752390,8827654,8909067,9005820,9137765,9138127,9138488,9138849,9204001,9204360,9296858,9313764,9534700,9556954,9597545,9597904,9711057,9772405,9920133,10048835,10120878,10261915,10262274,10439245,11230722,11231084,12093316,12187894,12188974,12189334,12833101,13057083,13113947,13195040,5490226,5490952,5502803,5712276,6207186,6351231,8577621,8750590,8750950,8751310,8751670,8752030,8752390,8827654,8909067,9005820,9137765,9138127,9138488,9138849,9204001,9204360,9296858,9313764,9534700,9556954,9597545,9597904,9711057,9772405,9920133,10048835,10120878,10261915,10262274,10439245,11230722,11231084,12093316,12187894,12188974,12189334,12833101,13057083,13113947,13195040,5490226,5490952,5502803,5712276,6207186,6351231,8577621,8750590,8750950,8751310,8751670,8752030,8752390,8827654,8909067,9005820,9137765,9138127,9138488,9138849,9204001,9204360,9296858,9313764,9534700,9556954,9597545,9597904,9711057,9772405,9920133,10048835,10120878,10261915,10262274,10439245,11230722,11231084,12093316,12187894,12188974,12189334,12833101,13057083,13113947,13195040,5490226,5490952,5502803,5712276,6207186,6351231,8577621,8750590,8750950,8751310,8751670,8752030,8752390,8827654,8909067,9005820,9137765,9138127,9138488,9138849,9204001,9204360,9296858,9313764,9534700,9556954,9597545,9597904,9711057,9772405,9920133,10048835,10120878,10261915,10262274,10439245,11230722,11231084,12093316,12187894,12188974,12189334,12833101,13057083,13113947,13195040,5490226,5490952,5502803,5712276,6207186,6351231,8577621,8750590,8750950,8751310,8751670,8752030,8752390,8827654,8909067,9005820,9137765,9138127,9138488,9138849,9204001,9204360,9296858,9313764,9534700,9556954,9597545,9597904,9711057,9772405,9920133,10048835,10120878,10261915,10262274,10439245,11230722,11231084,12093316,12187894,12188974,12189334,12833101,13057083,13113947,13195040,5490226,5490952,5502803,5712276,6207186,6351231,8577621,8750590,8750950,8751310,8751670,8752030,8752390,8827654,8909067,9005820,9137765,9138127,9138488,9138849,9204001,9204360,9296858,9313764,9534700,9556954,9597545,9597904,9711057,9772405,9920133,10048835,10120878,10261915,10262274,10439245,11230722,11231084,12093316,12187894,12188974,12189334,12833101,13057083,13113947,13195040
X	tgatgttaccccttacaaaaaatgcgaaaa	2769026,2769385,5490229,5490955,5502806,5712279,6207189,6351234,8577624,8750593,8750953,8751313,8751673,8752033,8752393,8827657,8909070,9005462,9005823,9137768,9138130,9138491,9138852,9204004,9204363,9313767,9534703,9556957,9597548,9597907,9711060,9772408,9920136,10048838,10120881,10261918,10262277,10302425,10439248,11040672,11041032,11230725,11231087,12093319,12187897,12188977,12189337,12371198,12371558,12371918,12524835,12833104,13057086,13113950,13195043,13474555,2769026,2769385,5490229,5490955,5502806,5712279,6207189,6351234,8577624,8750593,8750953,8751313,8751673,8752033,8752393,8827657,8909070,9005462,9005823,9137768,9138130,9138491,9138852,9204004,9204363,9313767,9534703,9556957,9597548,9597907,9711060,9772408,9920136,10048838,10120881,10261918,10262277,10302425,10439248,11040672,11041032,11230725,11231087,12093319,12187897,12188977,12189337,12371198,12371558,12371918,12524835,12833104,13057086,13113950,13195043,13474555,2769026,2769385,5490229,5490955,5502806,5712279,6207189,6351234,8577624,8750593,8750953,8751313,8751673,8752033,8752393,8827657,8909070,9005462,9005823,9137768,9138130,9138491,9138852,9204004,9204363,9313767,9534703,9556957,9597548,9597907,9711060,9772408,9920136,10048838,10120881,10261918,10262277,10302425,10439248,11040672,11041032,11230725,11231087,12093319,12187897,12188977,12189337,12371198,12371558,12371918,12524835,12833104,13057086,13113950,13195043,13474555,2769026,2769385,5490229,5490955,5502806,5712279,6207189,6351234,8577624,8750593,8750953,8751313,8751673,8752033,8752393,8827657,8909070,9005462,9005823,9137768,9138130,9138491,9138852,9204004,9204363,9313767,9534703,9556957,9597548,9597907,9711060,9772408,9920136,10048838,10120881,10261918,10262277,10302425,10439248,11040672,11041032,11230725,11231087,12093319,12187897,12188977,12189337,12371198,12371558,12371918,12524835,12833104,13057086,13113950,13195043,13474555,2769026,2769385,5490229,5490955,5502806,5712279,6207189,6351234,8577624,8750593,8750953,8751313,8751673,8752033,8752393,8827657,8909070,9005462,9005823,9137768,9138130,9138491,9138852,9204004,9204363,9313767,9534703,9556957,9597548,9597907,9711060,9772408,9920136,10048838,10120881,10261918,10262277,10302425,10439248,11040672,11041032,11230725,11231087,12093319,12187897,12188977,12189337,12371198,12371558,12371918,12524835,12833104,13057086,13113950,13195043,13474555,2769026,2769385,5490229,5490955,5502806,5712279,6207189,6351234,8577624,8750593,8750953,8751313,8751673,8752033,8752393,8827657,8909070,9005462,9005823,9137768,9138130,9138491,9138852,9204004,9204363,9313767,9534703,9556957,9597548,9597907,9711060,9772408,9920136,10048838,10120881,10261918,10262277,10302425,10439248,11040672,11041032,11230725,11231087,12093319,12187897,12188977,12189337,12371198,12371558,12371918,12524835,12833104,13057086,13113950,13195043,13474555,2769026,2769385,5490229,5490955,5502806,5712279,6207189,6351234,8577624,8750593,8750953,8751313,8751673,8752033,8752393,8827657,8909070,9005462,9005823,9137768,9138130,9138491,9138852,9204004,9204363,9313767,9534703,9556957,9597548,9597907,9711060,9772408,9920136,10048838,10120881,10261918,10262277,10302425,10439248,11040672,11041032,11230725,11231087,12093319,12187897,12188977,12189337,12371198,12371558,12371918,12524835,12833104,13057086,13113950,13195043,13474555
X	tgcaaattttgatgatgttaccccttacaa	5490217,5490943,5502794,6206818,6207177,6351584,8577612,8750581,8750941,8752021,8752381,8827645,9005811,9137756,9138118,9138479,9138840,9203992,9204351,9296849,9534691,9556945,9597536,9597895,9711048,9772396,9880806,9881163,9920124,9941758,9971583,9984036,10048826,10049187,10103244,10120510,10120869,10261906,10262265,10262624,12093307,12189325,13056714,13057074,13423521,15597859,17348112,5490217,5490943,5502794,6206818,6207177,6351584,8577612,8750581,8750941,8752021,8752381,8827645,9005811,9137756,9138118,9138479,9138840,9203992,9204351,9296849,9534691,9556945,9597536,9597895,9711048,9772396,9880806,9881163,9920124,9941758,9971583,9984036,10048826,10049187,10103244,10120510,10120869,10261906,10262265,10262624,12093307,12189325,13056714,13057074,13423521,15597859,17348112,5490217,5490943,5502794,6206818,6207177,6351584,8577612,8750581,8750941,8752021,8752381,8827645,9005811,9137756,9138118,9138479,9138840,9203992,9204351,9296849,9534691,9556945,9597536,9597895,9711048,9772396,9880806,9881163,9920124,9941758,9971583,9984036,10048826,10049187,10103244,10120510,10120869,10261906,10262265,10262624,12093307,12189325,13056714,13057074,13423521,15597859,17348112,5490217,5490943,5502794,6206818,6207177,6351584,8577612,8750581,8750941,8752021,8752381,8827645,9005811,9137756,9138118,9138479,9138840,9203992,9204351,9296849,9534691,9556945,9597536,9597895,9711048,9772396,9880806,9881163,9920124,9941758,9971583,9984036,10048826,10049187,10103244,10120510,10120869,10261906,10262265,10262624,12093307,12189325,13056714,13057074,13423521,15597859,17348112,5490217,5490943,5502794,6206818,6207177,6351584,8577612,8750581,8750941,8752021,8752381,8827645,9005811,9137756,9138118,9138479,9138840,9203992,9204351,9296849,9534691,9556945,9597536,9597895,9711048,9772396,9880806,9881163,9920124,9941758,9971583,9984036,10048826,10049187,10103244,10120510,10120869,10261906,10262265,10262624,12093307,12189325,13056714,13057074,13423521,15597859,17348112,5490217,5490943,5502794,6206818,6207177,6351584,8577612,8750581,8750941,8752021,8752381,8827645,9005811,9137756,9138118,9138479,9138840,9203992,9204351,9296849,9534691,9556945,9597536,9597895,9711048,9772396,9880806,9881163,9920124,9941758,9971583,9984036,10048826,10049187,10103244,10120510,10120869,10261906,10262265,10262624,12093307,12189325,13056714,13057074,13423521,15597859,17348112,5490217,5490943,5502794,6206818,6207177,6351584,8577612,8750581,8750941,8752021,8752381,8827645,9005811,9137756,9138118,9138479,9138840,9203992,9204351,9296849,9534691,9556945,9597536,9597895,9711048,9772396,9880806,9881163,9920124,9941758,9971583,9984036,10048826,10049187,10103244,10120510,10120869,10261906,10262265,10262624,12093307,12189325,13056714,13057074,13423521,15597859,17348112
X	tgcctgaatatggaatgtcatacctcgttg	9461520,10156456
X	tgcctgaatatggaatgttatacctcgatg	12832996,12832996
X	tggaatgtcatacctcgttgagctcgtaat	8908972,9203906,9204265,9296763,9461530,9461888,9534964,9557218,10262179,14884220
X	tggaatgttatacctcgatgagtttgtaat	12833006
X	tgtcatacctcgttgagctcgtaattaaat	1812407,8908977,9203911,9204270,9557223,10262543,14884225
X	tgttatacctcgatgagtttgtaattaaat	12833011,12833011,12833011,12833011,12833011,12833011,12833011
X	ttaattacaaactcatcgaggtataacatt	12794977,12795337,12795696,12796056,12796416,12796776,12797136
X	ttacaaactcatcgaggtataacattccat	12797140
X	ttatacctcgatgagtttgtaattaaattt	12833013,12833013,12833013,12833013,12833013,12833013,12833013
X	ttcaggcaattaatttgaaagttgtggcaa	13127158
X	ttcgcattttttgtaaggggtaacatcatc	5460528,5523163,5523501,5580394,5580754,5581114,8318038,8369610,8699513,8699872,8700232,8700592,8700951,8701311,8702031,8735393,8735753,8840413,8840773,9072561,9374513,9396893,9623422,9623731,9624090,9624449,9624808,9625167,9625526,9625885,9726396,9809922,9810281,9905084,9956162,10240048,10292153,10340409,10340768,10489129,10919571,12437778,12438136,12438496,12683510,12794884,12795603,12795963,12796683,12797043,12797403,12797763,12928656,13360908,13361268,13361988,13362348
X	ttgagctcgtaattaaatttccaattaaac	8908989
X	ttgatgatgttaccccttacaaaaaatgcg	5490225,5490951,5502802,5712275,6207185,6351230,8577620,8750589,8750949,8751309,8751669,8752029,8752389,8827653,8909066,9005819,9137764,9138126,9138487,9138848,9204000,9204359,9296857,9313763,9534699,9556953,9597544,9597903,9711056,9772404,9920132,10048834,10120877,10261914,10262273,10439244,11230721,11231083,12093315,12187893,12188973,12189333,12833100,13057082,13113946,13195039,5490225,5490951,5502802,5712275,6207185,6351230,8577620,8750589,8750949,8751309,8751669,8752029,8752389,8827653,8909066,9005819,9137764,9138126,9138487,9138848,9204000,9204359,9296857,9313763,9534699,9556953,9597544,9597903,9711056,9772404,9920132,10048834,10120877,10261914,10262273,10439244,11230721,11231083,12093315,12187893,12188973,12189333,12833100,13057082,13113946,13195039,5490225,5490951,5502802,5712275,6207185,6351230,8577620,8750589,8750949,8751309,8751669,8752029,8752389,8827653,8909066,9005819,9137764,9138126,9138487,9138848,9204000,9204359,9296857,9313763,9534699,9556953,9597544,9597903,9711056,9772404,9920132,10048834,10120877,10261914,10262273,10439244,11230721,11231083,12093315,12187893,12188973,12189333,12833100,13057082,13113946,13195039,5490225,5490951,5502802,5712275,6207185,6351230,8577620,8750589,8750949,8751309,8751669,8752029,8752389,8827653,8909066,9005819,9137764,9138126,9138487,9138848,9204000,9204359,9296857,9313763,9534699,9556953,9597544,9597903,9711056,9772404,9920132,10048834,10120877,10261914,10262273,10439244,11230721,11231083,12093315,12187893,12188973,12189333,12833100,13057082,13113946,13195039,5490225,5490951,5502802,5712275,6207185,6351230,8577620,8750589,8750949,8751309,8751669,8752029,8752389,8827653,8909066,9005819,9137764,9138126,9138487,9138848,9204000,9204359,9296857,9313763,9534699,9556953,9597544,9597903,9711056,9772404,9920132,10048834,10120877,10261914,10262273,10439244,11230721,11231083,12093315,12187893,12188973,12189333,12833100,13057082,13113946,13195039,5490225,5490951,5502802,5712275,6207185,6351230,8577620,8750589,8750949,8751309,8751669,8752029,8752389,8827653,8909066,9005819,9137764,9138126,9138487,9138848,9204000,9204359,9296857,9313763,9534699,9556953,9597544,9597903,9711056,9772404,9920132,10048834,10120877,10261914,10262273,10439244,11230721,11231083,12093315,12187893,12188973,12189333,12833100,13057082,13113946,13195039,5490225,5490951,5502802,5712275,6207185,6351230,8577620,8750589,8750949,8751309,8751669,8752029,8752389,8827653,8909066,9005819,9137764,9138126,9138487,9138848,9204000,9204359,9296857,9313763,9534699,9556953,9597544,9597903,9711056,9772404,9920132,10048834,10120877,10261914,10262273,10439244,11230721,11231083,12093315,12187893,12188973,12189333,12833100,13057082,13113946,13195039
X	ttgcaaattttgatgatgttaccccttaca	5490216,5490942,5502793,6206817,6207176,6351583,8577611,8578302,8750580,8750940,8752020,8752380,8827644,9005810,9137755,9138117,9138478,9138839,9203991,9204350,9296848,9297208,9534690,9556944,9597535,9597894,9711047,9772395,9881162,9920123,9941757,9971582,9984035,10048825,10049186,10103243,10120509,10120868,10261905,10262264,10262623,12093306,12189324,13056713,13057073,13423520,15597858,17348111,5490216,5490942,5502793,6206817,6207176,6351583,8577611,8578302,8750580,8750940,8752020,8752380,8827644,9005810,9137755,9138117,9138478,9138839,9203991,9204350,9296848,9297208,9534690,9556944,9597535,9597894,9711047,9772395,9881162,9920123,9941757,9971582,9984035,10048825,10049186,10103243,10120509,10120868,10261905,10262264,10262623,12093306,12189324,13056713,13057073,13423520,15597858,17348111,5490216,5490942,5502793,6206817,6207176,6351583,8577611,8578302,8750580,8750940,8752020,8752380,8827644,9005810,9137755,9138117,9138478,9138839,9203991,9204350,9296848,9297208,9534690,9556944,9597535,9597894,9711047,9772395,9881162,9920123,9941757,9971582,9984035,10048825,10049186,10103243,10120509,10120868,10261905,10262264,10262623,12093306,12189324,13056713,13057073,13423520,15597858,17348111,5490216,5490942,5502793,6206817,6207176,6351583,8577611,8578302,8750580,8750940,8752020,8752380,8827644,9005810,9137755,9138117,9138478,9138839,9203991,9204350,9296848,9297208,9534690,9556944,9597535,9597894,9711047,9772395,9881162,9920123,9941757,9971582,9984035,10048825,10049186,10103243,10120509,10120868,10261905,10262264,10262623,12093306,12189324,13056713,13057073,13423520,15597858,17348111,5490216,5490942,5502793,6206817,6207176,6351583,8577611,8578302,8750580,8750940,8752020,8752380,8827644,9005810,9137755,9138117,9138478,9138839,9203991,9204350,9296848,9297208,9534690,9556944,9597535,9597894,9711047,9772395,9881162,9920123,9941757,9971582,9984035,10048825,10049186,10103243,10120509,10120868,10261905,10262264,10262623,12093306,12189324,13056713,13057073,13423520,15597858,17348111,5490216,5490942,5502793,6206817,6207176,6351583,8577611,8578302,8750580,8750940,8752020,8752380,8827644,9005810,9137755,9138117,9138478,9138839,9203991,9204350,9296848,9297208,9534690,9556944,9597535,9597894,9711047,9772395,9881162,9920123,9941757,9971582,9984035,10048825,10049186,10103243,10120509,10120868,10261905,10262264,10262623,12093306,12189324,13056713,13057073,13423520,15597858,17348111,5490216,5490942,5502793,6206817,6207176,6351583,8577611,8578302,8750580,8750940,8752020,8752380,8827644,9005810,9137755,9138117,9138478,9138839,9203991,9204350,9296848,9297208,9534690,9556944,9597535,9597894,9711047,9772395,9881162,9920123,9941757,9971582,9984035,10048825,10049186,10103243,10120509,10120868,10261905,10262264,10262623,12093306,12189324,13056713,13057073,13423520,15597858,17348111
X	ttgcctgaatatggaatgtcatacctcgtt	9461519,10156455
X	ttgcctgaatatggaatgttatacctcgat	12832995,12832995
X	tttaattacaaactcatcgaggtataacat	12794976,12795336,12795695,12796055,12796415,12796775,12797135
X	tttcgcattttttgtaaggggtaacatcat	5460527,5523162,5523500,5580393,5580753,5581113,8318037,8369609,8699512,8699871,8700231,8700591,8700950,8701310,8701670,8702030,8735392,8735752,8840412,8840772,9072560,9374512,9396892,9623421,9623730,9624089,9624448,9624807,9625166,9625525,9625884,9726395,9809921,9810280,9905083,9956161,10240047,10292152,10340408,10340767,10489128,10831159,10919570,10990099,10990459,10990820,12047096,12047453,12047810,12124179,12437777,12438135,12438495,12683509,12794883,12795602,12795962,12796682,12797042,12797402,12797762,12928655,13360907,13361267,13361627,13361987,13362347,15221586
X	tttgatgatgttaccccttacaaaaaatgc	5490224,5490950,5502801,5712274,5979628,6207184,6351229,8577619,8750588,8750948,8751308,8751668,8752028,8752388,8827652,8909065,9005818,9137763,9138125,9138486,9138847,9203999,9204358,9296856,9313762,9534698,9556952,9597543,9597902,9711055,9772403,9881170,9920131,9941765,10048833,10103251,10120517,10120876,10261913,10262272,10439243,11230720,11231082,12093314,12187892,12188972,12189332,12833099,13057081,13113225,13113585,13113945,13195038,5490224,5490950,5502801,5712274,5979628,6207184,6351229,8577619,8750588,8750948,8751308,8751668,8752028,8752388,8827652,8909065,9005818,9137763,9138125,9138486,9138847,9203999,9204358,9296856,9313762,9534698,9556952,9597543,9597902,9711055,9772403,9881170,9920131,9941765,10048833,10103251,10120517,10120876,10261913,10262272,10439243,11230720,11231082,12093314,12187892,12188972,12189332,12833099,13057081,13113225,13113585,13113945,13195038,5490224,5490950,5502801,5712274,5979628,6207184,6351229,8577619,8750588,8750948,8751308,8751668,8752028,8752388,8827652,8909065,9005818,9137763,9138125,9138486,9138847,9203999,9204358,9296856,9313762,9534698,9556952,9597543,9597902,9711055,9772403,9881170,9920131,9941765,10048833,10103251,10120517,10120876,10261913,10262272,10439243,11230720,11231082,12093314,12187892,12188972,12189332,12833099,13057081,13113225,13113585,13113945,13195038,5490224,5490950,5502801,5712274,5979628,6207184,6351229,8577619,8750588,8750948,8751308,8751668,8752028,8752388,8827652,8909065,9005818,9137763,9138125,9138486,9138847,9203999,9204358,9296856,9313762,9534698,9556952,9597543,9597902,9711055,9772403,9881170,9920131,9941765,10048833,10103251,10120517,10120876,10261913,10262272,10439243,11230720,11231082,12093314,12187892,12188972,12189332,12833099,13057081,13113225,13113585,13113945,13195038,5490224,5490950,5502801,5712274,5979628,6207184,6351229,8577619,8750588,8750948,8751308,8751668,8752028,8752388,8827652,8909065,9005818,9137763,9138125,9138486,9138847,9203999,9204358,9296856,9313762,9534698,9556952,9597543,9597902,9711055,9772403,9881170,9920131,9941765,10048833,10103251,10120517,10120876,10261913,10262272,10439243,11230720,11231082,12093314,12187892,12188972,12189332,12833099,13057081,13113225,13113585,13113945,13195038,5490224,5490950,5502801,5712274,5979628,6207184,6351229,8577619,8750588,8750948,8751308,8751668,8752028,8752388,8827652,8909065,9005818,9137763,9138125,9138486,9138847,9203999,9204358,9296856,9313762,9534698,9556952,9597543,9597902,9711055,9772403,9881170,9920131,9941765,10048833,10103251,10120517,10120876,10261913,10262272,10439243,11230720,11231082,12093314,12187892,12188972,12189332,12833099,13057081,13113225,13113585,13113945,13195038,5490224,5490950,5502801,5712274,5979628,6207184,6351229,8577619,8750588,8750948,8751308,8751668,8752028,8752388,8827652,8909065,9005818,9137763,9138125,9138486,9138847,9203999,9204358,9296856,9313762,9534698,9556952,9597543,9597902,9711055,9772403,9881170,9920131,9941765,10048833,10103251,10120517,10120876,10261913,10262272,10439243,11230720,11231082,12093314,12187892,12188972,12189332,12833099,13057081,13113225,13113585,13113945,13195038
X	tttgcaaattttgatgatgttaccccttac	5490215,5490582,5490941,5502792,5712626,6206816,6207175,6351582,8577610,8578301,8750579,8750939,8752019,8752379,8827643,8851241,9005809,9036965,9137754,9138116,9138477,9138838,9203990,9204349,9296847,9297207,9534689,9556943,9597534,9597893,9711046,9772394,9881161,9920122,9941756,9971581,9984034,10048824,10049185,10103242,10120508,10120867,10261904,10262263,10262622,11023295,11532326,11780491,11781556,12093305,12189323,13056712,13057072,13423519,13530362,15597857,17348110,5490215,5490582,5490941,5502792,5712626,6206816,6207175,6351582,8577610,8578301,8750579,8750939,8752019,8752379,8827643,8851241,9005809,9036965,9137754,9138116,9138477,9138838,9203990,9204349,9296847,9297207,9534689,9556943,9597534,9597893,9711046,9772394,9881161,9920122,9941756,9971581,9984034,10048824,10049185,10103242,10120508,10120867,10261904,10262263,10262622,11023295,11532326,11780491,11781556,12093305,12189323,13056712,13057072,13423519,13530362,15597857,17348110,5490215,5490582,5490941,5502792,5712626,6206816,6207175,6351582,8577610,8578301,8750579,8750939,8752019,8752379,8827643,8851241,9005809,9036965,9137754,9138116,9138477,9138838,9203990,9204349,9296847,9297207,9534689,9556943,9597534,9597893,9711046,9772394,9881161,9920122,9941756,9971581,9984034,10048824,10049185,10103242,10120508,10120867,10261904,10262263,10262622,11023295,11532326,11780491,11781556,12093305,12189323,13056712,13057072,13423519,13530362,15597857,17348110,5490215,5490582,5490941,5502792,5712626,6206816,6207175,6351582,8577610,8578301,8750579,8750939,8752019,8752379,8827643,8851241,9005809,9036965,9137754,9138116,9138477,9138838,9203990,9204349,9296847,9297207,9534689,9556943,9597534,9597893,9711046,9772394,9881161,9920122,9941756,9971581,9984034,10048824,10049185,10103242,10120508,10120867,10261904,10262263,10262622,11023295,11532326,11780491,11781556,12093305,12189323,13056712,13057072,13423519,13530362,15597857,17348110,5490215,5490582,5490941,5502792,5712626,6206816,6207175,6351582,8577610,8578301,8750579,8750939,8752019,8752379,8827643,8851241,9005809,9036965,9137754,9138116,9138477,9138838,9203990,9204349,9296847,9297207,9534689,9556943,9597534,9597893,9711046,9772394,9881161,9920122,9941756,9971581,9984034,10048824,10049185,10103242,10120508,10120867,10261904,10262263,10262622,11023295,11532326,11780491,11781556,12093305,12189323,13056712,13057072,13423519,13530362,15597857,17348110,5490215,5490582,5490941,5502792,5712626,6206816,6207175,6351582,8577610,8578301,8750579,8750939,8752019,8752379,8827643,8851241,9005809,9036965,9137754,9138116,9138477,9138838,9203990,9204349,9296847,9297207,9534689,9556943,9597534,9597893,9711046,9772394,9881161,9920122,9941756,9971581,9984034,10048824,10049185,10103242,10120508,10120867,10261904,10262263,10262622,11023295,11532326,11780491,11781556,12093305,12189323,13056712,13057072,13423519,13530362,15597857,17348110,5490215,5490582,5490941,5502792,5712626,6206816,6207175,6351582,8577610,8578301,8750579,8750939,8752019,8752379,8827643,8851241,9005809,9036965,9137754,9138116,9138477,9138838,9203990,9204349,9296847,9297207,9534689,9556943,9597534,9597893,9711046,9772394,9881161,9920122,9941756,9971581,9984034,10048824,10049185,10103242,10120508,10120867,10261904,10262263,10262622,11023295,11532326,11780491,11781556,12093305,12189323,13056712,13057072,13423519,13530362,15597857,17348110
X	ttttcgcattttttgtaaggggtaacatca	5460526,5523161,5523499,5580392,5580752,5581112,8318036,8369608,8699511,8699870,8700230,8700590,8700949,8701309,8701669,8702029,8735391,8735751,8840411,8840771,9072559,9374511,9396891,9623420,9623729,9624088,9624447,9624806,9625165,9625524,9625883,9726394,9809920,9810279,9905082,9956160,10240046,10292151,10340407,10340766,10489127,10831158,10919569,10990098,10990458,10990819,12047095,12047452,12047809,12124178,12437776,12438134,12438494,12683508,12794882,12795601,12795961,12796681,12797041,12797401,12797761,12928654,13360906,13361266,13361626,13361986,13362346,15221585
X	ttttgatgatgttaccccttacaaaaaatg	5490223,5490949,5502800,5712273,5979627,6207183,6351228,8531035,8577618,8750587,8750947,8751307,8751667,8752027,8752387,8827651,8909064,9005817,9137762,9138124,9138485,9138846,9203998,9204357,9296855,9313761,9534697,9556951,9597542,9597901,9711054,9772402,9880812,9881169,9920130,9941764,9971589,10048832,10103250,10120516,10120875,10261912,10262271,10439242,11230719,11231081,12093313,12187891,12188971,12189331,12494000,12833098,13057080,13113224,13113584,13113944,13195037,14914998,15597865,5490223,5490949,5502800,5712273,5979627,6207183,6351228,8531035,8577618,8750587,8750947,8751307,8751667,8752027,8752387,8827651,8909064,9005817,9137762,9138124,9138485,9138846,9203998,9204357,9296855,9313761,9534697,9556951,9597542,9597901,9711054,9772402,9880812,9881169,9920130,9941764,9971589,10048832,10103250,10120516,10120875,10261912,10262271,10439242,11230719,11231081,12093313,12187891,12188971,12189331,12494000,12833098,13057080,13113224,13113584,13113944,13195037,14914998,15597865,5490223,5490949,5502800,5712273,5979627,6207183,6351228,8531035,8577618,8750587,8750947,8751307,8751667,8752027,8752387,8827651,8909064,9005817,9137762,9138124,9138485,9138846,9203998,9204357,9296855,9313761,9534697,9556951,9597542,9597901,9711054,9772402,9880812,9881169,9920130,9941764,9971589,10048832,10103250,10120516,10120875,10261912,10262271,10439242,11230719,11231081,12093313,12187891,12188971,12189331,12494000,12833098,13057080,13113224,13113584,13113944,13195037,14914998,15597865,5490223,5490949,5502800,5712273,5979627,6207183,6351228,8531035,8577618,8750587,8750947,8751307,8751667,8752027,8752387,8827651,8909064,9005817,9137762,9138124,9138485,9138846,9203998,9204357,9296855,9313761,9534697,9556951,9597542,9597901,9711054,9772402,9880812,9881169,9920130,9941764,9971589,10048832,10103250,10120516,10120875,10261912,10262271,10439242,11230719,11231081,12093313,12187891,12188971,12189331,12494000,12833098,13057080,13113224,13113584,13113944,13195037,14914998,15597865,5490223,5490949,5502800,5712273,5979627,6207183,6351228,8531035,8577618,8750587,8750947,8751307,8751667,8752027,8752387,8827651,8909064,9005817,9137762,9138124,9138485,9138846,9203998,9204357,9296855,9313761,9534697,9556951,9597542,9597901,9711054,9772402,9880812,9881169,9920130,9941764,9971589,10048832,10103250,10120516,10120875,10261912,10262271,10439242,11230719,11231081,12093313,12187891,12188971,12189331,12494000,12833098,13057080,13113224,13113584,13113944,13195037,14914998,15597865,5490223,5490949,5502800,5712273,5979627,6207183,6351228,8531035,8577618,8750587,8750947,8751307,8751667,8752027,8752387,8827651,8909064,9005817,9137762,9138124,9138485,9138846,9203998,9204357,9296855,9313761,9534697,9556951,9597542,9597901,9711054,9772402,9880812,9881169,9920130,9941764,9971589,10048832,10103250,10120516,10120875,10261912,10262271,10439242,11230719,11231081,12093313,12187891,12188971,12189331,12494000,12833098,13057080,13113224,13113584,13113944,13195037,14914998,15597865,5490223,5490949,5502800,5712273,5979627,6207183,6351228,8531035,8577618,8750587,8750947,8751307,8751667,8752027,8752387,8827651,8909064,9005817,9137762,9138124,9138485,9138846,9203998,9204357,9296855,9313761,9534697,9556951,9597542,9597901,9711054,9772402,9880812,9881169,9920130,9941764,9971589,10048832,10103250,10120516,10120875,10261912,10262271,10439242,11230719,11231081,12093313,12187891,12188971,12189331,12494000,12833098,13057080,13113224,13113584,13113944,13195037,14914998,15597865
X	ttttgcaaattttgatgatgttacccctta	4328788,4382695,5490214,5490581,5490940,5502791,5503151,5712625,6206815,6207174,6351581,6418290,6419614,6477700,6479024,8577609,8578300,8750578,8750938,8752018,8752378,8827642,8851240,9005808,9036964,9137753,9138115,9138476,9138837,9203989,9204348,9296846,9297206,9534688,9556942,9597533,9597892,9711045,9772393,9881160,9920121,9941755,9971580,9984033,10048823,10049184,10103241,10120507,10120866,10156190,10261903,10262262,10262621,11023294,11532325,11780490,11781555,12093304,12189322,13056711,13057071,13242019,13423518,13530361,15597856,17348109,4328788,4382695,5490214,5490581,5490940,5502791,5503151,5712625,6206815,6207174,6351581,6418290,6419614,6477700,6479024,8577609,8578300,8750578,8750938,8752018,8752378,8827642,8851240,9005808,9036964,9137753,9138115,9138476,9138837,9203989,9204348,9296846,9297206,9534688,9556942,9597533,9597892,9711045,9772393,9881160,9920121,9941755,9971580,9984033,10048823,10049184,10103241,10120507,10120866,10156190,10261903,10262262,10262621,11023294,11532325,11780490,11781555,12093304,12189322,13056711,13057071,13242019,13423518,13530361,15597856,17348109,4328788,4382695,5490214,5490581,5490940,5502791,5503151,5712625,6206815,6207174,6351581,6418290,6419614,6477700,6479024,8577609,8578300,8750578,8750938,8752018,8752378,8827642,8851240,9005808,9036964,9137753,9138115,9138476,9138837,9203989,9204348,9296846,9297206,9534688,9556942,9597533,9597892,9711045,9772393,9881160,9920121,9941755,9971580,9984033,10048823,10049184,10103241,10120507,10120866,10156190,10261903,10262262,10262621,11023294,11532325,11780490,11781555,12093304,12189322,13056711,13057071,13242019,13423518,13530361,15597856,17348109,4328788,4382695,5490214,5490581,5490940,5502791,5503151,5712625,6206815,6207174,6351581,6418290,6419614,6477700,6479024,8577609,8578300,8750578,8750938,8752018,8752378,8827642,8851240,9005808,9036964,9137753,9138115,9138476,9138837,9203989,9204348,9296846,9297206,9534688,9556942,9597533,9597892,9711045,9772393,9881160,9920121,9941755,9971580,9984033,10048823,10049184,10103241,10120507,10120866,10156190,10261903,10262262,10262621,11023294,11532325,11780490,11781555,12093304,12189322,13056711,13057071,13242019,13423518,13530361,15597856,17348109,4328788,4382695,5490214,5490581,5490940,5502791,5503151,5712625,6206815,6207174,6351581,6418290,6419614,6477700,6479024,8577609,8578300,8750578,8750938,8752018,8752378,8827642,8851240,9005808,9036964,9137753,9138115,9138476,9138837,9203989,9204348,9296846,9297206,9534688,9556942,9597533,9597892,9711045,9772393,9881160,9920121,9941755,9971580,9984033,10048823,10049184,10103241,10120507,10120866,10156190,10261903,10262262,10262621,11023294,11532325,11780490,11781555,12093304,12189322,13056711,13057071,13242019,13423518,13530361,15597856,17348109,4328788,4382695,5490214,5490581,5490940,5502791,5503151,5712625,6206815,6207174,6351581,6418290,6419614,6477700,6479024,8577609,8578300,8750578,8750938,8752018,8752378,8827642,8851240,9005808,9036964,9137753,9138115,9138476,9138837,9203989,9204348,9296846,9297206,9534688,9556942,9597533,9597892,9711045,9772393,9881160,9920121,9941755,9971580,9984033,10048823,10049184,10103241,10120507,10120866,10156190,10261903,10262262,10262621,11023294,11532325,11780490,11781555,12093304,12189322,13056711,13057071,13242019,13423518,13530361,15597856,17348109,4328788,4382695,5490214,5490581,5490940,5502791,5503151,5712625,6206815,6207174,6351581,6418290,6419614,6477700,6479024,8577609,8578300,8750578,8750938,8752018,8752378,8827642,8851240,9005808,9036964,9137753,9138115,9138476,9138837,9203989,9204348,9296846,9297206,9534688,9556942,9597533,9597892,9711045,9772393,9881160,9920121,9941755,9971580,9984033,10048823,10049184,10103241,10120507,10120866,10156190,10261903,10262262,10262621,11023294,11532325,11780490,11781555,12093304,12189322,13056711,13057071,13242019,13423518,13530361,15597856,17348109
X	tttttgcaaattttgatgatgttacccctt	4328787,4382694,5490213,5490580,5490939,5502790,5503150,5712624,6206814,6207173,6351580,6418289,6419613,6477699,6479023,8577608,8578299,8750577,8750937,8752017,8752377,8827641,8851239,9005807,9036963,9137752,9138114,9138475,9138836,9203988,9204347,9296845,9297205,9534687,9556941,9597532,9597891,9711044,9772392,9881159,9920120,9941754,9971579,9984032,10048822,10049183,10103240,10120506,10120865,10156189,10261902,10262261,10262620,11023293,11362725,11532324,11780489,11781554,12093303,12189321,13056710,13057070,13242018,13423517,13530360,13900806,13901156,15597855,17348108,4328787,4382694,5490213,5490580,5490939,5502790,5503150,5712624,6206814,6207173,6351580,6418289,6419613,6477699,6479023,8577608,8578299,8750577,8750937,8752017,8752377,8827641,8851239,9005807,9036963,9137752,9138114,9138475,9138836,9203988,9204347,9296845,9297205,9534687,9556941,9597532,9597891,9711044,9772392,9881159,9920120,9941754,9971579,9984032,10048822,10049183,10103240,10120506,10120865,10156189,10261902,10262261,10262620,11023293,11362725,11532324,11780489,11781554,12093303,12189321,13056710,13057070,13242018,13423517,13530360,13900806,13901156,15597855,17348108,4328787,4382694,5490213,5490580,5490939,5502790,5503150,5712624,6206814,6207173,6351580,6418289,6419613,6477699,6479023,8577608,8578299,8750577,8750937,8752017,8752377,8827641,8851239,9005807,9036963,9137752,9138114,9138475,9138836,9203988,9204347,9296845,9297205,9534687,9556941,9597532,9597891,9711044,9772392,9881159,9920120,9941754,9971579,9984032,10048822,10049183,10103240,10120506,10120865,10156189,10261902,10262261,10262620,11023293,11362725,11532324,11780489,11781554,12093303,12189321,13056710,13057070,13242018,13423517,13530360,13900806,13901156,15597855,17348108,4328787,4382694,5490213,5490580,5490939,5502790,5503150,5712624,6206814,6207173,6351580,6418289,6419613,6477699,6479023,8577608,8578299,8750577,8750937,8752017,8752377,8827641,8851239,9005807,9036963,9137752,9138114,9138475,9138836,9203988,9204347,9296845,9297205,9534687,9556941,9597532,9597891,9711044,9772392,9881159,9920120,9941754,9971579,9984032,10048822,10049183,10103240,10120506,10120865,10156189,10261902,10262261,10262620,11023293,11362725,11532324,11780489,11781554,12093303,12189321,13056710,13057070,13242018,13423517,13530360,13900806,13901156,15597855,17348108,4328787,4382694,5490213,5490580,5490939,5502790,5503150,5712624,6206814,6207173,6351580,6418289,6419613,6477699,6479023,8577608,8578299,8750577,8750937,8752017,8752377,8827641,8851239,9005807,9036963,9137752,9138114,9138475,9138836,9203988,9204347,9296845,9297205,9534687,9556941,9597532,9597891,9711044,9772392,9881159,9920120,9941754,9971579,9984032,10048822,10049183,10103240,10120506,10120865,10156189,10261902,10262261,10262620,11023293,11362725,11532324,11780489,11781554,12093303,12189321,13056710,13057070,13242018,13423517,13530360,13900806,13901156,15597855,17348108,4328787,4382694,5490213,5490580,5490939,5502790,5503150,5712624,6206814,6207173,6351580,6418289,6419613,6477699,6479023,8577608,8578299,8750577,8750937,8752017,8752377,8827641,8851239,9005807,9036963,9137752,9138114,9138475,9138836,9203988,9204347,9296845,9297205,9534687,9556941,9597532,9597891,9711044,9772392,9881159,9920120,9941754,9971579,9984032,10048822,10049183,10103240,10120506,10120865,10156189,10261902,10262261,10262620,11023293,11362725,11532324,11780489,11781554,12093303,12189321,13056710,13057070,13242018,13423517,13530360,13900806,13901156,15597855,17348108,4328787,4382694,5490213,5490580,5490939,5502790,5503150,5712624,6206814,6207173,6351580,6418289,6419613,6477699,6479023,8577608,8578299,8750577,8750937,8752017,8752377,8827641,8851239,9005807,9036963,9137752,9138114,9138475,9138836,9203988,9204347,9296845,9297205,9534687,9556941,9597532,9597891,9711044,9772392,9881159,9920120,9941754,9971579,9984032,10048822,10049183,10103240,10120506,10120865,10156189,10261902,10262261,10262620,11023293,11362725,11532324,11780489,11781554,12093303,12189321,13056710,13057070,13242018,13423517,13530360,13900806,13901156,15597855,17348108
X	tttttgtaaggggtaacatcatcaaaattt	5460535,5523170,5523508,5580401,5580761,5581121,8318045,8369617,8699520,8699879,8700239,8700599,8700958,8701318,8702038,8735400,8735760,8840420,8840780,9034045,9072568,9093018,9235210,9374520,9396900,9623429,9623738,9624097,9624456,9624815,9625174,9625533,9625892,9726403,9726762,9727121,9809929,9810288,9840960,9905091,9956169,10007780,10240055,10292160,10340416,10340775,10489136,10919578,11889680,11890400,12124547,12437785,12438143,12545218,12683171,12683517,12794891,12795610,12795970,12796690,12797050,12797410,12797770,12928663,12929024,13126674,13127037,13360915,13361275,13361995,13362355
X	ttttttgcaaattttgatgatgttacccct	5490212,5490938,5502789,5503149,5712623,6206813,6207172,6418288,6419612,6477698,6479022,8577607,8578298,8750576,8750936,8752016,8752376,8827640,8851238,9005806,9036962,9137751,9138113,9138474,9138835,9203987,9204346,9296844,9297204,9534686,9556940,9597531,9597890,9711043,9772391,9881158,9920119,9941753,9971578,9984031,10048821,10049182,10103239,10120505,10120864,10156188,10261901,10262260,10262619,11023292,11362724,11532323,11780488,11781553,12093302,12189320,13056709,13057069,13242017,13423516,13530359,13900805,13901155,15597854,17348107,5490212,5490938,5502789,5503149,5712623,6206813,6207172,6418288,6419612,6477698,6479022,8577607,8578298,8750576,8750936,8752016,8752376,8827640,8851238,9005806,9036962,9137751,9138113,9138474,9138835,9203987,9204346,9296844,9297204,9534686,9556940,9597531,9597890,9711043,9772391,9881158,9920119,9941753,9971578,9984031,10048821,10049182,10103239,10120505,10120864,10156188,10261901,10262260,10262619,11023292,11362724,11532323,11780488,11781553,12093302,12189320,13056709,13057069,13242017,13423516,13530359,13900805,13901155,15597854,17348107,5490212,5490938,5502789,5503149,5712623,6206813,6207172,6418288,6419612,6477698,6479022,8577607,8578298,8750576,8750936,8752016,8752376,8827640,8851238,9005806,9036962,9137751,9138113,9138474,9138835,9203987,9204346,9296844,9297204,9534686,9556940,9597531,9597890,9711043,9772391,9881158,9920119,9941753,9971578,9984031,10048821,10049182,10103239,10120505,10120864,10156188,10261901,10262260,10262619,11023292,11362724,11532323,11780488,11781553,12093302,12189320,13056709,13057069,13242017,13423516,13530359,13900805,13901155,15597854,17348107,5490212,5490938,5502789,5503149,5712623,6206813,6207172,6418288,6419612,6477698,6479022,8577607,8578298,8750576,8750936,8752016,8752376,8827640,8851238,9005806,9036962,9137751,9138113,9138474,9138835,9203987,9204346,9296844,9297204,9534686,9556940,9597531,9597890,9711043,9772391,9881158,9920119,9941753,9971578,9984031,10048821,10049182,10103239,10120505,10120864,10156188,10261901,10262260,10262619,11023292,11362724,11532323,11780488,11781553,12093302,12189320,13056709,13057069,13242017,13423516,13530359,13900805,13901155,15597854,17348107,5490212,5490938,5502789,5503149,5712623,6206813,6207172,6418288,6419612,6477698,6479022,8577607,8578298,8750576,8750936,8752016,8752376,8827640,8851238,9005806,9036962,9137751,9138113,9138474,9138835,9203987,9204346,9296844,9297204,9534686,9556940,9597531,9597890,9711043,9772391,9881158,9920119,9941753,9971578,9984031,10048821,10049182,10103239,10120505,10120864,10156188,10261901,10262260,10262619,11023292,11362724,11532323,11780488,11781553,12093302,12189320,13056709,13057069,13242017,13423516,13530359,13900805,13901155,15597854,17348107,5490212,5490938,5502789,5503149,5712623,6206813,6207172,6418288,6419612,6477698,6479022,8577607,8578298,8750576,8750936,8752016,8752376,8827640,8851238,9005806,9036962,9137751,9138113,9138474,9138835,9203987,9204346,9296844,9297204,9534686,9556940,9597531,9597890,9711043,9772391,9881158,9920119,9941753,9971578,9984031,10048821,10049182,10103239,10120505,10120864,10156188,10261901,10262260,10262619,11023292,11362724,11532323,11780488,11781553,12093302,12189320,13056709,13057069,13242017,13423516,13530359,13900805,13901155,15597854,17348107,5490212,5490938,5502789,5503149,5712623,6206813,6207172,6418288,6419612,6477698,6479022,8577607,8578298,8750576,8750936,8752016,8752376,8827640,8851238,9005806,9036962,9137751,9138113,9138474,9138835,9203987,9204346,9296844,9297204,9534686,9556940,9597531,9597890,9711043,9772391,9881158,9920119,9941753,9971578,9984031,10048821,10049182,10103239,10120505,10120864,10156188,10261901,10262260,10262619,11023292,11362724,11532323,11780488,11781553,12093302,12189320,13056709,13057069,13242017,13423516,13530359,13900805,13901155,15597854,17348107
X	ttttttgtaaggggtaacatcatcaaaatt	5460534,5523169,5523507,5580400,5580760,5581120,8318044,8369616,8699519,8699878,8700238,8700598,8700957,8701317,8702037,8735399,8735759,8840419,8840779,9017398,9034044,9072567,9093017,9235209,9374519,9396899,9623428,9623737,9624096,9624455,9624814,9625173,9625532,9625891,9726402,9726761,9727120,9809928,9810287,9840959,9905090,9956168,10240054,10292159,10340415,10340774,10489135,10919577,11889679,11890399,12124546,12124904,12437784,12438142,12545217,12683170,12683516,12794890,12795609,12795969,12796689,12797049,12797409,12797769,12928662,12929023,13126673,13127036,13360914,13361274,13361994,13362354
