X	aaacaaactcaacgaggtatgacattccat	8318135,8369346,8369707,8699250,8700329,8700689,8701048,8701408,8701768,8735130,8735490,8840870,10488866,10489226,10830537,10830897,10831257,10918948,10991278,11889770,11890490,11890850,11891210,11891574,13361725,13362085,14606279
X	aaactcaacgaggtatgacattccatattt	8318139,8369350,8369711,8699254,8700333,8700693,8701052,8701412,8701772,8735134,8735494,8840874,10488870,10489230,10830541,10918952,10991282,11889774,11890494,11890854,11891214,11891578,13361729,13362089,14606283,8318139,8369350,8369711,8699254,8700333,8700693,8701052,8701412,8701772,8735134,8735494,8840874,10488870,10489230,10830541,10918952,10991282,11889774,11890494,11890854,11891214,11891578,13361729,13362089,14606283
X	aaattttgatgatgttaccccttacaaaaa	1812491,5490220,5490946,5502797,5712270,5979624,6207180,6351225,6351587,8531032,8577615,8750584,8750944,8751304,8751664,8752024,8752384,8827648,8909061,9005814,9137759,9138121,9138482,9138843,9203995,9204354,9296852,9313758,9534694,9556948,9597539,9597898,9711051,9772399,9880809,9881166,9920127,9941761,9971586,9984039,10048829,10049190,10103247,10120513,10120872,10261909,10262268,10262627,10439239,11230716,11231078,12093310,12093658,12187888,12189328,12493997,12833095,13056717,13057077,13113221,13113581,13113941,13195034,13423524,14914995,15597862,17348115,1812491,5490220,5490946,5502797,5712270,5979624,6207180,6351225,6351587,8531032,8577615,8750584,8750944,8751304,8751664,8752024,8752384,8827648,8909061,9005814,9137759,9138121,9138482,9138843,9203995,9204354,9296852,9313758,9534694,9556948,9597539,9597898,9711051,9772399,9880809,9881166,9920127,9941761,9971586,9984039,10048829,10049190,10103247,10120513,10120872,10261909,10262268,10262627,10439239,11230716,11231078,12093310,12093658,12187888,12189328,12493997,12833095,13056717,13057077,13113221,13113581,13113941,13195034,13423524,14914995,15597862,17348115
X	aacaaactcaacgaggtatgacattccata	8318136,8369347,8369708,8699251,8700330,8700690,8701049,8701409,8701769,8735131,8735491,8840871,10488867,10489227,10830538,10830898,10831258,10918949,10991279,11889771,11890491,11890851,11891211,11891575,13361726,13362086,14606280
X	aacgaggtatgacattccatatttggatta	13362095
X	aactcaacgaggtatgacattccatatttg	8318140,8369351,8369712,8699255,8700334,8700694,8701053,8701413,8701773,8735135,8735495,8840875,10488871,10489231,10830542,10918953,10991283,11889775,11890495,11890855,11891215,11891579,13361730,13362090,14606284
X	aaggggtaacatcatcaaaatttgcaaaaa	5460542,5521377,5521737,5522097,5522457,5522817,5523177,5523515,5523875,5580408,5580768,5581128,5663850,5775741,5846280,6384010,6385334,8318052,8369624,8699166,8699527,8699886,8700246,8700606,8700965,8701325,8702045,8702405,8735407,8735767,8840427,8840787,9034052,9072575,9235217,9235576,9374527,9396907,9623436,9623745,9624104,9624463,9624822,9625181,9625540,9625899,9726410,9726769,9809936,9810295,9840967,9905098,9956176,10007787,10240062,10292167,10340423,10340782,11413924,11757922,11889687,11890407,12437792,12438150,12545225,12683178,12794898,12795617,12795977,12796697,12797057,12797417,12797777,12928670,12929031,13126681,13127044,13360922,13361282,13362002,13362362,13693333
X	aatgtcatacctcaatgagctcgtaattaa	12493911
X	aattgtctgaatatggaatgttatacctcg	6207437
X	aattttcgcattttttgtaaggggtaacat	8318034,8369606,8699509,8699868,8700228,8700588,8700947,8701307,8701667,8702027,8735389,8735749,8840409,8840769,9072557,9374509,9396889,9515615,9623418,9623727,9624086,9624445,9624804,9625163,9625522,9625881,9726392,9809918,9810277,9870372,9905080,9956158,10240044,10240403,10292149,10340405,10340764,10489125,10831156,10919567,10990096,10990456,10990817,12047093,12047450,12047807,12124176,12437774,12438132,12438492,12683506,12794880,12795599,12795959,12796679,12797039,12797399,12797759,13360904,13361264,13361624,13361984,13362344,15221583,8318034,8369606,8699509,8699868,8700228,8700588,8700947,8701307,8701667,8702027,8735389,8735749,8840409,8840769,9072557,9374509,9396889,9515615,9623418,9623727,9624086,9624445,9624804,9625163,9625522,9625881,9726392,9809918,9810277,9870372,9905080,9956158,10240044,10240403,10292149,10340405,10340764,10489125,10831156,10919567,10990096,10990456,10990817,12047093,12047450,12047807,12124176,12437774,12438132,12438492,12683506,12794880,12795599,12795959,12796679,12797039,12797399,12797759,13360904,13361264,13361624,13361984,13362344,15221583
X	aattttgatgatgttaccccttacaaaaaa	1812492,5490221,5490947,5502798,5712271,5979625,6207181,6351226,6351588,8531033,8577616,8750585,8750945,8751305,8751665,8752025,8752385,8827649,8909062,9005815,9137760,9138122,9138483,9138844,9203996,9204355,9296853,9313759,9534695,9556949,9597540,9597899,9711052,9772400,9880810,9881167,9920128,9941762,9971587,10048830,10049191,10103248,10120514,10120873,10261910,10262269,10439240,11230717,11231079,12093311,12093659,12187889,12188969,12189329,12493998,12833096,13056718,13057078,13113222,13113582,13113942,13195035,13423525,14914996,15597863,17348116,1812492,5490221,5490947,5502798,5712271,5979625,6207181,6351226,6351588,8531033,8577616,8750585,8750945,8751305,8751665,8752025,8752385,8827649,8909062,9005815,9137760,9138122,9138483,9138844,9203996,9204355,9296853,9313759,9534695,9556949,9597540,9597899,9711052,9772400,9880810,9881167,9920128,9941762,9971587,10048830,10049191,10103248,10120514,10120873,10261910,10262269,10439240,11230717,11231079,12093311,12093659,12187889,12188969,12189329,12493998,12833096,13056718,13057078,13113222,13113582,13113942,13195035,13423525,14914996,15597863,17348116
X	acaaactcaacgaggtatgacattccatat	8318137,8369348,8369709,8699252,8700331,8700691,8701050,8701410,8701770,8735132,8735492,8840872,10488868,10489228,10830539,10830899,10831259,10918950,10991280,11889772,11890492,11890852,11891212,11891576,13361727,13362087,14606281,8318137,8369348,8369709,8699252,8700331,8700691,8701050,8701410,8701770,8735132,8735492,8840872,10488868,10489228,10830539,10830899,10831259,10918950,10991280,11889772,11890492,11890852,11891212,11891576,13361727,13362087,14606281
X	acgaggtatgacattccatatttggattat	13362096
X	actcaacgaggtatgacattccatatttgg	8318141,8369352,8369713,8699256,8700335,8700695,8701054,8701414,8701774,8735136,8735496,8840876,10488872,10489232,10918954,10991284,13361731,13362091,14606285
X	agctcgtaattaaatttccaattaaactgt	8908992
X	aggggtaacatcatcaaaatttgcaaaaaa	5460543,5521378,5521738,5522098,5522458,5522818,5523178,5523516,5523876,5580409,5580769,5581129,5775742,5846281,6384011,6385335,8318053,8369625,8699167,8699528,8699887,8700247,8700607,8700966,8701326,8702046,8702406,8735408,8735768,8840428,8840788,9034053,9072576,9235218,9235577,9374528,9396908,9623437,9623746,9624105,9624464,9624823,9625182,9625541,9625900,9726411,9726770,9809937,9810296,9840968,9905099,9956177,10007788,10240063,10292168,10340424,10340783,11413925,11757923,11889688,11890408,12437793,12438151,12545226,12683179,12794899,12795618,12795978,12796698,12797058,12797418,12797778,12928671,12929032,13126682,13127045,13360923,13361283,13362003,13362363,13693334
X	ataattgtctgaatatggaatgttatacct	6207435
X	atacctcaatgagctcgtaattaaatttcc	12493917
X	atgctccctattaccaatactaaccatccc	13361193,13361553,13362273,13361193,13361553,13362273,13361193,13361553,13362273
X	atgtcatacctcaatgagctcgtaattaaa	12493912
X	attaccaatactaaccatccctatcacttt	8267169,8369544,13361202,13361562,13362282,8267169,8369544,13361202,13361562,13362282
X	attttcgcattttttgtaaggggtaacatc	8318035,8369607,8699510,8699869,8700229,8700589,8700948,8701308,8701668,8702028,8735390,8735750,8840410,8840770,9072558,9374510,9396890,9515616,9623419,9623728,9624087,9624446,9624805,9625164,9625523,9625882,9726393,9809919,9810278,9870373,9905081,9956159,10240045,10240404,10292150,10340406,10340765,10489126,10831157,10919568,10990097,10990457,10990818,12047094,12047451,12047808,12124177,12437775,12438133,12438493,12683507,12794881,12795600,12795960,12796680,12797040,12797400,12797760,13360905,13361265,13361625,13361985,13362345,15221584,8318035,8369607,8699510,8699869,8700229,8700589,8700948,8701308,8701668,8702028,8735390,8735750,8840410,8840770,9072558,9374510,9396890,9515616,9623419,9623728,9624087,9624446,9624805,9625164,9625523,9625882,9726393,9809919,9810278,9870373,9905081,9956159,10240045,10240404,10292150,10340406,10340765,10489126,10831157,10919568,10990097,10990457,10990818,12047094,12047451,12047808,12124177,12437775,12438133,12438493,12683507,12794881,12795600,12795960,12796680,12797040,12797400,12797760,13360905,13361265,13361625,13361985,13362345,15221584
X	attttgatgatgttaccccttacaaaaaat	5490222,5490948,5502799,5712272,5979626,6207182,6351227,8531034,8577617,8750586,8750946,8751306,8751666,8752026,8752386,8827650,8909063,9005816,9137761,9138123,9138484,9138845,9203997,9204356,9296854,9313760,9534696,9556950,9597541,9597900,9711053,9772401,9880811,9881168,9920129,9941763,9971588,10048831,10103249,10120515,10120874,10261911,10262270,10439241,11230718,11231080,12093312,12093660,12187890,12188970,12189330,12493999,12833097,13056719,13057079,13113223,13113583,13113943,13195036,14914997,15597864
X	attttttgcaaattttgatgatgttacccc	5490211,5490937,5502788,5503148,5712622,6206812,6207171,6418287,6419611,6477697,6479021,8577606,8578297,8750575,8750935,8752015,8752375,8827639,9005805,9036961,9137750,9138112,9138473,9138834,9203986,9204345,9296843,9297203,9534685,9556939,9597530,9597889,9711042,9772390,9881157,9920118,9941752,9971577,9984030,10048820,10049181,10103238,10120504,10120863,10156187,10261900,10262259,10262618,11023291,11362723,11532322,11780487,11781552,12093301,12189319,13056708,13057068,13242016,13423515,13530358,13900804,13901154,15597853,17348106
X	attttttgtaaggggtaacatcatcaaaat	5460533,5523168,5523506,5580399,5580759,5581119,8318043,8369615,8699518,8699877,8700237,8700597,8700956,8701316,8702036,8735398,8735758,8840418,8840778,9017397,9072566,9093016,9235208,9374518,9396898,9623427,9623736,9624095,9624454,9624813,9625172,9625531,9625890,9726401,9727119,9809927,9810286,9840958,9905089,9956167,10240053,10292158,10340414,10340773,10489134,10919576,11889678,11890398,12124545,12124903,12437783,12438141,12438501,12683169,12683515,12794889,12795608,12795968,12796688,12797048,12797408,12797768,12928661,13126672,13360913,13361273,13361993,13362353,5460533,5523168,5523506,5580399,5580759,5581119,8318043,8369615,8699518,8699877,8700237,8700597,8700956,8701316,8702036,8735398,8735758,8840418,8840778,9017397,9072566,9093016,9235208,9374518,9396898,9623427,9623736,9624095,9624454,9624813,9625172,9625531,9625890,9726401,9727119,9809927,9810286,9840958,9905089,9956167,10240053,10292158,10340414,10340773,10489134,10919576,11889678,11890398,12124545,12124903,12437783,12438141,12438501,12683169,12683515,12794889,12795608,12795968,12796688,12797048,12797408,12797768,12928661,13126672,13360913,13361273,13361993,13362353
X	caaactcaacgaggtatgacattccatatt	8318138,8369349,8369710,8699253,8700332,8700692,8701051,8701411,8701771,8735133,8735493,8840873,10488869,10489229,10830540,10918951,10991281,11889773,11890493,11890853,11891213,11891577,13361728,13362088,14606282,8318138,8369349,8369710,8699253,8700332,8700692,8701051,8701411,8701771,8735133,8735493,8840873,10488869,10489229,10830540,10918951,10991281,11889773,11890493,11890853,11891213,11891577,13361728,13362088,14606282
X	caaattttgatgatgttaccccttacaaaa	1812490,5490219,5490945,5502796,5979623,6206820,6207179,6351224,6351586,8531031,8577614,8750583,8750943,8752023,8752383,8827647,8909060,9005813,9137758,9138120,9138481,9138842,9203994,9204353,9296851,9313757,9534693,9556947,9597538,9597897,9711050,9772398,9880808,9881165,9920126,9941760,9971585,9984038,10048828,10049189,10103246,10120512,10120871,10261908,10262267,10262626,10439238,11230715,11231077,12093309,12093657,12187887,12189327,12493996,13056716,13057076,13113220,13113580,13113940,13195033,13423523,14914994,15597861,17348114,1812490,5490219,5490945,5502796,5979623,6206820,6207179,6351224,6351586,8531031,8577614,8750583,8750943,8752023,8752383,8827647,8909060,9005813,9137758,9138120,9138481,9138842,9203994,9204353,9296851,9313757,9534693,9556947,9597538,9597897,9711050,9772398,9880808,9881165,9920126,9941760,9971585,9984038,10048828,10049189,10103246,10120512,10120871,10261908,10262267,10262626,10439238,11230715,11231077,12093309,12093657,12187887,12189327,12493996,13056716,13057076,13113220,13113580,13113940,13195033,13423523,14914994,15597861,17348114
X	caacgaggcataacattccatatttggatc	14124844
X	caacgaggtatgacattccatatttggatt	13362094
X	cacaactttcaaattaattgcctgaatatg	12832978
X	catacctcaatgagctcgtaattaaatttc	12493916
X	cattttttgtaaggggtaacatcatcaaaa	5460532,5523167,5523505,5580398,5580758,5581118,8318042,8369614,8699517,8699876,8700236,8700596,8700955,8701315,8702035,8735397,8735757,8840417,8840777,9017396,9072565,9093015,9235207,9374517,9396897,9623426,9623735,9624094,9624453,9624812,9625171,9625530,9625889,9726400,9727118,9809926,9810285,9840957,9905088,9956166,10008136,10240052,10292157,10340413,10340772,10489133,10919575,11889677,11890397,12124544,12124902,12437782,12438140,12438500,12683514,12794888,12795607,12795967,12796687,12797047,12797407,12797767,12928660,13126671,13360912,13361272,13361992,13362352,5460532,5523167,5523505,5580398,5580758,5581118,8318042,8369614,8699517,8699876,8700236,8700596,8700955,8701315,8702035,8735397,8735757,8840417,8840777,9017396,9072565,9093015,9235207,9374517,9396897,9623426,9623735,9624094,9624453,9624812,9625171,9625530,9625889,9726400,9727118,9809926,9810285,9840957,9905088,9956166,10008136,10240052,10292157,10340413,10340772,10489133,10919575,11889677,11890397,12124544,12124902,12437782,12438140,12438500,12683514,12794888,12795607,12795967,12796687,12797047,12797407,12797767,12928660,13126671,13360912,13361272,13361992,13362352
X	ccacaactttcaaattaattgcctgaatat	12832977
X	ccctattaccaatactaaccatccctatca	13361198,13361558,13362278,13361198,13361558,13362278
X	cctattaccaatactaaccatccctatcac	13361199,13361559,13362279,13361199,13361559,13362279
X	cgcattttttgtaaggggtaacatcatcaa	5460530,5523165,5523503,5580396,5580756,5581116,8318040,8369612,8699515,8699874,8700234,8700594,8700953,8701313,8702033,8735395,8735755,8840415,8840775,9072563,9374515,9396895,9623424,9623733,9624092,9624451,9624810,9625169,9625528,9625887,9726398,9809924,9810283,9905086,9956164,10240050,10292155,10340411,10340770,10489131,10919573,12437780,12438138,12438498,12683512,12794886,12795605,12795965,12796685,12797045,12797405,12797765,12928658,13360910,13361270,13361990,13362350,5460530,5523165,5523503,5580396,5580756,5581116,8318040,8369612,8699515,8699874,8700234,8700594,8700953,8701313,8702033,8735395,8735755,8840415,8840775,9072563,9374515,9396895,9623424,9623733,9624092,9624451,9624810,9625169,9625528,9625887,9726398,9809924,9810283,9905086,9956164,10240050,10292155,10340411,10340770,10489131,10919573,12437780,12438138,12438498,12683512,12794886,12795605,12795965,12796685,12797045,12797405,12797765,12928658,13360910,13361270,13361990,13362350
X	ctattaccaatactaaccatccctatcact	13361200,13361560,13362280,13361200,13361560,13362280
X	ctcaacgaggtatgacattccatatttgga	8318142,8369353,13362092
X	ctccctattaccaatactaaccatccctat	13361196,13361556,13362276,13361196,13361556,13362276
X	ctcgtaattaaatttccaattaaactgtgt	8908994
X	gagctcgtaattaaatttccaattaaactg	8908991
X	gcaaattttgatgatgttaccccttacaaa	1812489,5490218,5490944,5502795,5979622,6206819,6207178,6351223,6351585,8531030,8577613,8750582,8750942,8752022,8752382,8827646,9005812,9137757,9138119,9138480,9138841,9203993,9204352,9296850,9534692,9556946,9597537,9597896,9711049,9772397,9880807,9881164,9920125,9941759,9971584,9984037,10048827,10049188,10103245,10120511,10120870,10261907,10262266,10262625,10439237,11230714,11231076,12093308,12187886,12189326,13056715,13057075,13113219,13113579,13113939,13195032,13423522,15597860,17348113,1812489,5490218,5490944,5502795,5979622,6206819,6207178,6351223,6351585,8531030,8577613,8750582,8750942,8752022,8752382,8827646,9005812,9137757,9138119,9138480,9138841,9203993,9204352,9296850,9534692,9556946,9597537,9597896,9711049,9772397,9880807,9881164,9920125,9941759,9971584,9984037,10048827,10049188,10103245,10120511,10120870,10261907,10262266,10262625,10439237,11230714,11231076,12093308,12187886,12189326,13056715,13057075,13113219,13113579,13113939,13195032,13423522,15597860,17348113
X	gcattttttgtaaggggtaacatcatcaaa	5460531,5523166,5523504,5580397,5580757,5581117,8318041,8369613,8699516,8699875,8700235,8700595,8700954,8701314,8702034,8735396,8735756,8840416,8840776,9017395,9072564,9235206,9374516,9396896,9623425,9623734,9624093,9624452,9624811,9625170,9625529,9625888,9726399,9727117,9809925,9810284,9840956,9905087,9956165,10008135,10240051,10292156,10340412,10340771,10489132,10919574,12124901,12437781,12438139,12438499,12683513,12794887,12795606,12795966,12796686,12797046,12797406,12797766,12928659,13126670,13360911,13361271,13361991,13362351,5460531,5523166,5523504,5580397,5580757,5581117,8318041,8369613,8699516,8699875,8700235,8700595,8700954,8701314,8702034,8735396,8735756,8840416,8840776,9017395,9072564,9235206,9374516,9396896,9623425,9623734,9624093,9624452,9624811,9625170,9625529,9625888,9726399,9727117,9809925,9810284,9840956,9905087,9956165,10008135,10240051,10292156,10340412,10340771,10489132,10919574,12124901,12437781,12438139,12438499,12683513,12794887,12795606,12795966,12796686,12797046,12797406,12797766,12928659,13126670,13360911,13361271,13361991,13362351
X	gccacaactttcaaattaattgcctgaata	12832976
X	gctccctattaccaatactaaccatcccta	13361195,13361555,13362275,13361195,13361555,13362275
X	gctcgtaattaaatttccaattaaactgtg	8908993
X	ggggtaacatcatcaaaatttgcaaaaaat	5460544,5521379,5521739,5522099,5522459,5522819,5523179,5523517,5523877,5580410,5580770,5581130,5775743,5846282,6384012,6385336,8318054,8369626,8699529,8699888,8700248,8700608,8700967,8701327,8702047,8702407,8735409,8735769,8840429,8840789,9034054,9235219,9235578,9374529,9396909,9623438,9623747,9624106,9624465,9624824,9625183,9625542,9625901,9726412,9726771,9809938,9810297,9840969,9905100,9956178,10007789,10240064,10292169,10340425,10340784,11413926,11757924,12437794,12438152,12545227,12683180,12794900,12795619,12795979,12796699,12797059,12797419,12797779,12928672,12929033,13127046,13360924,13361284,13362004,13362364,13693335
X	gtcatacctcaatgagctcgtaattaaatt	12493914
X	taaggggtaacatcatcaaaatttgcaaaa	5460541,5521376,5521736,5522096,5522456,5522816,5523176,5523514,5523874,5580407,5580767,5581127,5663849,5775740,5846279,6384009,6385333,8318051,8369623,8699165,8699526,8699885,8700245,8700605,8700964,8701324,8702044,8702404,8735406,8735766,8840426,8840786,9034051,9072574,9235216,9235575,9374526,9396906,9623435,9623744,9624103,9624462,9624821,9625180,9625539,9625898,9726409,9726768,9809935,9810294,9840966,9905097,9956175,10007786,10240061,10292166,10340422,10340781,11413923,11757921,11889686,11890406,12437791,12438149,12545224,12683177,12794897,12795616,12795976,12796696,12797056,12797416,12797776,12928669,12929030,13126680,13127043,13360921,13361281,13362001,13362361,13693332
X	taattgtctgaatatggaatgttatacctc	6207436
X	tatgctccctattaccaatactaaccatcc	13361192,13361552,13362272,13361192,13361552,13362272,13361192,13361552,13362272
X	tattaccaatactaaccatccctatcactt	13361201,13361561,13362281,13361201,13361561,13362281
X	tcaacgaggcataacattccatatttggat	14124843
X	tcaacgaggtatgacattccatatttggat	13362093
X	tcatacctcaatgagctcgtaattaaattt	12493915
X	tccctattaccaatactaaccatccctatc	13361197,13361557,13362277,13361197,13361557,13362277
X	tcgcattttttgtaaggggtaacatcatca	5460529,5523164,5523502,5580395,5580755,5581115,8318039,8369611,8699514,8699873,8700233,8700593,8700952,8701312,8702032,8735394,8735754,8840414,8840774,9072562,9374514,9396894,9623423,9623732,9624091,9624450,9624809,9625168,9625527,9625886,9726397,9809923,9810282,9905085,9956163,10240049,10292154,10340410,10340769,10489130,10919572,12437779,12438137,12438497,12683511,12794885,12795604,12795964,12796684,12797044,12797404,12797764,12928657,13360909,13361269,13361989,13362349,5460529,5523164,5523502,5580395,5580755,5581115,8318039,8369611,8699514,8699873,8700233,8700593,8700952,8701312,8702032,8735394,8735754,8840414,8840774,9072562,9374514,9396894,9623423,9623732,9624091,9624450,9624809,9625168,9625527,9625886,9726397,9809923,9810282,9905085,9956163,10240049,10292154,10340410,10340769,10489130,10919572,12437779,12438137,12438497,12683511,12794885,12795604,12795964,12796684,12797044,12797404,12797764,12928657,13360909,13361269,13361989,13362349
X	tgagctcgtaattaaatttccaattaaact	8908990
X	tgcaaattttgatgatgttaccccttacaa	5490217,5490943,5502794,6206818,6207177,6351584,8577612,8750581,8750941,8752021,8752381,8827645,9005811,9137756,9138118,9138479,9138840,9203992,9204351,9296849,9534691,9556945,9597536,9597895,9711048,9772396,9880806,9881163,9920124,9941758,9971583,9984036,10048826,10049187,10103244,10120510,10120869,10261906,10262265,10262624,12093307,12189325,13056714,13057074,13423521,15597859,17348112,5490217,5490943,5502794,6206818,6207177,6351584,8577612,8750581,8750941,8752021,8752381,8827645,9005811,9137756,9138118,9138479,9138840,9203992,9204351,9296849,9534691,9556945,9597536,9597895,9711048,9772396,9880806,9881163,9920124,9941758,9971583,9984036,10048826,10049187,10103244,10120510,10120869,10261906,10262265,10262624,12093307,12189325,13056714,13057074,13423521,15597859,17348112
X	tgccacaactttcaaattaattgcctgaat	12832975
X	tgctccctattaccaatactaaccatccct	13361194,13361554,13362274,13361194,13361554,13362274,13361194,13361554,13362274
X	tgtcatacctcaatgagctcgtaattaaat	12493913
X	ttatgctccctattaccaatactaaccatc	13361191,13361551,13362271,13361191,13361551,13362271,13361191,13361551,13362271
X	ttcgcattttttgtaaggggtaacatcatc	5460528,5523163,5523501,5580394,5580754,5581114,8318038,8369610,8699513,8699872,8700232,8700592,8700951,8701311,8702031,8735393,8735753,8840413,8840773,9072561,9374513,9396893,9623422,9623731,9624090,9624449,9624808,9625167,9625526,9625885,9726396,9809922,9810281,9905084,9956162,10240048,10292153,10340409,10340768,10489129,10919571,12437778,12438136,12438496,12683510,12794884,12795603,12795963,12796683,12797043,12797403,12797763,12928656,13360908,13361268,13361988,13362348,5460528,5523163,5523501,5580394,5580754,5581114,8318038,8369610,8699513,8699872,8700232,8700592,8700951,8701311,8702031,8735393,8735753,8840413,8840773,9072561,9374513,9396893,9623422,9623731,9624090,9624449,9624808,9625167,9625526,9625885,9726396,9809922,9810281,9905084,9956162,10240048,10292153,10340409,10340768,10489129,10919571,12437778,12438136,12438496,12683510,12794884,12795603,12795963,12796683,12797043,12797403,12797763,12928656,13360908,13361268,13361988,13362348
X	ttgcaaattttgatgatgttaccccttaca	5490216,5490942,5502793,6206817,6207176,6351583,8577611,8578302,8750580,8750940,8752020,8752380,8827644,9005810,9137755,9138117,9138478,9138839,9203991,9204350,9296848,9297208,9534690,9556944,9597535,9597894,9711047,9772395,9881162,9920123,9941757,9971582,9984035,10048825,10049186,10103243,10120509,10120868,10261905,10262264,10262623,12093306,12189324,13056713,13057073,13423520,15597858,17348111,5490216,5490942,5502793,6206817,6207176,6351583,8577611,8578302,8750580,8750940,8752020,8752380,8827644,9005810,9137755,9138117,9138478,9138839,9203991,9204350,9296848,9297208,9534690,9556944,9597535,9597894,9711047,9772395,9881162,9920123,9941757,9971582,9984035,10048825,10049186,10103243,10120509,10120868,10261905,10262264,10262623,12093306,12189324,13056713,13057073,13423520,15597858,17348111
X	ttgccacaactttcaaattaattgcctgaa	12832974
X	tttatgctccctattaccaatactaaccat	13361190,13361550,13362270,13361190,13361550,13362270,13361190,13361550,13362270
X	tttcgcattttttgtaaggggtaacatcat	5460527,5523162,5523500,5580393,5580753,5581113,8318037,8369609,8699512,8699871,8700231,8700591,8700950,8701310,8701670,8702030,8735392,8735752,8840412,8840772,9072560,9374512,9396892,9623421,9623730,9624089,9624448,9624807,9625166,9625525,9625884,9726395,9809921,9810280,9905083,9956161,10240047,10292152,10340408,10340767,10489128,10831159,10919570,10990099,10990459,10990820,12047096,12047453,12047810,12124179,12437777,12438135,12438495,12683509,12794883,12795602,12795962,12796682,12797042,12797402,12797762,12928655,13360907,13361267,13361627,13361987,13362347,15221586,5460527,5523162,5523500,5580393,5580753,5581113,8318037,8369609,8699512,8699871,8700231,8700591,8700950,8701310,8701670,8702030,8735392,8735752,8840412,8840772,9072560,9374512,9396892,9623421,9623730,9624089,9624448,9624807,9625166,9625525,9625884,9726395,9809921,9810280,9905083,9956161,10240047,10292152,10340408,10340767,10489128,10831159,10919570,10990099,10990459,10990820,12047096,12047453,12047810,12124179,12437777,12438135,12438495,12683509,12794883,12795602,12795962,12796682,12797042,12797402,12797762,12928655,13360907,13361267,13361627,13361987,13362347,15221586
X	tttgatgatgttaccccttacaaaaaatgc	5490224,5490950,5502801,5712274,5979628,6207184,6351229,8577619,8750588,8750948,8751308,8751668,8752028,8752388,8827652,8909065,9005818,9137763,9138125,9138486,9138847,9203999,9204358,9296856,9313762,9534698,9556952,9597543,9597902,9711055,9772403,9881170,9920131,9941765,10048833,10103251,10120517,10120876,10261913,10262272,10439243,11230720,11231082,12093314,12187892,12188972,12189332,12833099,13057081,13113225,13113585,13113945,13195038
X	tttgcaaattttgatgatgttaccccttac	5490215,5490582,5490941,5502792,5712626,6206816,6207175,6351582,8577610,8578301,8750579,8750939,8752019,8752379,8827643,8851241,9005809,9036965,9137754,9138116,9138477,9138838,9203990,9204349,9296847,9297207,9534689,9556943,9597534,9597893,9711046,9772394,9881161,9920122,9941756,9971581,9984034,10048824,10049185,10103242,10120508,10120867,10261904,10262263,10262622,11023295,11532326,11780491,11781556,12093305,12189323,13056712,13057072,13423519,13530362,15597857,17348110,5490215,5490582,5490941,5502792,5712626,6206816,6207175,6351582,8577610,8578301,8750579,8750939,8752019,8752379,8827643,8851241,9005809,9036965,9137754,9138116,9138477,9138838,9203990,9204349,9296847,9297207,9534689,9556943,9597534,9597893,9711046,9772394,9881161,9920122,9941756,9971581,9984034,10048824,10049185,10103242,10120508,10120867,10261904,10262263,10262622,11023295,11532326,11780491,11781556,12093305,12189323,13056712,13057072,13423519,13530362,15597857,17348110
X	tttgccacaactttcaaattaattgcctga	12832973
X	tttgtaaggggtaacatcatcaaaatttgc	5460537,5523172,5523510,5580403,5580763,5581123,8318047,8369619,8699522,8699881,8700241,8700601,8700960,8701320,8702040,8735402,8735762,8840422,8840782,9034047,9072570,9235212,9374522,9396902,9623431,9623740,9624099,9624458,9624817,9625176,9625535,9625894,9726405,9726764,9809931,9810290,9840962,9905093,9956171,10007782,10240057,10292162,10340418,10340777,10489138,10919580,11889682,11890402,12124549,12437787,12438145,12545220,12683173,12794893,12795612,12795972,12796692,12797052,12797412,12797772,12928665,12929026,13126676,13127039,13360917,13361277,13361997,13362357,5460537,5523172,5523510,5580403,5580763,5581123,8318047,8369619,8699522,8699881,8700241,8700601,8700960,8701320,8702040,8735402,8735762,8840422,8840782,9034047,9072570,9235212,9374522,9396902,9623431,9623740,9624099,9624458,9624817,9625176,9625535,9625894,9726405,9726764,9809931,9810290,9840962,9905093,9956171,10007782,10240057,10292162,10340418,10340777,10489138,10919580,11889682,11890402,12124549,12437787,12438145,12545220,12683173,12794893,12795612,12795972,12796692,12797052,12797412,12797772,12928665,12929026,13126676,13127039,13360917,13361277,13361997,13362357
X	ttttcgcattttttgtaaggggtaacatca	5460526,5523161,5523499,5580392,5580752,5581112,8318036,8369608,8699511,8699870,8700230,8700590,8700949,8701309,8701669,8702029,8735391,8735751,8840411,8840771,9072559,9374511,9396891,9623420,9623729,9624088,9624447,9624806,9625165,9625524,9625883,9726394,9809920,9810279,9905082,9956160,10240046,10292151,10340407,10340766,10489127,10831158,10919569,10990098,10990458,10990819,12047095,12047452,12047809,12124178,12437776,12438134,12438494,12683508,12794882,12795601,12795961,12796681,12797041,12797401,12797761,12928654,13360906,13361266,13361626,13361986,13362346,15221585,5460526,5523161,5523499,5580392,5580752,5581112,8318036,8369608,8699511,8699870,8700230,8700590,8700949,8701309,8701669,8702029,8735391,8735751,8840411,8840771,9072559,9374511,9396891,9623420,9623729,9624088,9624447,9624806,9625165,9625524,9625883,9726394,9809920,9810279,9905082,9956160,10240046,10292151,10340407,10340766,10489127,10831158,10919569,10990098,10990458,10990819,12047095,12047452,12047809,12124178,12437776,12438134,12438494,12683508,12794882,12795601,12795961,12796681,12797041,12797401,12797761,12928654,13360906,13361266,13361626,13361986,13362346,15221585
X	ttttgatgatgttaccccttacaaaaaatg	5490223,5490949,5502800,5712273,5979627,6207183,6351228,8531035,8577618,8750587,8750947,8751307,8751667,8752027,8752387,8827651,8909064,9005817,9137762,9138124,9138485,9138846,9203998,9204357,9296855,9313761,9534697,9556951,9597542,9597901,9711054,9772402,9880812,9881169,9920130,9941764,9971589,10048832,10103250,10120516,10120875,10261912,10262271,10439242,11230719,11231081,12093313,12187891,12188971,12189331,12494000,12833098,13057080,13113224,13113584,13113944,13195037,14914998,15597865
X	ttttgcaaattttgatgatgttacccctta	4328788,4382695,5490214,5490581,5490940,5502791,5503151,5712625,6206815,6207174,6351581,6418290,6419614,6477700,6479024,8577609,8578300,8750578,8750938,8752018,8752378,8827642,8851240,9005808,9036964,9137753,9138115,9138476,9138837,9203989,9204348,9296846,9297206,9534688,9556942,9597533,9597892,9711045,9772393,9881160,9920121,9941755,9971580,9984033,10048823,10049184,10103241,10120507,10120866,10156190,10261903,10262262,10262621,11023294,11532325,11780490,11781555,12093304,12189322,13056711,13057071,13242019,13423518,13530361,15597856,17348109,4328788,4382695,5490214,5490581,5490940,5502791,5503151,5712625,6206815,6207174,6351581,6418290,6419614,6477700,6479024,8577609,8578300,8750578,8750938,8752018,8752378,8827642,8851240,9005808,9036964,9137753,9138115,9138476,9138837,9203989,9204348,9296846,9297206,9534688,9556942,9597533,9597892,9711045,9772393,9881160,9920121,9941755,9971580,9984033,10048823,10049184,10103241,10120507,10120866,10156190,10261903,10262262,10262621,11023294,11532325,11780490,11781555,12093304,12189322,13056711,13057071,13242019,13423518,13530361,15597856,17348109
X	ttttgtaaggggtaacatcatcaaaatttg	5460536,5523171,5523509,5580402,5580762,5581122,8318046,8369618,8699521,8699880,8700240,8700600,8700959,8701319,8702039,8735401,8735761,8840421,8840781,9034046,9072569,9235211,9374521,9396901,9623430,9623739,9624098,9624457,9624816,9625175,9625534,9625893,9726404,9726763,9809930,9810289,9840961,9905092,9956170,10007781,10240056,10292161,10340417,10340776,10489137,10919579,11889681,11890401,12124548,12437786,12438144,12545219,12683172,12683518,12794892,12795611,12795971,12796691,12797051,12797411,12797771,12928664,12929025,13126675,13127038,13360916,13361276,13361996,13362356,5460536,5523171,5523509,5580402,5580762,5581122,8318046,8369618,8699521,8699880,8700240,8700600,8700959,8701319,8702039,8735401,8735761,8840421,8840781,9034046,9072569,9235211,9374521,9396901,9623430,9623739,9624098,9624457,9624816,9625175,9625534,9625893,9726404,9726763,9809930,9810289,9840961,9905092,9956170,10007781,10240056,10292161,10340417,10340776,10489137,10919579,11889681,11890401,12124548,12437786,12438144,12545219,12683172,12683518,12794892,12795611,12795971,12796691,12797051,12797411,12797771,12928664,12929025,13126675,13127038,13360916,13361276,13361996,13362356
X	tttttgcaaattttgatgatgttacccctt	4328787,4382694,5490213,5490580,5490939,5502790,5503150,5712624,6206814,6207173,6351580,6418289,6419613,6477699,6479023,8577608,8578299,8750577,8750937,8752017,8752377,8827641,8851239,9005807,9036963,9137752,9138114,9138475,9138836,9203988,9204347,9296845,9297205,9534687,9556941,9597532,9597891,9711044,9772392,9881159,9920120,9941754,9971579,9984032,10048822,10049183,10103240,10120506,10120865,10156189,10261902,10262261,10262620,11023293,11362725,11532324,11780489,11781554,12093303,12189321,13056710,13057070,13242018,13423517,13530360,13900806,13901156,15597855,17348108,4328787,4382694,5490213,5490580,5490939,5502790,5503150,5712624,6206814,6207173,6351580,6418289,6419613,6477699,6479023,8577608,8578299,8750577,8750937,8752017,8752377,8827641,8851239,9005807,9036963,9137752,9138114,9138475,9138836,9203988,9204347,9296845,9297205,9534687,9556941,9597532,9597891,9711044,9772392,9881159,9920120,9941754,9971579,9984032,10048822,10049183,10103240,10120506,10120865,10156189,10261902,10262261,10262620,11023293,11362725,11532324,11780489,11781554,12093303,12189321,13056710,13057070,13242018,13423517,13530360,13900806,13901156,15597855,17348108
X	tttttgtaaggggtaacatcatcaaaattt	5460535,5523170,5523508,5580401,5580761,5581121,8318045,8369617,8699520,8699879,8700239,8700599,8700958,8701318,8702038,8735400,8735760,8840420,8840780,9034045,9072568,9093018,9235210,9374520,9396900,9623429,9623738,9624097,9624456,9624815,9625174,9625533,9625892,9726403,9726762,9727121,9809929,9810288,9840960,9905091,9956169,10007780,10240055,10292160,10340416,10340775,10489136,10919578,11889680,11890400,12124547,12437785,12438143,12545218,12683171,12683517,12794891,12795610,12795970,12796690,12797050,12797410,12797770,12928663,12929024,13126674,13127037,13360915,13361275,13361995,13362355,5460535,5523170,5523508,5580401,5580761,5581121,8318045,8369617,8699520,8699879,8700239,8700599,8700958,8701318,8702038,8735400,8735760,8840420,8840780,9034045,9072568,9093018,9235210,9374520,9396900,9623429,9623738,9624097,9624456,9624815,9625174,9625533,9625892,9726403,9726762,9727121,9809929,9810288,9840960,9905091,9956169,10007780,10240055,10292160,10340416,10340775,10489136,10919578,11889680,11890400,12124547,12437785,12438143,12545218,12683171,12683517,12794891,12795610,12795970,12796690,12797050,12797410,12797770,12928663,12929024,13126674,13127037,13360915,13361275,13361995,13362355
X	ttttttgcaaattttgatgatgttacccct	5490212,5490938,5502789,5503149,5712623,6206813,6207172,6418288,6419612,6477698,6479022,8577607,8578298,8750576,8750936,8752016,8752376,8827640,8851238,9005806,9036962,9137751,9138113,9138474,9138835,9203987,9204346,9296844,9297204,9534686,9556940,9597531,9597890,9711043,9772391,9881158,9920119,9941753,9971578,9984031,10048821,10049182,10103239,10120505,10120864,10156188,10261901,10262260,10262619,11023292,11362724,11532323,11780488,11781553,12093302,12189320,13056709,13057069,13242017,13423516,13530359,13900805,13901155,15597854,17348107,5490212,5490938,5502789,5503149,5712623,6206813,6207172,6418288,6419612,6477698,6479022,8577607,8578298,8750576,8750936,8752016,8752376,8827640,8851238,9005806,9036962,9137751,9138113,9138474,9138835,9203987,9204346,9296844,9297204,9534686,9556940,9597531,9597890,9711043,9772391,9881158,9920119,9941753,9971578,9984031,10048821,10049182,10103239,10120505,10120864,10156188,10261901,10262260,10262619,11023292,11362724,11532323,11780488,11781553,12093302,12189320,13056709,13057069,13242017,13423516,13530359,13900805,13901155,15597854,17348107
X	ttttttgtaaggggtaacatcatcaaaatt	5460534,5523169,5523507,5580400,5580760,5581120,8318044,8369616,8699519,8699878,8700238,8700598,8700957,8701317,8702037,8735399,8735759,8840419,8840779,9017398,9034044,9072567,9093017,9235209,9374519,9396899,9623428,9623737,9624096,9624455,9624814,9625173,9625532,9625891,9726402,9726761,9727120,9809928,9810287,9840959,9905090,9956168,10240054,10292159,10340415,10340774,10489135,10919577,11889679,11890399,12124546,12124904,12437784,12438142,12545217,12683170,12683516,12794890,12795609,12795969,12796689,12797049,12797409,12797769,12928662,12929023,13126673,13127036,13360914,13361274,13361994,13362354,5460534,5523169,5523507,5580400,5580760,5581120,8318044,8369616,8699519,8699878,8700238,8700598,8700957,8701317,8702037,8735399,8735759,8840419,8840779,9017398,9034044,9072567,9093017,9235209,9374519,9396899,9623428,9623737,9624096,9624455,9624814,9625173,9625532,9625891,9726402,9726761,9727120,9809928,9810287,9840959,9905090,9956168,10240054,10292159,10340415,10340774,10489135,10919577,11889679,11890399,12124546,12124904,12437784,12438142,12545217,12683170,12683516,12794890,12795609,12795969,12796689,12797049,12797409,12797769,12928662,12929023,13126673,13127036,13360914,13361274,13361994,13362354
