X	aaactgagtatagggttgggccaagaacgc	4732895,5339796,7481857
X	aaagtgatagggatggttagtattggtaat	8022164,13242098,13242458,8022164,13242098,13242458,8022164,13242098,13242458
X	aaatatggaatgtcatacctcgttgagttt	8577521,8751210,8751930,8827914,10439145,11040569,12093216,12189234,12371095,12371455,12371815,13113487,13113847,13195299,13474452,14697515,8577521,8751210,8751930,8827914,10439145,11040569,12093216,12189234,12371095,12371455,12371815,13113487,13113847,13195299,13474452,14697515
X	aaatattgaccttgcagccaagcgacagtt	4732463,5339364,7481425,21086785
X	aaattttgatgatgttaccccttacaaaaa	1812491,5490220,5490946,5502797,5712270,5979624,6207180,6351225,6351587,8531032,8577615,8750584,8750944,8751304,8751664,8752024,8752384,8827648,8909061,9005814,9137759,9138121,9138482,9138843,9203995,9204354,9296852,9313758,9534694,9556948,9597539,9597898,9711051,9772399,9880809,9881166,9920127,9941761,9971586,9984039,10048829,10049190,10103247,10120513,10120872,10261909,10262268,10262627,10439239,11230716,11231078,12093310,12093658,12187888,12189328,12493997,12833095,13056717,13057077,13113221,13113581,13113941,13195034,13423524,14914995,15597862,17348115,1812491,5490220,5490946,5502797,5712270,5979624,6207180,6351225,6351587,8531032,8577615,8750584,8750944,8751304,8751664,8752024,8752384,8827648,8909061,9005814,9137759,9138121,9138482,9138843,9203995,9204354,9296852,9313758,9534694,9556948,9597539,9597898,9711051,9772399,9880809,9881166,9920127,9941761,9971586,9984039,10048829,10049190,10103247,10120513,10120872,10261909,10262268,10262627,10439239,11230716,11231078,12093310,12093658,12187888,12189328,12493997,12833095,13056717,13057077,13113221,13113581,13113941,13195034,13423524,14914995,15597862,17348115,1812491,5490220,5490946,5502797,5712270,5979624,6207180,6351225,6351587,8531032,8577615,8750584,8750944,8751304,8751664,8752024,8752384,8827648,8909061,9005814,9137759,9138121,9138482,9138843,9203995,9204354,9296852,9313758,9534694,9556948,9597539,9597898,9711051,9772399,9880809,9881166,9920127,9941761,9971586,9984039,10048829,10049190,10103247,10120513,10120872,10261909,10262268,10262627,10439239,11230716,11231078,12093310,12093658,12187888,12189328,12493997,12833095,13056717,13057077,13113221,13113581,13113941,13195034,13423524,14914995,15597862,17348115,1812491,5490220,5490946,5502797,5712270,5979624,6207180,6351225,6351587,8531032,8577615,8750584,8750944,8751304,8751664,8752024,8752384,8827648,8909061,9005814,9137759,9138121,9138482,9138843,9203995,9204354,9296852,9313758,9534694,9556948,9597539,9597898,9711051,9772399,9880809,9881166,9920127,9941761,9971586,9984039,10048829,10049190,10103247,10120513,10120872,10261909,10262268,10262627,10439239,11230716,11231078,12093310,12093658,12187888,12189328,12493997,12833095,13056717,13057077,13113221,13113581,13113941,13195034,13423524,14914995,15597862,17348115
X	aaccttggtcctgaacgcttgctgaatatt	4732527,7481489,21086849
X	aacgcactgttacccatgcggcaacttaat	1523206,4700504,4731922,4792489,5338823,7480884,7784334,17431462,19472218,21086244,1523206,4700504,4731922,4792489,5338823,7480884,7784334,17431462,19472218,21086244
X	aacgcttgctgaatatttgtgatgtgcctg	4732540,7481502,21086862
X	aacgtcacattggcacacttctcagcgttg	4732681,7481643
X	aactgagtatagggttgggccaagaacgct	4732896,5339797,7481858
X	aagacatccgagcaaccttggtcctgaacg	4732514,5339415,21086836
X	aagcctgatggtgtctgatcagtctcccat	4732613,5339514,7481575,21086935
X	aaggggtaacatcatcaaaatttgcaaaaa	5460542,5521377,5521737,5522097,5522457,5522817,5523177,5523515,5523875,5580408,5580768,5581128,5663850,5775741,5846280,6384010,6385334,8318052,8369624,8699166,8699527,8699886,8700246,8700606,8700965,8701325,8702045,8702405,8735407,8735767,8840427,8840787,9034052,9072575,9235217,9235576,9374527,9396907,9623436,9623745,9624104,9624463,9624822,9625181,9625540,9625899,9726410,9726769,9809936,9810295,9840967,9905098,9956176,10007787,10240062,10292167,10340423,10340782,11413924,11757922,11889687,11890407,12437792,12438150,12545225,12683178,12794898,12795617,12795977,12796697,12797057,12797417,12797777,12928670,12929031,13126681,13127044,13360922,13361282,13362002,13362362,13693333
X	aaggtatttataagcctgatggtgtctgat	4732602,5339503,7481564,21086924
X	aaggtcttcgcctgtaagatccggatctta	4732360,5339261,7481322,19472656,21086682
X	aaggtgagcttcctatcgagggtaatacca	4732573,5339474,7481535,21086895
X	aagtgatagggatggttagtattggtaata	13242099,13242459,13242099,13242459,13242099,13242459
X	aataccaaggtatttataagcctgatggtg	4732596,5339497,7481558,21086918
X	aatatggaatgtcatacctcgttgagtttg	8577522,8751211,8751931,8827915,10439146,11040570,12093217,12189235,12371096,12371456,12371816,13113488,13113848,13195300,13474453,14697516,8577522,8751211,8751931,8827915,10439146,11040570,12093217,12189235,12371096,12371456,12371816,13113488,13113848,13195300,13474453,14697516
X	aatatggacttgtaaatattgaccttgcag	4732450,5339351,7481412,21086772
X	aatattgaccttgcagccaagcgacagttt	4732464,5339365,7481426,21086786
X	aatccaaatatggaatgtcatacctcgttg	13113482,13195294
X	aatcccaatcgatttgcattcaaatttggg	8256699,8257060,8256699,8257060
X	aatcccaatcgatttgcattcaagtttggg	8021686,14914939
X	aatcgatttgcattcaaatttgggaattct	8256705,8257066,8256705,8257066
X	aatcgatttgcattcaagtttgggaattct	8021692,8577925,8750534,8750894,8751254,8751614,8751974,8752694,8827959,12093260,12188558,12371499,12371859,14914945
X	aatcgatttgcatttaagtttgggaattct	8495953
X	aatgagccaagacatccgagcaaccttggt	4732506,5339407,21086828
X	aatgcatccaggtattcctgtagaccagaa	4732744,5339645,7481706,21087066
X	aatgccgtatacctgcaggccgtagaacag	4732410,5339311,7481372,21086732
X	aatggcccaaatatggaatgtcatacctcg	11040561,13474444,14915613,14915958
X	aatgtgtcttggttacttaagactaacaga	1523264,4700562,4731980,4792547,5338881,7480942,7784392,17431520,19472276,21086302,1523264,4700562,4731980,4792547,5338881,7480942,7784392,17431520,19472276,21086302
X	aatttgggcaccttgaggtcgcgttcgatg	4732288,5339189,7481250,19472584,21086610
X	aattttgatgatgttaccccttacaaaaaa	1812492,5490221,5490947,5502798,5712271,5979625,6207181,6351226,6351588,8531033,8577616,8750585,8750945,8751305,8751665,8752025,8752385,8827649,8909062,9005815,9137760,9138122,9138483,9138844,9203996,9204355,9296853,9313759,9534695,9556949,9597540,9597899,9711052,9772400,9880810,9881167,9920128,9941762,9971587,10048830,10049191,10103248,10120514,10120873,10261910,10262269,10439240,11230717,11231079,12093311,12093659,12187889,12188969,12189329,12493998,12833096,13056718,13057078,13113222,13113582,13113942,13195035,13423525,14914996,15597863,17348116,1812492,5490221,5490947,5502798,5712271,5979625,6207181,6351226,6351588,8531033,8577616,8750585,8750945,8751305,8751665,8752025,8752385,8827649,8909062,9005815,9137760,9138122,9138483,9138844,9203996,9204355,9296853,9313759,9534695,9556949,9597540,9597899,9711052,9772400,9880810,9881167,9920128,9941762,9971587,10048830,10049191,10103248,10120514,10120873,10261910,10262269,10439240,11230717,11231079,12093311,12093659,12187889,12188969,12189329,12493998,12833096,13056718,13057078,13113222,13113582,13113942,13195035,13423525,14914996,15597863,17348116,1812492,5490221,5490947,5502798,5712271,5979625,6207181,6351226,6351588,8531033,8577616,8750585,8750945,8751305,8751665,8752025,8752385,8827649,8909062,9005815,9137760,9138122,9138483,9138844,9203996,9204355,9296853,9313759,9534695,9556949,9597540,9597899,9711052,9772400,9880810,9881167,9920128,9941762,9971587,10048830,10049191,10103248,10120514,10120873,10261910,10262269,10439240,11230717,11231079,12093311,12093659,12187889,12188969,12189329,12493998,12833096,13056718,13057078,13113222,13113582,13113942,13195035,13423525,14914996,15597863,17348116,1812492,5490221,5490947,5502798,5712271,5979625,6207181,6351226,6351588,8531033,8577616,8750585,8750945,8751305,8751665,8752025,8752385,8827649,8909062,9005815,9137760,9138122,9138483,9138844,9203996,9204355,9296853,9313759,9534695,9556949,9597540,9597899,9711052,9772400,9880810,9881167,9920128,9941762,9971587,10048830,10049191,10103248,10120514,10120873,10261910,10262269,10439240,11230717,11231079,12093311,12093659,12187889,12188969,12189329,12493998,12833096,13056718,13057078,13113222,13113582,13113942,13195035,13423525,14914996,15597863,17348116
X	acaatgtgtcttggttacttaagactaaca	1523262,4700560,4731978,4792545,5338879,7480940,7784390,17431518,19472274,21086300,1523262,4700560,4731978,4792545,5338879,7480940,7784390,17431518,19472274,21086300
X	acacccggacagctacctgttcggttggcg	5339552,7481613,21086973
X	acacttctcagcgttgatgcgcacattcca	4732695,7481657
X	acagatacagatacagatacaaatacagat	5839697,21472047,21472215
X	acagctacctgttcggttggcgaacgtcac	4732659,5339560,7481621,21086981
X	acagctgcagttcctagcttccttgctagg	4792762,5339096,7481157,19472491,21086517
X	acatccgagcaaccttggtcctgaacgctt	4732517,5339418,21086839
X	acattccagttctcagcccattgctggaat	4732717,5339618,7481679,21087039
X	acattggcacacttctcagcgttgatgcgc	4732687,7481649
X	accaaggtatttataagcctgatggtgtct	4732599,5339500,7481561,21086921
X	accacagctgcagttcctagcttccttgct	4792759,5339093,7481154,19472488,21086514
X	acccatgcggcaacttaatttgatctgctt	1523217,4700515,4731933,4792500,5338834,7480895,7784345,17431473,19472229,21086255,1523217,4700515,4731933,4792500,5338834,7480895,7784345,17431473,19472229,21086255
X	acccggacagctacctgttcggttggcgaa	5339554,7481615,21086975
X	acctgttcggttggcgaacgtcacattggc	4732665,5339566,7481627,21086987
X	accttgaggtcgcgttcgatgtctcttgtt	4732297,5339198,7481259,19472593,21086619
X	accttggtcctgaacgcttgctgaatattt	4732528,7481490,21086850
X	acgcactgttacccatgcggcaacttaatt	1523207,4700505,4731923,4792490,5338824,7480885,7784335,17431463,19472219,21086245,1523207,4700505,4731923,4792490,5338824,7480885,7784335,17431463,19472219,21086245
X	acgcttgctgaatatttgtgatgtgcctgc	4732541,7481503,21086863
X	acgtcacattggcacacttctcagcgttga	4732682,7481644
X	actctagtccgagggtcagcattgaccaca	4732168,4792735,5339069,7481130,21086490
X	actgacacccggacagctacctgttcggtt	5339548,7481609,21086969
X	actgagtatagggttgggccaagaacgctt	4732897,5339798,7481859
X	actgttacccatgcggcaacttaatttgat	1523211,4700509,4731927,4792494,5338828,7480889,7784339,17431467,19472223,21086249,1523211,4700509,4731927,4792494,5338828,7480889,7784339,17431467,19472223,21086249
X	acttctcagcgttgatgcgcacattccagt	4732697,7481659
X	acttgtaaatattgaccttgcagccaagcg	4732457,5339358,7481419,21086779
X	agacatccgagcaaccttggtcctgaacgc	4732515,5339416,21086837
X	agactgacacccggacagctacctgttcgg	5339546,7481607,21086967
X	agcaaccttggtcctgaacgcttgctgaat	4732524,5339425,7481486,21086846
X	agcaatgccgtatacctgcaggccgtagaa	4732407,5339308,7481369,21086729
X	agcagtatcgtcagcgtaggtggctatgag	4732809,5339710,7481771
X	agcattgaccacagctgcagttcctagctt	4792752,5339086,7481147,19472481,21086507
X	agccaagacatccgagcaaccttggtcctg	4732510,5339411,21086832
X	agcccattgctggaatgcatccaggtattc	4732731,5339632,7481693,21087053
X	agcctgatggtgtctgatcagtctcccatt	4732614,5339515,7481576,21086936
X	agcgttgatgcgcacattccagttctcagc	4732704,7481666
X	agctacctgttcggttggcgaacgtcacat	4732661,5339562,7481623,21086983
X	agctgcagttcctagcttccttgctaggct	4792764,5339098,7481159,19472493,21086519
X	agcttcctatcgagggtaataccaaggtat	4732579,5339480,7481541,21086901
X	agcttgtctcctaatttgggcaccttgagg	4732276,5339177,7481238,19472572,21086598
X	agggatggttagtattggtaatagggagca	13113662,13242106,13242466,13113662,13242106,13242466,13113662,13242106,13242466
X	aggggtaacatcatcaaaatttgcaaaaaa	5460543,5521378,5521738,5522098,5522458,5522818,5523178,5523516,5523876,5580409,5580769,5581129,5775742,5846281,6384011,6385335,8318053,8369625,8699167,8699528,8699887,8700247,8700607,8700966,8701326,8702046,8702406,8735408,8735768,8840428,8840788,9034053,9072576,9235218,9235577,9374528,9396908,9623437,9623746,9624105,9624464,9624823,9625182,9625541,9625900,9726411,9726770,9809937,9810296,9840968,9905099,9956177,10007788,10240063,10292168,10340424,10340783,11413925,11757923,11889688,11890408,12437793,12438151,12545226,12683179,12794899,12795618,12795978,12796698,12797058,12797418,12797778,12928671,12929032,13126682,13127045,13360923,13361283,13362003,13362363,13693334
X	agggtaataccaaggtatttataagcctga	4732591,5339492,7481553,21086913
X	agggtcagcattgaccacagctgcagttcc	4792746,5339080,7481141,19472475,21086501
X	agggttgggccaagaacgcttccttgagga	4732906,5339807,7481868
X	aggtattcctgtagaccagaagtggcagcc	4732753,5339654,7481715,21087075
X	aggtatttataagcctgatggtgtctgatc	4732603,5339504,7481565,21086925
X	aggtcgcgttcgatgtctcttgttctcata	4732303,5339204,7481265,19472599,21086625
X	aggtcttcgcctgtaagatccggatcttat	4732361,5339262,7481323,21086683
X	aggtgagcttcctatcgagggtaataccaa	4732574,5339475,7481536,21086896
X	agtatagggttgggccaagaacgcttcctt	4732901,5339802,7481863
X	agtatcgtcagcgtaggtggctatgagcac	4732812,5339713,7481774
X	agtccgagggtcagcattgaccacagctgc	4732173,4792740,5339074,7481135,19472469,21086495
X	agtctcccattcagactgacacccggacag	5339534,7481595,21086955
X	agtgatagggatggttagtattggtaatag	13242100,13242460,13242100,13242460,13242100,13242460
X	agttcctagcttccttgctaggctgttggg	4792770,5339104,7481165,19472499,21086525
X	agttctcagcccattgctggaatgcatcca	4732724,5339625,7481686,21087046
X	ataagcctgatggtgtctgatcagtctccc	4732611,5339512,7481573,21086933
X	ataatccaaatatggaatgtcatacctcgt	13113480,13195292
X	ataatggcccaaatatggaatgtcatacct	11040559,13474442,14915611,14915956
X	ataccaaggtatttataagcctgatggtgt	4732597,5339498,7481559,21086919
X	atagggatggttagtattggtaatagggag	13242104,13242464,13242104,13242464,13242104,13242464
X	atagggttgggccaagaacgcttccttgag	4732904,5339805,7481866
X	atatggaatgtcatacctcgttgagtttgt	8577523,8751212,8751932,8827916,10439147,11040571,12093218,12189236,12371097,12371457,12371817,13113489,13113849,13195301,13474454,14697517,8577523,8751212,8751932,8827916,10439147,11040571,12093218,12189236,12371097,12371457,12371817,13113489,13113849,13195301,13474454,14697517
X	atatggacttgtaaatattgaccttgcagc	4732451,5339352,7481413,21086773
X	atattgaccttgcagccaagcgacagtttg	4732465,5339366,7481427,21086787
X	atcaacgcactgttacccatgcggcaactt	1523203,4700501,4731919,4792486,5338820,7480881,7784331,17431459,19472215,21086241,1523203,4700501,4731919,4792486,5338820,7480881,7784331,17431459,19472215,21086241
X	atcagtctcccattcagactgacacccgga	5339531,7481592,21086952
X	atccaaatatggaatgtcatacctcgttga	13113483,13195295
X	atccaggtattcctgtagaccagaagtggc	4732749,5339650,7481711,21087071
X	atcccaatcgatttgcattcaaatttggga	8256700,8257061,8256700,8257061
X	atcccaatcgatttgcattcaagtttggga	8021687,14914940
X	atccgagcaaccttggtcctgaacgcttgc	4732519,5339420,21086841
X	atcgagggtaataccaaggtatttataagc	4732587,5339488,7481549,21086909
X	atcgatttgcattcaaatttgggaattcta	8256706,8257067,8256706,8257067
X	atcgatttgcattcaagtttgggaattcta	8021693,8577926,8750535,8750895,8751255,8751615,8751975,8752695,8827960,12093261,12188559,12371500,12371860,14914946
X	atcgatttgcatttaagtttgggaattcta	8495954
X	atcgtcagcgtaggtggctatgagcacatc	4732815,5339716,7481777
X	atgagccaagacatccgagcaaccttggtc	4732507,5339408,21086829
X	atgatgttaccccttacaaaaaatgcgaaa	2769025,2769384,5490228,5490954,5502805,5712278,6207188,6351233,8577623,8750592,8750952,8751312,8751672,8752032,8752392,8827656,8909069,8909428,9005461,9005822,9137767,9138129,9138490,9138851,9204003,9204362,9296860,9313766,9534702,9556956,9597547,9597906,9711059,9772407,9920135,10048837,10120880,10261917,10262276,10302424,10439247,11040671,11041031,11230724,11231086,12093318,12187896,12188976,12189336,12371197,12371557,12371917,12524834,12833103,13057085,13113949,13195042,13474554,2769025,2769384,5490228,5490954,5502805,5712278,6207188,6351233,8577623,8750592,8750952,8751312,8751672,8752032,8752392,8827656,8909069,8909428,9005461,9005822,9137767,9138129,9138490,9138851,9204003,9204362,9296860,9313766,9534702,9556956,9597547,9597906,9711059,9772407,9920135,10048837,10120880,10261917,10262276,10302424,10439247,11040671,11041031,11230724,11231086,12093318,12187896,12188976,12189336,12371197,12371557,12371917,12524834,12833103,13057085,13113949,13195042,13474554,2769025,2769384,5490228,5490954,5502805,5712278,6207188,6351233,8577623,8750592,8750952,8751312,8751672,8752032,8752392,8827656,8909069,8909428,9005461,9005822,9137767,9138129,9138490,9138851,9204003,9204362,9296860,9313766,9534702,9556956,9597547,9597906,9711059,9772407,9920135,10048837,10120880,10261917,10262276,10302424,10439247,11040671,11041031,11230724,11231086,12093318,12187896,12188976,12189336,12371197,12371557,12371917,12524834,12833103,13057085,13113949,13195042,13474554,2769025,2769384,5490228,5490954,5502805,5712278,6207188,6351233,8577623,8750592,8750952,8751312,8751672,8752032,8752392,8827656,8909069,8909428,9005461,9005822,9137767,9138129,9138490,9138851,9204003,9204362,9296860,9313766,9534702,9556956,9597547,9597906,9711059,9772407,9920135,10048837,10120880,10261917,10262276,10302424,10439247,11040671,11041031,11230724,11231086,12093318,12187896,12188976,12189336,12371197,12371557,12371917,12524834,12833103,13057085,13113949,13195042,13474554,2769025,2769384,5490228,5490954,5502805,5712278,6207188,6351233,8577623,8750592,8750952,8751312,8751672,8752032,8752392,8827656,8909069,8909428,9005461,9005822,9137767,9138129,9138490,9138851,9204003,9204362,9296860,9313766,9534702,9556956,9597547,9597906,9711059,9772407,9920135,10048837,10120880,10261917,10262276,10302424,10439247,11040671,11041031,11230724,11231086,12093318,12187896,12188976,12189336,12371197,12371557,12371917,12524834,12833103,13057085,13113949,13195042,13474554
X	atgcatccaggtattcctgtagaccagaag	4732745,5339646,7481707,21087067
X	atgccgtatacctgcaggccgtagaacagg	4732411,5339312,7481373,21086733
X	atgcgcacattccagttctcagcccattgc	4732711,5339612,7481673,21087033
X	atgcggcaacttaatttgatctgcttaaat	1523221,4700519,4731937,4792504,5338838,7480899,7784349,17431477,19472233,21086259,1523221,4700519,4731937,4792504,5338838,7480899,7784349,17431477,19472233,21086259
X	atggaatgtcatacctcgttgagtttgttt	8577525,8751214,8751934,8827918,10439149,11040573,12093220,12189238,12371099,12371459,12371819,13113491,13113851,13474456,13474816,14697519,8577525,8751214,8751934,8827918,10439149,11040573,12093220,12189238,12371099,12371459,12371819,13113491,13113851,13474456,13474816,14697519
X	atggacttgtaaatattgaccttgcagcca	4732453,5339354,7481415,21086775
X	atggcccaaatatggaatgtcatacctcgt	11040562,13474445
X	atggtgtctgatcagtctcccattcagact	5339521,7481582,21086942
X	atggttagtattggtaatagggagcataaa	13113666,13242110,13242470,13113666,13242110,13242470,13113666,13242110,13242470
X	atgtctcttgttctcatataccaaggagcc	4732315,5339216,7481277,19472611,21086637
X	atgtgtcttggttacttaagactaacagat	1523265,4700563,4731981,4792548,5338882,7480943,7784393,17431521,19472277,21086303,1523265,4700563,4731981,4792548,5338882,7480943,7784393,17431521,19472277,21086303
X	atgttaccccttacaaaaaatgcgaaaatt	2769028,2769387,3247032,6207191,8577626,8750595,8750955,8751315,8751675,8752035,8752395,8827659,8909072,9005464,9005825,9137770,9138132,9138493,9138854,9204006,9204365,9296504,9313769,9422806,9534705,9556959,9597550,9597909,9711062,9772410,9919419,9920138,10048840,10120883,10156566,10261920,10262279,10302427,10439250,11040674,11041034,11230727,11231089,12093321,12187899,12188979,12189339,12371200,12371560,12371920,12524837,12833106,13057088,13113952,13195045,13474557,2769028,2769387,3247032,6207191,8577626,8750595,8750955,8751315,8751675,8752035,8752395,8827659,8909072,9005464,9005825,9137770,9138132,9138493,9138854,9204006,9204365,9296504,9313769,9422806,9534705,9556959,9597550,9597909,9711062,9772410,9919419,9920138,10048840,10120883,10156566,10261920,10262279,10302427,10439250,11040674,11041034,11230727,11231089,12093321,12187899,12188979,12189339,12371200,12371560,12371920,12524837,12833106,13057088,13113952,13195045,13474557,2769028,2769387,3247032,6207191,8577626,8750595,8750955,8751315,8751675,8752035,8752395,8827659,8909072,9005464,9005825,9137770,9138132,9138493,9138854,9204006,9204365,9296504,9313769,9422806,9534705,9556959,9597550,9597909,9711062,9772410,9919419,9920138,10048840,10120883,10156566,10261920,10262279,10302427,10439250,11040674,11041034,11230727,11231089,12093321,12187899,12188979,12189339,12371200,12371560,12371920,12524837,12833106,13057088,13113952,13195045,13474557,2769028,2769387,3247032,6207191,8577626,8750595,8750955,8751315,8751675,8752035,8752395,8827659,8909072,9005464,9005825,9137770,9138132,9138493,9138854,9204006,9204365,9296504,9313769,9422806,9534705,9556959,9597550,9597909,9711062,9772410,9919419,9920138,10048840,10120883,10156566,10261920,10262279,10302427,10439250,11040674,11041034,11230727,11231089,12093321,12187899,12188979,12189339,12371200,12371560,12371920,12524837,12833106,13057088,13113952,13195045,13474557,2769028,2769387,3247032,6207191,8577626,8750595,8750955,8751315,8751675,8752035,8752395,8827659,8909072,9005464,9005825,9137770,9138132,9138493,9138854,9204006,9204365,9296504,9313769,9422806,9534705,9556959,9597550,9597909,9711062,9772410,9919419,9920138,10048840,10120883,10156566,10261920,10262279,10302427,10439250,11040674,11041034,11230727,11231089,12093321,12187899,12188979,12189339,12371200,12371560,12371920,12524837,12833106,13057088,13113952,13195045,13474557
X	atgttctggagcttgtctcctaatttgggc	4732267,5339168,7481229,19472563,21086589
X	attcagactgacacccggacagctacctgt	5339542,7481603,21086963
X	attccagttctcagcccattgctggaatgc	4732719,5339620,7481681,21087041
X	attcctgtagaccagaagtggcagccagga	4732757,5339658,7481719,21087079
X	attgaccacagctgcagttcctagcttcct	4792755,5339089,7481150,19472484,21086510
X	attgaccttgcagccaagcgacagtttgtt	4732467,5339368,7481429,21086789
X	attgctggaatgcatccaggtattcctgta	4732736,5339637,7481698,21087058
X	attggcacacttctcagcgttgatgcgcac	4732689,7481651
X	atttataagcctgatggtgtctgatcagtc	4732607,5339508,7481569,21086929
X	atttgatcaacgcactgttacccatgcggc	1523198,4700496,4731914,4792481,5338815,7480876,7784326,17431454,19472210,21086236,1523198,4700496,4731914,4792481,5338815,7480876,7784326,17431454,19472210,21086236
X	atttgcattcaagtttgggaattctaggat	8021697,8750539,8750899,8751259,8751619,8751979,8752699,8827964,12093265,12188563,12371504,12371864,14914950
X	atttgcatttaagtttgggaattctaggat	8495958
X	atttgggcaccttgaggtcgcgttcgatgt	4732289,5339190,7481251,19472585,21086611
X	attttgatgatgttaccccttacaaaaaat	5490222,5490948,5502799,5712272,5979626,6207182,6351227,8531034,8577617,8750586,8750946,8751306,8751666,8752026,8752386,8827650,8909063,9005816,9137761,9138123,9138484,9138845,9203997,9204356,9296854,9313760,9534696,9556950,9597541,9597900,9711053,9772401,9880811,9881168,9920129,9941763,9971588,10048831,10103249,10120515,10120874,10261911,10262270,10439241,11230718,11231080,12093312,12093660,12187890,12188970,12189330,12493999,12833097,13056719,13057079,13113223,13113583,13113943,13195036,14914997,15597864,5490222,5490948,5502799,5712272,5979626,6207182,6351227,8531034,8577617,8750586,8750946,8751306,8751666,8752026,8752386,8827650,8909063,9005816,9137761,9138123,9138484,9138845,9203997,9204356,9296854,9313760,9534696,9556950,9597541,9597900,9711053,9772401,9880811,9881168,9920129,9941763,9971588,10048831,10103249,10120515,10120874,10261911,10262270,10439241,11230718,11231080,12093312,12093660,12187890,12188970,12189330,12493999,12833097,13056719,13057079,13113223,13113583,13113943,13195036,14914997,15597864,5490222,5490948,5502799,5712272,5979626,6207182,6351227,8531034,8577617,8750586,8750946,8751306,8751666,8752026,8752386,8827650,8909063,9005816,9137761,9138123,9138484,9138845,9203997,9204356,9296854,9313760,9534696,9556950,9597541,9597900,9711053,9772401,9880811,9881168,9920129,9941763,9971588,10048831,10103249,10120515,10120874,10261911,10262270,10439241,11230718,11231080,12093312,12093660,12187890,12188970,12189330,12493999,12833097,13056719,13057079,13113223,13113583,13113943,13195036,14914997,15597864,5490222,5490948,5502799,5712272,5979626,6207182,6351227,8531034,8577617,8750586,8750946,8751306,8751666,8752026,8752386,8827650,8909063,9005816,9137761,9138123,9138484,9138845,9203997,9204356,9296854,9313760,9534696,9556950,9597541,9597900,9711053,9772401,9880811,9881168,9920129,9941763,9971588,10048831,10103249,10120515,10120874,10261911,10262270,10439241,11230718,11231080,12093312,12093660,12187890,12188970,12189330,12493999,12833097,13056719,13057079,13113223,13113583,13113943,13195036,14914997,15597864
X	attttttgcaaattttgatgatgttacccc	5490211,5490937,5502788,5503148,5712622,6206812,6207171,6418287,6419611,6477697,6479021,8577606,8578297,8750575,8750935,8752015,8752375,8827639,9005805,9036961,9137750,9138112,9138473,9138834,9203986,9204345,9296843,9297203,9534685,9556939,9597530,9597889,9711042,9772390,9881157,9920118,9941752,9971577,9984030,10048820,10049181,10103238,10120504,10120863,10156187,10261900,10262259,10262618,11023291,11362723,11532322,11780487,11781552,12093301,12189319,13056708,13057068,13242016,13423515,13530358,13900804,13901154,15597853,17348106,5490211,5490937,5502788,5503148,5712622,6206812,6207171,6418287,6419611,6477697,6479021,8577606,8578297,8750575,8750935,8752015,8752375,8827639,9005805,9036961,9137750,9138112,9138473,9138834,9203986,9204345,9296843,9297203,9534685,9556939,9597530,9597889,9711042,9772390,9881157,9920118,9941752,9971577,9984030,10048820,10049181,10103238,10120504,10120863,10156187,10261900,10262259,10262618,11023291,11362723,11532322,11780487,11781552,12093301,12189319,13056708,13057068,13242016,13423515,13530358,13900804,13901154,15597853,17348106,5490211,5490937,5502788,5503148,5712622,6206812,6207171,6418287,6419611,6477697,6479021,8577606,8578297,8750575,8750935,8752015,8752375,8827639,9005805,9036961,9137750,9138112,9138473,9138834,9203986,9204345,9296843,9297203,9534685,9556939,9597530,9597889,9711042,9772390,9881157,9920118,9941752,9971577,9984030,10048820,10049181,10103238,10120504,10120863,10156187,10261900,10262259,10262618,11023291,11362723,11532322,11780487,11781552,12093301,12189319,13056708,13057068,13242016,13423515,13530358,13900804,13901154,15597853,17348106,5490211,5490937,5502788,5503148,5712622,6206812,6207171,6418287,6419611,6477697,6479021,8577606,8578297,8750575,8750935,8752015,8752375,8827639,9005805,9036961,9137750,9138112,9138473,9138834,9203986,9204345,9296843,9297203,9534685,9556939,9597530,9597889,9711042,9772390,9881157,9920118,9941752,9971577,9984030,10048820,10049181,10103238,10120504,10120863,10156187,10261900,10262259,10262618,11023291,11362723,11532322,11780487,11781552,12093301,12189319,13056708,13057068,13242016,13423515,13530358,13900804,13901154,15597853,17348106
X	caaatatggaatgtcatacctcgttgagtt	8751209,8751929,8827913,10439144,11040568,12093215,12189233,12371094,12371454,12371814,13113486,13195298,13474451,14697514,8751209,8751929,8827913,10439144,11040568,12093215,12189233,12371094,12371454,12371814,13113486,13195298,13474451,14697514
X	caaattttgatgatgttaccccttacaaaa	1812490,5490219,5490945,5502796,5979623,6206820,6207179,6351224,6351586,8531031,8577614,8750583,8750943,8752023,8752383,8827647,8909060,9005813,9137758,9138120,9138481,9138842,9203994,9204353,9296851,9313757,9534693,9556947,9597538,9597897,9711050,9772398,9880808,9881165,9920126,9941760,9971585,9984038,10048828,10049189,10103246,10120512,10120871,10261908,10262267,10262626,10439238,11230715,11231077,12093309,12093657,12187887,12189327,12493996,13056716,13057076,13113220,13113580,13113940,13195033,13423523,14914994,15597861,17348114,1812490,5490219,5490945,5502796,5979623,6206820,6207179,6351224,6351586,8531031,8577614,8750583,8750943,8752023,8752383,8827647,8909060,9005813,9137758,9138120,9138481,9138842,9203994,9204353,9296851,9313757,9534693,9556947,9597538,9597897,9711050,9772398,9880808,9881165,9920126,9941760,9971585,9984038,10048828,10049189,10103246,10120512,10120871,10261908,10262267,10262626,10439238,11230715,11231077,12093309,12093657,12187887,12189327,12493996,13056716,13057076,13113220,13113580,13113940,13195033,13423523,14914994,15597861,17348114,1812490,5490219,5490945,5502796,5979623,6206820,6207179,6351224,6351586,8531031,8577614,8750583,8750943,8752023,8752383,8827647,8909060,9005813,9137758,9138120,9138481,9138842,9203994,9204353,9296851,9313757,9534693,9556947,9597538,9597897,9711050,9772398,9880808,9881165,9920126,9941760,9971585,9984038,10048828,10049189,10103246,10120512,10120871,10261908,10262267,10262626,10439238,11230715,11231077,12093309,12093657,12187887,12189327,12493996,13056716,13057076,13113220,13113580,13113940,13195033,13423523,14914994,15597861,17348114,1812490,5490219,5490945,5502796,5979623,6206820,6207179,6351224,6351586,8531031,8577614,8750583,8750943,8752023,8752383,8827647,8909060,9005813,9137758,9138120,9138481,9138842,9203994,9204353,9296851,9313757,9534693,9556947,9597538,9597897,9711050,9772398,9880808,9881165,9920126,9941760,9971585,9984038,10048828,10049189,10103246,10120512,10120871,10261908,10262267,10262626,10439238,11230715,11231077,12093309,12093657,12187887,12189327,12493996,13056716,13057076,13113220,13113580,13113940,13195033,13423523,14914994,15597861,17348114
X	caaccttggtcctgaacgcttgctgaatat	4732526,7481488,21086848
X	caacgcactgttacccatgcggcaacttaa	1523205,4700503,4731921,4792488,5338822,7480883,7784333,17431461,19472217,21086243,1523205,4700503,4731921,4792488,5338822,7480883,7784333,17431461,19472217,21086243
X	caagaacgcttccttgaggaactccagctg	4732916,5339817,7481878
X	caagacatccgagcaaccttggtcctgaac	4732513,5339414,21086835
X	caaggtatttataagcctgatggtgtctga	4732601,5339502,7481563,21086923
X	caatatggacttgtaaatattgaccttgca	4732449,5339350,7481411,21086771
X	caatcgatttgcattcaaatttgggaattc	8256704,8257065,8256704,8257065
X	caatcgatttgcattcaagtttgggaattc	8021691,8577924,8750893,8751253,8751613,8751973,8827958,12093259,12188557,12371498,12371858,14914944
X	caatgagccaagacatccgagcaaccttgg	4732505,5339406,21086827
X	caatgccgtatacctgcaggccgtagaaca	4732409,5339310,7481371,21086731
X	caatgtgtcttggttacttaagactaacag	1523263,4700561,4731979,4792546,5338880,7480941,7784391,17431519,19472275,21086301,1523263,4700561,4731979,4792546,5338880,7480941,7784391,17431519,19472275,21086301
X	cacacttctcagcgttgatgcgcacattcc	4732694,7481656
X	cacagctgcagttcctagcttccttgctag	4792761,5339095,7481156,19472490,21086516
X	cacattccagttctcagcccattgctggaa	4732716,5339617,7481678,21087038
X	cacattggcacacttctcagcgttgatgcg	4732686,7481648
X	cacccggacagctacctgttcggttggcga	5339553,7481614,21086974
X	caccttgaggtcgcgttcgatgtctcttgt	4732296,5339197,7481258,19472592,21086618
X	cactgttacccatgcggcaacttaatttga	1523210,4700508,4731926,4792493,5338827,7480888,7784338,17431466,19472222,21086248,1523210,4700508,4731926,4792493,5338827,7480888,7784338,17431466,19472222,21086248
X	cacttctcagcgttgatgcgcacattccag	4732696,7481658
X	cagactgacacccggacagctacctgttcg	5339545,7481606,21086966
X	cagcaatgccgtatacctgcaggccgtaga	4732406,5339307,7481368,21086728
X	cagcattgaccacagctgcagttcctagct	4792751,5339085,7481146,19472480,21086506
X	cagcccattgctggaatgcatccaggtatt	4732730,5339631,7481692,21087052
X	cagcgttgatgcgcacattccagttctcag	4732703,7481665
X	cagctacctgttcggttggcgaacgtcaca	4732660,5339561,7481622,21086982
X	cagctgcagttcctagcttccttgctaggc	4792763,5339097,7481158,19472492,21086518
X	caggtattcctgtagaccagaagtggcagc	4732752,5339653,7481714,21087074
X	cagtatcgtcagcgtaggtggctatgagca	4732811,5339712,7481773
X	cagtctcccattcagactgacacccggaca	5339533,7481594,21086954
X	cagttcctagcttccttgctaggctgttgg	4792769,5339103,7481164,19472498,21086524
X	cagttctcagcccattgctggaatgcatcc	4732723,5339624,7481685,21087045
X	catccaggtattcctgtagaccagaagtgg	4732748,5339649,7481710,21087070
X	catccgagcaaccttggtcctgaacgcttg	4732518,5339419,21086840
X	catgcggcaacttaatttgatctgcttaaa	1523220,4700518,4731936,4792503,5338837,7480898,7784348,17431476,19472232,21086258,1523220,4700518,4731936,4792503,5338837,7480898,7784348,17431476,19472232,21086258
X	cattcagactgacacccggacagctacctg	5339541,7481602,21086962
X	cattccagttctcagcccattgctggaatg	4732718,5339619,7481680,21087040
X	cattgaccacagctgcagttcctagcttcc	4792754,5339088,7481149,19472483,21086509
X	cattgctggaatgcatccaggtattcctgt	4732735,5339636,7481697,21087057
X	cattggcacacttctcagcgttgatgcgca	4732688,7481650
X	ccaaatatggaatgtcatacctcgttgagt	8751208,8751928,8827912,10439143,11040567,12093214,12189232,12371093,12371453,12371813,13113485,13195297,13474450,14697513,8751208,8751928,8827912,10439143,11040567,12093214,12189232,12371093,12371453,12371813,13113485,13195297,13474450,14697513
X	ccaagaacgcttccttgaggaactccagct	4732915,5339816,7481877
X	ccaagacatccgagcaaccttggtcctgaa	4732512,5339413,21086834
X	ccaaggtatttataagcctgatggtgtctg	4732600,5339501,7481562,21086922
X	ccaatatggacttgtaaatattgaccttgc	4732448,5339349,7481410,21086770
X	ccaatcgatttgcattcaaatttgggaatt	8256703,8257064,8256703,8257064
X	ccaatcgatttgcattcaagtttgggaatt	8021690,8577923,8750892,8751252,8751612,8751972,8827957,12093258,12188556,12371497,12371857,14914943
X	ccacagctgcagttcctagcttccttgcta	4792760,5339094,7481155,19472489,21086515
X	ccaggtattcctgtagaccagaagtggcag	4732751,5339652,7481713,21087073
X	ccagttctcagcccattgctggaatgcatc	4732722,5339623,7481684,21087044
X	ccatgcggcaacttaatttgatctgcttaa	1523219,4700517,4731935,4792502,5338836,7480897,7784347,17431475,19472231,21086257,1523219,4700517,4731935,4792502,5338836,7480897,7784347,17431475,19472231,21086257
X	ccattcagactgacacccggacagctacct	5339540,7481601,21086961
X	ccattgctggaatgcatccaggtattcctg	4732734,5339635,7481696,21087056
X	cccaaatatggaatgtcatacctcgttgag	8751207,8751927,8827911,10439142,11040566,12093213,12189231,13474449,14697512
X	cccaatcgatttgcattcaaatttgggaat	8256702,8257063,8256702,8257063
X	cccaatcgatttgcattcaagtttgggaat	8021689,14914942
X	cccatgcggcaacttaatttgatctgctta	1523218,4700516,4731934,4792501,5338835,7480896,7784346,17431474,19472230,21086256,1523218,4700516,4731934,4792501,5338835,7480896,7784346,17431474,19472230,21086256
X	cccattcagactgacacccggacagctacc	5339539,7481600,21086960
X	cccattgctggaatgcatccaggtattcct	4732733,5339634,7481695,21087055
X	cccggacagctacctgttcggttggcgaac	5339555,7481616,21086976
X	ccgagcaaccttggtcctgaacgcttgctg	4732521,5339422,21086843
X	ccgagggtcagcattgaccacagctgcagt	4732176,4792743,5339077,7481138,19472472,21086498
X	ccggacagctacctgttcggttggcgaacg	5339556,7481617,21086977
X	ccgtatacctgcaggccgtagaacaggcag	4732414,5339315,7481376,21086736
X	cctaatttgggcaccttgaggtcgcgttcg	4732285,5339186,7481247,19472581,21086607
X	cctatcgagggtaataccaaggtatttata	4732584,5339485,7481546,21086906
X	cctgaacgcttgctgaatatttgtgatgtg	4732536,7481498,21086858
X	cctgatggtgtctgatcagtctcccattca	4732616,5339517,7481578,21086938
X	cctgtagaccagaagtggcagccaggatac	4732760,5339661,7481722,21087082
X	cctgttcggttggcgaacgtcacattggca	4732666,5339567,7481628,21086988
X	ccttgaggtcgcgttcgatgtctcttgttc	4732298,5339199,7481260,19472594,21086620
X	ccttggtcctgaacgcttgctgaatatttg	4732529,7481491,21086851
X	cgaacgtcacattggcacacttctcagcgt	4732679,7481641
X	cgagcaaccttggtcctgaacgcttgctga	4732522,5339423,7481484,21086844
X	cgagggtaataccaaggtatttataagcct	4732589,5339490,7481551,21086911
X	cgagggtcagcattgaccacagctgcagtt	4792744,5339078,7481139,19472473,21086499
X	cgatgtctcttgttctcatataccaaggag	4732313,5339214,7481275,19472609,21086635
X	cgatttgcattcaaatttgggaattctagg	8256708,14915308,8256708,14915308
X	cgatttgcattcaagtttgggaattctagg	8021695,8750537,8750897,8751257,8751617,8751977,8752697,8827962,12093263,12188561,12371502,12371862,14914948
X	cgatttgcatttaagtttgggaattctagg	8495956
X	cgcacattccagttctcagcccattgctgg	4732714,5339615,7481676,21087036
X	cgcactgttacccatgcggcaacttaattt	1523208,4700506,4731924,4792491,5338825,7480886,7784336,17431464,19472220,21086246,1523208,4700506,4731924,4792491,5338825,7480886,7784336,17431464,19472220,21086246
X	cgcgttcgatgtctcttgttctcatatacc	4732307,5339208,7481269,19472603,21086629
X	cgcttgctgaatatttgtgatgtgcctgct	4732542,7481504,21086864
X	cggacagctacctgttcggttggcgaacgt	5339557,7481618,21086978
X	cggcaacttaatttgatctgcttaaattat	1523224,4700522,4731940,4792507,5338841,7480902,7784352,17431480,19472236,21086262,1523224,4700522,4731940,4792507,5338841,7480902,7784352,17431480,19472236,21086262
X	cggttggcgaacgtcacattggcacacttc	4732672,5339573,7481634,21086994
X	cgtatacctgcaggccgtagaacaggcagg	4732415,5339316,7481377,21086737
X	cgtcacattggcacacttctcagcgttgat	4732683,7481645
X	cgtcagcgtaggtggctatgagcacatctt	4732817,5339718,7481779
X	cgttcgatgtctcttgttctcatataccaa	4732309,5339210,7481271,19472605,21086631
X	cgttgatgcgcacattccagttctcagccc	4732706,5339607,7481668,21087028
X	ctaatttgggcaccttgaggtcgcgttcga	4732286,5339187,7481248,19472582,21086608
X	ctacctgttcggttggcgaacgtcacattg	4732663,5339564,7481625,21086985
X	ctagtccgagggtcagcattgaccacagct	4732171,4792738,5339072,7481133,19472467,21086493
X	ctatcgagggtaataccaaggtatttataa	4732585,5339486,7481547,21086907
X	ctcagcccattgctggaatgcatccaggta	4732728,5339629,7481690,21087050
X	ctcagcgttgatgcgcacattccagttctc	4732701,7481663
X	ctcccattcagactgacacccggacagcta	5339537,7481598,21086958
X	ctcctaatttgggcaccttgaggtcgcgtt	4732283,5339184,7481245,19472579,21086605
X	ctctagtccgagggtcagcattgaccacag	4732169,4792736,5339070,7481131,19472465,21086491
X	ctgaacgcttgctgaatatttgtgatgtgc	4732537,7481499,21086859
X	ctgaaggtgagcttcctatcgagggtaata	4732570,5339471,7481532,21086892
X	ctgacacccggacagctacctgttcggttg	5339549,7481610,21086970
X	ctgagtatagggttgggccaagaacgcttc	4732898,5339799,7481860
X	ctgatcagtctcccattcagactgacaccc	5339528,7481589,21086949
X	ctgatggtgtctgatcagtctcccattcag	4732617,5339518,7481579,21086939
X	ctgcagttcctagcttccttgctaggctgt	4792766,5339100,7481161,19472495,21086521
X	ctggaatgcatccaggtattcctgtagacc	4732740,5339641,7481702,21087062
X	ctggagcttgtctcctaatttgggcacctt	4732272,5339173,7481234,19472568,21086594
X	ctgtagaccagaagtggcagccaggatact	4732761,5339662,7481723,21087083
X	ctgttacccatgcggcaacttaatttgatc	1523212,4700510,4731928,4792495,5338829,7480890,7784340,17431468,19472224,21086250,1523212,4700510,4731928,4792495,5338829,7480890,7784340,17431468,19472224,21086250
X	ctgttcggttggcgaacgtcacattggcac	4732667,5339568,7481629,21086989
X	cttaaggtcttcgcctgtaagatccggatc	4732357,5339258,7481319,19472653,21086679
X	cttcctatcgagggtaataccaaggtattt	4732581,5339482,7481543,21086903
X	cttctcagcgttgatgcgcacattccagtt	4732698,7481660
X	cttgaggtcgcgttcgatgtctcttgttct	4732299,5339200,7481261,19472595,21086621
X	cttggtcctgaacgcttgctgaatatttgt	4732530,7481492,21086852
X	cttgtaaatattgaccttgcagccaagcga	4732458,5339359,7481420,21086780
X	cttgtctcctaatttgggcaccttgaggtc	4732278,5339179,7481240,19472574,21086600
X	gaacgcttgctgaatatttgtgatgtgcct	4732539,7481501,21086861
X	gaacgtcacattggcacacttctcagcgtt	4732680,7481642
X	gaaggtgagcttcctatcgagggtaatacc	4732572,5339473,7481534,21086894
X	gaatgcatccaggtattcctgtagaccaga	4732743,5339644,7481705,21087065
X	gacacccggacagctacctgttcggttggc	5339551,7481612,21086972
X	gacagctacctgttcggttggcgaacgtca	4732658,5339559,7481620,21086980
X	gacatccgagcaaccttggtcctgaacgct	4732516,5339417,21086838
X	gaccacagctgcagttcctagcttccttgc	4792758,5339092,7481153,19472487,21086513
X	gactctagtccgagggtcagcattgaccac	4732167,4792734,5339068,7481129,21086489
X	gactgacacccggacagctacctgttcggt	5339547,7481608,21086968
X	gacttgtaaatattgaccttgcagccaagc	4732456,5339357,7481418,21086778
X	gagcaaccttggtcctgaacgcttgctgaa	4732523,5339424,7481485,21086845
X	gagccaagacatccgagcaaccttggtcct	4732509,5339410,21086831
X	gagcttcctatcgagggtaataccaaggta	4732578,5339479,7481540,21086900
X	gagcttgtctcctaatttgggcaccttgag	4732275,5339176,7481237,19472571,21086597
X	gagggtaataccaaggtatttataagcctg	4732590,5339491,7481552,21086912
X	gagggtcagcattgaccacagctgcagttc	4792745,5339079,7481140,19472474,21086500
X	gaggtcgcgttcgatgtctcttgttctcat	4732302,5339203,7481264,19472598,21086624
X	gagtatagggttgggccaagaacgcttcct	4732900,5339801,7481862
X	gatagggatggttagtattggtaataggga	13242103,13242463,13242103,13242463,13242103,13242463
X	gatcaacgcactgttacccatgcggcaact	1523202,4700500,4731918,4792485,5338819,7480880,7784330,17431458,19472214,21086240,1523202,4700500,4731918,4792485,5338819,7480880,7784330,17431458,19472214,21086240
X	gatcagtctcccattcagactgacacccgg	5339530,7481591,21086951
X	gatgatgttaccccttacaaaaaatgcgaa	5490227,5490953,5502804,5712277,6207187,6351232,8577622,8750591,8750951,8751311,8751671,8752031,8752391,8827655,8909068,9005821,9137766,9138128,9138489,9138850,9204002,9204361,9296859,9313765,9534701,9556955,9597546,9597905,9711058,9772406,9920134,10048836,10120879,10261916,10262275,10439246,11230723,11231085,12093317,12187895,12188975,12189335,12833102,13057084,13113948,13195041,5490227,5490953,5502804,5712277,6207187,6351232,8577622,8750591,8750951,8751311,8751671,8752031,8752391,8827655,8909068,9005821,9137766,9138128,9138489,9138850,9204002,9204361,9296859,9313765,9534701,9556955,9597546,9597905,9711058,9772406,9920134,10048836,10120879,10261916,10262275,10439246,11230723,11231085,12093317,12187895,12188975,12189335,12833102,13057084,13113948,13195041,5490227,5490953,5502804,5712277,6207187,6351232,8577622,8750591,8750951,8751311,8751671,8752031,8752391,8827655,8909068,9005821,9137766,9138128,9138489,9138850,9204002,9204361,9296859,9313765,9534701,9556955,9597546,9597905,9711058,9772406,9920134,10048836,10120879,10261916,10262275,10439246,11230723,11231085,12093317,12187895,12188975,12189335,12833102,13057084,13113948,13195041,5490227,5490953,5502804,5712277,6207187,6351232,8577622,8750591,8750951,8751311,8751671,8752031,8752391,8827655,8909068,9005821,9137766,9138128,9138489,9138850,9204002,9204361,9296859,9313765,9534701,9556955,9597546,9597905,9711058,9772406,9920134,10048836,10120879,10261916,10262275,10439246,11230723,11231085,12093317,12187895,12188975,12189335,12833102,13057084,13113948,13195041
X	gatgcgcacattccagttctcagcccattg	4732710,5339611,7481672,21087032
X	gatggtgtctgatcagtctcccattcagac	5339520,7481581,21086941
X	gatggttagtattggtaatagggagcataa	13113665,13242109,13242469,13113665,13242109,13242469,13113665,13242109,13242469
X	gatgtctcttgttctcatataccaaggagc	4732314,5339215,7481276,19472610,21086636
X	gatgttaccccttacaaaaaatgcgaaaat	2769027,2769386,3247031,6207190,8577625,8750594,8750954,8751314,8751674,8752034,8752394,8827658,8909071,9005463,9005824,9137769,9138131,9138492,9138853,9204005,9204364,9296503,9313768,9422805,9534704,9556958,9597549,9597908,9711061,9772409,9919418,9920137,10048839,10120882,10156565,10261919,10262278,10302426,10439249,11040673,11041033,11230726,11231088,12093320,12187898,12188978,12189338,12371199,12371559,12371919,12524836,12833105,13057087,13113951,13195044,13474556,2769027,2769386,3247031,6207190,8577625,8750594,8750954,8751314,8751674,8752034,8752394,8827658,8909071,9005463,9005824,9137769,9138131,9138492,9138853,9204005,9204364,9296503,9313768,9422805,9534704,9556958,9597549,9597908,9711061,9772409,9919418,9920137,10048839,10120882,10156565,10261919,10262278,10302426,10439249,11040673,11041033,11230726,11231088,12093320,12187898,12188978,12189338,12371199,12371559,12371919,12524836,12833105,13057087,13113951,13195044,13474556,2769027,2769386,3247031,6207190,8577625,8750594,8750954,8751314,8751674,8752034,8752394,8827658,8909071,9005463,9005824,9137769,9138131,9138492,9138853,9204005,9204364,9296503,9313768,9422805,9534704,9556958,9597549,9597908,9711061,9772409,9919418,9920137,10048839,10120882,10156565,10261919,10262278,10302426,10439249,11040673,11041033,11230726,11231088,12093320,12187898,12188978,12189338,12371199,12371559,12371919,12524836,12833105,13057087,13113951,13195044,13474556,2769027,2769386,3247031,6207190,8577625,8750594,8750954,8751314,8751674,8752034,8752394,8827658,8909071,9005463,9005824,9137769,9138131,9138492,9138853,9204005,9204364,9296503,9313768,9422805,9534704,9556958,9597549,9597908,9711061,9772409,9919418,9920137,10048839,10120882,10156565,10261919,10262278,10302426,10439249,11040673,11041033,11230726,11231088,12093320,12187898,12188978,12189338,12371199,12371559,12371919,12524836,12833105,13057087,13113951,13195044,13474556,2769027,2769386,3247031,6207190,8577625,8750594,8750954,8751314,8751674,8752034,8752394,8827658,8909071,9005463,9005824,9137769,9138131,9138492,9138853,9204005,9204364,9296503,9313768,9422805,9534704,9556958,9597549,9597908,9711061,9772409,9919418,9920137,10048839,10120882,10156565,10261919,10262278,10302426,10439249,11040673,11041033,11230726,11231088,12093320,12187898,12188978,12189338,12371199,12371559,12371919,12524836,12833105,13057087,13113951,13195044,13474556
X	gatttgcattcaagtttgggaattctagga	8021696,8750538,8750898,8751258,8751618,8751978,8752698,8827963,12093264,12188562,12371503,12371863,14914949
X	gatttgcatttaagtttgggaattctagga	8495957
X	gcaaattttgatgatgttaccccttacaaa	1812489,5490218,5490944,5502795,5979622,6206819,6207178,6351223,6351585,8531030,8577613,8750582,8750942,8752022,8752382,8827646,9005812,9137757,9138119,9138480,9138841,9203993,9204352,9296850,9534692,9556946,9597537,9597896,9711049,9772397,9880807,9881164,9920125,9941759,9971584,9984037,10048827,10049188,10103245,10120511,10120870,10261907,10262266,10262625,10439237,11230714,11231076,12093308,12187886,12189326,13056715,13057075,13113219,13113579,13113939,13195032,13423522,15597860,17348113,1812489,5490218,5490944,5502795,5979622,6206819,6207178,6351223,6351585,8531030,8577613,8750582,8750942,8752022,8752382,8827646,9005812,9137757,9138119,9138480,9138841,9203993,9204352,9296850,9534692,9556946,9597537,9597896,9711049,9772397,9880807,9881164,9920125,9941759,9971584,9984037,10048827,10049188,10103245,10120511,10120870,10261907,10262266,10262625,10439237,11230714,11231076,12093308,12187886,12189326,13056715,13057075,13113219,13113579,13113939,13195032,13423522,15597860,17348113,1812489,5490218,5490944,5502795,5979622,6206819,6207178,6351223,6351585,8531030,8577613,8750582,8750942,8752022,8752382,8827646,9005812,9137757,9138119,9138480,9138841,9203993,9204352,9296850,9534692,9556946,9597537,9597896,9711049,9772397,9880807,9881164,9920125,9941759,9971584,9984037,10048827,10049188,10103245,10120511,10120870,10261907,10262266,10262625,10439237,11230714,11231076,12093308,12187886,12189326,13056715,13057075,13113219,13113579,13113939,13195032,13423522,15597860,17348113,1812489,5490218,5490944,5502795,5979622,6206819,6207178,6351223,6351585,8531030,8577613,8750582,8750942,8752022,8752382,8827646,9005812,9137757,9138119,9138480,9138841,9203993,9204352,9296850,9534692,9556946,9597537,9597896,9711049,9772397,9880807,9881164,9920125,9941759,9971584,9984037,10048827,10049188,10103245,10120511,10120870,10261907,10262266,10262625,10439237,11230714,11231076,12093308,12187886,12189326,13056715,13057075,13113219,13113579,13113939,13195032,13423522,15597860,17348113
X	gcaaccttggtcctgaacgcttgctgaata	4732525,5339426,7481487,21086847
X	gcaatgagccaagacatccgagcaaccttg	4732504,5339405,21086826
X	gcaatgccgtatacctgcaggccgtagaac	4732408,5339309,7481370,21086730
X	gcacacttctcagcgttgatgcgcacattc	4732693,7481655
X	gcacattccagttctcagcccattgctgga	4732715,5339616,7481677,21087037
X	gcaccttgaggtcgcgttcgatgtctcttg	4732295,5339196,7481257,19472591,21086617
X	gcactgttacccatgcggcaacttaatttg	1523209,4700507,4731925,4792492,5338826,7480887,7784337,17431465,19472221,21086247,1523209,4700507,4731925,4792492,5338826,7480887,7784337,17431465,19472221,21086247
X	gcagtatcgtcagcgtaggtggctatgagc	4732810,5339711,7481772
X	gcagttcctagcttccttgctaggctgttg	4792768,5339102,7481163,19472497,21086523
X	gcatccaggtattcctgtagaccagaagtg	4732747,5339648,7481709,21087069
X	gcattgaccacagctgcagttcctagcttc	4792753,5339087,7481148,19472482,21086508
X	gccaagaacgcttccttgaggaactccagc	4732914,5339815,7481876
X	gccaagacatccgagcaaccttggtcctga	4732511,5339412,21086833
X	gccaatatggacttgtaaatattgaccttg	4732447,5339348,7481409,21086769
X	gcccaaatatggaatgtcatacctcgttga	11040565,12093212,13474448
X	gcccattgctggaatgcatccaggtattcc	4732732,5339633,7481694,21087054
X	gccgtatacctgcaggccgtagaacaggca	4732413,5339314,7481375,21086735
X	gcctgatggtgtctgatcagtctcccattc	4732615,5339516,7481577,21086937
X	gcgaacgtcacattggcacacttctcagcg	4732678,7481640
X	gcgcacattccagttctcagcccattgctg	4732713,5339614,7481675,21087035
X	gcggcaacttaatttgatctgcttaaatta	1523223,4700521,4731939,4792506,5338840,7480901,7784351,17431479,19472235,21086261,1523223,4700521,4731939,4792506,5338840,7480901,7784351,17431479,19472235,21086261
X	gcgttcgatgtctcttgttctcatatacca	4732308,5339209,7481270,19472604,21086630
X	gcgttgatgcgcacattccagttctcagcc	4732705,5339606,7481667,21087027
X	gctacctgttcggttggcgaacgtcacatt	4732662,5339563,7481624,21086984
X	gctgaaggtgagcttcctatcgagggtaat	4732569,5339470,7481531,21086891
X	gctgcagttcctagcttccttgctaggctg	4792765,5339099,7481160,19472494,21086520
X	gctggaatgcatccaggtattcctgtagac	4732739,5339640,7481701,21087061
X	gcttcctatcgagggtaataccaaggtatt	4732580,5339481,7481542,21086902
X	gcttgtctcctaatttgggcaccttgaggt	4732277,5339178,7481239,19472573,21086599
X	ggaatgcatccaggtattcctgtagaccag	4732742,5339643,7481704,21087064
X	ggacagctacctgttcggttggcgaacgtc	4732657,5339558,7481619,21086979
X	ggacttgtaaatattgaccttgcagccaag	4732455,5339356,7481417,21086777
X	ggagcttgtctcctaatttgggcaccttga	4732274,5339175,7481236,19472570,21086596
X	ggatggttagtattggtaatagggagcata	13113664,13242108,13242468,13113664,13242108,13242468,13113664,13242108,13242468
X	ggcacacttctcagcgttgatgcgcacatt	4732692,7481654
X	ggcaccttgaggtcgcgttcgatgtctctt	4732294,5339195,7481256,19472590,21086616
X	ggccaagaacgcttccttgaggaactccag	4732913,5339814,7481875
X	ggccaatatggacttgtaaatattgacctt	4732446,5339347,7481408,21086768
X	ggcccaaatatggaatgtcatacctcgttg	11040564,12093211,13474447
X	ggcgaacgtcacattggcacacttctcagc	4732677,7481639
X	gggatggttagtattggtaatagggagcat	13113663,13242107,13242467,13113663,13242107,13242467,13113663,13242107,13242467
X	gggcaccttgaggtcgcgttcgatgtctct	4732293,5339194,7481255,19472589,21086615
X	gggccaagaacgcttccttgaggaactcca	4732912,5339813,7481874
X	gggccaatatggacttgtaaatattgacct	4732445,5339346,7481407,21086767
X	ggggtaacatcatcaaaatttgcaaaaaat	5460544,5521379,5521739,5522099,5522459,5522819,5523179,5523517,5523877,5580410,5580770,5581130,5775743,5846282,6384012,6385336,8318054,8369626,8699529,8699888,8700248,8700608,8700967,8701327,8702047,8702407,8735409,8735769,8840429,8840789,9034054,9235219,9235578,9374529,9396909,9623438,9623747,9624106,9624465,9624824,9625183,9625542,9625901,9726412,9726771,9809938,9810297,9840969,9905100,9956178,10007789,10240064,10292169,10340425,10340784,11413926,11757924,12437794,12438152,12545227,12683180,12794900,12795619,12795979,12796699,12797059,12797419,12797779,12928672,12929033,13127046,13360924,13361284,13362004,13362364,13693335
X	gggtaataccaaggtatttataagcctgat	4732592,5339493,7481554,21086914
X	gggtcagcattgaccacagctgcagttcct	4792747,5339081,7481142,19472476,21086502
X	gggttgggccaagaacgcttccttgaggaa	4732907,5339808,7481869
X	ggtaataccaaggtatttataagcctgatg	4732593,5339494,7481555,21086915
X	ggtattcctgtagaccagaagtggcagcca	4732754,5339655,7481716,21087076
X	ggtatttataagcctgatggtgtctgatca	4732604,5339505,7481566,21086926
X	ggtcagcattgaccacagctgcagttccta	4792748,5339082,7481143,19472477,21086503
X	ggtcctgaacgcttgctgaatatttgtgat	4732533,7481495,21086855
X	ggtcgcgttcgatgtctcttgttctcatat	4732304,5339205,7481266,19472600,21086626
X	ggtcttcgcctgtaagatccggatcttatt	4732362,5339263,7481324,21086684
X	ggtgagcttcctatcgagggtaataccaag	4732575,5339476,7481537,21086897
X	ggtgcaatgagccaagacatccgagcaacc	4732501,5339402,21086823
X	ggtgtctgatcagtctcccattcagactga	5339523,7481584,21086944
X	ggttggcgaacgtcacattggcacacttct	4732673,5339574,7481635,21086995
X	ggttgggccaagaacgcttccttgaggaac	4732908,5339809,7481870
X	gtaaatattgaccttgcagccaagcgacag	4732461,5339362,7481423,21086783
X	gtaaggggtaacatcatcaaaatttgcaaa	5460540,5521375,5521735,5522095,5522455,5522815,5523175,5523513,5523873,5580406,5580766,5581126,5663848,5775739,5846278,8318050,8369622,8699164,8699525,8699884,8700244,8700604,8700963,8701323,8702043,8702403,8735405,8735765,8840425,8840785,9034050,9072573,9235215,9235574,9374525,9396905,9623434,9623743,9624102,9624461,9624820,9625179,9625538,9625897,9726408,9726767,9809934,9810293,9840965,9905096,9956174,10007785,10240060,10292165,10340421,10340780,11413922,11757920,11889685,11890405,12437790,12438148,12545223,12683176,12794896,12795615,12795975,12796695,12797055,12797415,12797775,12928668,12929029,13126679,13127042,13360920,13361280,13362000,13362360,13693331
X	gtaataccaaggtatttataagcctgatgg	4732594,5339495,7481556,21086916
X	gtagaccagaagtggcagccaggatacttt	4732763,5339664,7481725,21087085
X	gtatacctgcaggccgtagaacaggcaggg	4732416,5339317,7481378,21086738
X	gtatagggttgggccaagaacgcttccttg	4732902,5339803,7481864
X	gtatcgtcagcgtaggtggctatgagcaca	4732813,5339714,7481775
X	gtattcctgtagaccagaagtggcagccag	4732755,5339656,7481717,21087077
X	gtatttataagcctgatggtgtctgatcag	4732605,5339506,7481567,21086927
X	gtcacattggcacacttctcagcgttgatg	4732684,7481646
X	gtcagcattgaccacagctgcagttcctag	4792749,5339083,7481144,19472478,21086504
X	gtcagcgtaggtggctatgagcacatcttc	4732818,5339719,7481780
X	gtccgagggtcagcattgaccacagctgca	4732174,4792741,5339075,7481136,19472470,21086496
X	gtcctgaacgcttgctgaatatttgtgatg	4732534,7481496,21086856
X	gtcgcgttcgatgtctcttgttctcatata	4732305,5339206,7481267,19472601,21086627
X	gtctcccattcagactgacacccggacagc	5339535,7481596,21086956
X	gtctcctaatttgggcaccttgaggtcgcg	4732281,5339182,7481243,19472577,21086603
X	gtctgatcagtctcccattcagactgacac	5339526,7481587,21086947
X	gtgagcttcctatcgagggtaataccaagg	4732576,5339477,7481538,21086898
X	gtgatagggatggttagtattggtaatagg	13242101,13242461,13242101,13242461,13242101,13242461
X	gtgcaatgagccaagacatccgagcaacct	4732502,5339403,21086824
X	gtgtctgatcagtctcccattcagactgac	5339524,7481585,21086945
X	gtgtcttggttacttaagactaacagattt	1523267,4700565,4731983,4792550,5338884,7480945,7784395,17431523,19472279,21086305,1523267,4700565,4731983,4792550,5338884,7480945,7784395,17431523,19472279,21086305
X	gttacccatgcggcaacttaatttgatctg	1523214,4700512,4731930,4792497,5338831,7480892,7784342,17431470,19472226,21086252,1523214,4700512,4731930,4792497,5338831,7480892,7784342,17431470,19472226,21086252
X	gttcgatgtctcttgttctcatataccaag	4732310,5339211,7481272,19472606,21086632
X	gttcggttggcgaacgtcacattggcacac	4732669,5339570,7481631,21086991
X	gttctcagcccattgctggaatgcatccag	4732725,5339626,7481687,21087047
X	gttctggagcttgtctcctaatttgggcac	4732269,5339170,7481231,19472565,21086591
X	gttgatgcgcacattccagttctcagccca	4732707,5339608,7481669,21087029
X	gttggcgaacgtcacattggcacacttctc	4732674,5339575,7481636,21086996
X	gttgggccaagaacgcttccttgaggaact	4732909,5339810,7481871
X	taaatattgaccttgcagccaagcgacagt	4732462,5339363,7481424,21086784
X	taagcctgatggtgtctgatcagtctccca	4732612,5339513,7481574,21086934
X	taaggggtaacatcatcaaaatttgcaaaa	5460541,5521376,5521736,5522096,5522456,5522816,5523176,5523514,5523874,5580407,5580767,5581127,5663849,5775740,5846279,6384009,6385333,8318051,8369623,8699165,8699526,8699885,8700245,8700605,8700964,8701324,8702044,8702404,8735406,8735766,8840426,8840786,9034051,9072574,9235216,9235575,9374526,9396906,9623435,9623744,9624103,9624462,9624821,9625180,9625539,9625898,9726409,9726768,9809935,9810294,9840966,9905097,9956175,10007786,10240061,10292166,10340422,10340781,11413923,11757921,11889686,11890406,12437791,12438149,12545224,12683177,12794897,12795616,12795976,12796696,12797056,12797416,12797776,12928669,12929030,13126680,13127043,13360921,13361281,13362001,13362361,13693332
X	taaggtcttcgcctgtaagatccggatctt	4732359,5339260,7481321,19472655,21086681
X	taataccaaggtatttataagcctgatggt	4732595,5339496,7481557,21086917
X	taatccaaatatggaatgtcatacctcgtt	13113481,13195293
X	taatggcccaaatatggaatgtcatacctc	11040560,13474443,14915612,14915957
X	taatttgggcaccttgaggtcgcgttcgat	4732287,5339188,7481249,19472583,21086609
X	tacaatgtgtcttggttacttaagactaac	1523261,4700559,4731977,4792544,5338878,7480939,7784389,17431517,19472273,21086299,1523261,4700559,4731977,4792544,5338878,7480939,7784389,17431517,19472273,21086299
X	tacagatacagatacagatacaaatacaga	5839696,21472046,21472214
X	taccaaggtatttataagcctgatggtgtc	4732598,5339499,7481560,21086920
X	tacccatgcggcaacttaatttgatctgct	1523216,4700514,4731932,4792499,5338833,7480894,7784344,17431472,19472228,21086254,1523216,4700514,4731932,4792499,5338833,7480894,7784344,17431472,19472228,21086254
X	tacctgttcggttggcgaacgtcacattgg	4732664,5339565,7481626,21086986
X	tagggatggttagtattggtaatagggagc	13242105,13242465,13242105,13242465,13242105,13242465
X	tagggttgggccaagaacgcttccttgagg	4732905,5339806,7481867
X	tagtccgagggtcagcattgaccacagctg	4732172,4792739,5339073,7481134,19472468,21086494
X	tataagcctgatggtgtctgatcagtctcc	4732610,5339511,7481572,21086932
X	tatagggttgggccaagaacgcttccttga	4732903,5339804,7481865
X	tatcgagggtaataccaaggtatttataag	4732586,5339487,7481548,21086908
X	tatcgtcagcgtaggtggctatgagcacat	4732814,5339715,7481776
X	tatggaatgtcatacctcgttgagtttgtt	8577524,8751213,8751933,8827917,10439148,11040572,12093219,12189237,12371098,12371458,12371818,13113490,13113850,13474455,14697518,8577524,8751213,8751933,8827917,10439148,11040572,12093219,12189237,12371098,12371458,12371818,13113490,13113850,13474455,14697518
X	tatggacttgtaaatattgaccttgcagcc	4732452,5339353,7481414,21086774
X	tattcctgtagaccagaagtggcagccagg	4732756,5339657,7481718,21087078
X	tattgaccttgcagccaagcgacagtttgt	4732466,5339367,7481428,21086788
X	tatttataagcctgatggtgtctgatcagt	4732606,5339507,7481568,21086928
X	tatttgatcaacgcactgttacccatgcgg	1523197,4700495,4731913,4792480,5338814,7480875,7784325,17431453,19472209,21086235,1523197,4700495,4731913,4792480,5338814,7480875,7784325,17431453,19472209,21086235
X	tcaacgcactgttacccatgcggcaactta	1523204,4700502,4731920,4792487,5338821,7480882,7784332,17431460,19472216,21086242,1523204,4700502,4731920,4792487,5338821,7480882,7784332,17431460,19472216,21086242
X	tcacattggcacacttctcagcgttgatgc	4732685,7481647
X	tcagactgacacccggacagctacctgttc	5339544,7481605,21086965
X	tcagcattgaccacagctgcagttcctagc	4792750,5339084,7481145,19472479,21086505
X	tcagcccattgctggaatgcatccaggtat	4732729,5339630,7481691,21087051
X	tcagcgttgatgcgcacattccagttctca	4732702,7481664
X	tcagtctcccattcagactgacacccggac	5339532,7481593,21086953
X	tccaaatatggaatgtcatacctcgttgag	6418199,13113484,13195296
X	tccaggtattcctgtagaccagaagtggca	4732750,5339651,7481712,21087072
X	tccagttctcagcccattgctggaatgcat	4732721,5339622,7481683,21087043
X	tcccaatcgatttgcattcaaatttgggaa	8256701,8257062,11040969,8256701,8257062,11040969
X	tcccaatcgatttgcattcaagtttgggaa	8021688,14914941
X	tcccattcagactgacacccggacagctac	5339538,7481599,21086959
X	tccgagcaaccttggtcctgaacgcttgct	4732520,5339421,21086842
X	tccgagggtcagcattgaccacagctgcag	4732175,4792742,5339076,7481137,19472471,21086497
X	tcctaatttgggcaccttgaggtcgcgttc	4732284,5339185,7481246,19472580,21086606
X	tcctatcgagggtaataccaaggtatttat	4732583,5339484,7481545,21086905
X	tcctgaacgcttgctgaatatttgtgatgt	4732535,7481497,21086857
X	tcctgtagaccagaagtggcagccaggata	4732759,5339660,7481721,21087081
X	tcgagggtaataccaaggtatttataagcc	4732588,5339489,7481550,21086910
X	tcgatgtctcttgttctcatataccaagga	4732312,5339213,7481274,19472608,21086634
X	tcgatttgcattcaaatttgggaattctag	8256707,8257068,14915307,8256707,8257068,14915307
X	tcgatttgcattcaagtttgggaattctag	8021694,8750536,8750896,8751256,8751616,8751976,8752696,8827961,12093262,12188560,12371501,12371861,14914947
X	tcgatttgcatttaagtttgggaattctag	8495955
X	tcgcgttcgatgtctcttgttctcatatac	4732306,5339207,7481268,19472602,21086628
X	tcggttggcgaacgtcacattggcacactt	4732671,5339572,7481633,21086993
X	tcgtcagcgtaggtggctatgagcacatct	4732816,5339717,7481778
X	tctagtccgagggtcagcattgaccacagc	4732170,4792737,5339071,7481132,19472466,21086492
X	tctcagcccattgctggaatgcatccaggt	4732727,5339628,7481689,21087049
X	tctcagcgttgatgcgcacattccagttct	4732700,7481662
X	tctcccattcagactgacacccggacagct	5339536,7481597,21086957
X	tctcctaatttgggcaccttgaggtcgcgt	4732282,5339183,7481244,19472578,21086604
X	tctgatcagtctcccattcagactgacacc	5339527,7481588,21086948
X	tctggagcttgtctcctaatttgggcacct	4732271,5339172,7481233,19472567,21086593
X	tcttaaggtcttcgcctgtaagatccggat	4732356,5339257,7481318,19472652,21086678
X	tgaacgcttgctgaatatttgtgatgtgcc	4732538,7481500,21086860
X	tgaaggtgagcttcctatcgagggtaatac	4732571,5339472,7481533,21086893
X	tgacacccggacagctacctgttcggttgg	5339550,7481611,21086971
X	tgaccacagctgcagttcctagcttccttg	4792757,5339091,7481152,19472486,21086512
X	tgactctagtccgagggtcagcattgacca	4732166,4792733,5339067,7481128,21086488
X	tgagccaagacatccgagcaaccttggtcc	4732508,5339409,21086830
X	tgagcttcctatcgagggtaataccaaggt	4732577,5339478,7481539,21086899
X	tgaggtcgcgttcgatgtctcttgttctca	4732301,5339202,7481263,19472597,21086623
X	tgagtatagggttgggccaagaacgcttcc	4732899,5339800,7481861
X	tgatagggatggttagtattggtaataggg	13242102,13242462,13242102,13242462,13242102,13242462
X	tgatcaacgcactgttacccatgcggcaac	1523201,4700499,4731917,4792484,5338818,7480879,7784329,17431457,19472213,21086239,1523201,4700499,4731917,4792484,5338818,7480879,7784329,17431457,19472213,21086239
X	tgatcagtctcccattcagactgacacccg	5339529,7481590,21086950
X	tgatgatgttaccccttacaaaaaatgcga	5490226,5490952,5502803,5712276,6207186,6351231,8577621,8750590,8750950,8751310,8751670,8752030,8752390,8827654,8909067,9005820,9137765,9138127,9138488,9138849,9204001,9204360,9296858,9313764,9534700,9556954,9597545,9597904,9711057,9772405,9920133,10048835,10120878,10261915,10262274,10439245,11230722,11231084,12093316,12187894,12188974,12189334,12833101,13057083,13113947,13195040,5490226,5490952,5502803,5712276,6207186,6351231,8577621,8750590,8750950,8751310,8751670,8752030,8752390,8827654,8909067,9005820,9137765,9138127,9138488,9138849,9204001,9204360,9296858,9313764,9534700,9556954,9597545,9597904,9711057,9772405,9920133,10048835,10120878,10261915,10262274,10439245,11230722,11231084,12093316,12187894,12188974,12189334,12833101,13057083,13113947,13195040,5490226,5490952,5502803,5712276,6207186,6351231,8577621,8750590,8750950,8751310,8751670,8752030,8752390,8827654,8909067,9005820,9137765,9138127,9138488,9138849,9204001,9204360,9296858,9313764,9534700,9556954,9597545,9597904,9711057,9772405,9920133,10048835,10120878,10261915,10262274,10439245,11230722,11231084,12093316,12187894,12188974,12189334,12833101,13057083,13113947,13195040,5490226,5490952,5502803,5712276,6207186,6351231,8577621,8750590,8750950,8751310,8751670,8752030,8752390,8827654,8909067,9005820,9137765,9138127,9138488,9138849,9204001,9204360,9296858,9313764,9534700,9556954,9597545,9597904,9711057,9772405,9920133,10048835,10120878,10261915,10262274,10439245,11230722,11231084,12093316,12187894,12188974,12189334,12833101,13057083,13113947,13195040
X	tgatgcgcacattccagttctcagcccatt	4732709,5339610,7481671,21087031
X	tgatggtgtctgatcagtctcccattcaga	5339519,7481580,21086940
X	tgatgttaccccttacaaaaaatgcgaaaa	2769026,2769385,5490229,5490955,5502806,5712279,6207189,6351234,8577624,8750593,8750953,8751313,8751673,8752033,8752393,8827657,8909070,9005462,9005823,9137768,9138130,9138491,9138852,9204004,9204363,9313767,9534703,9556957,9597548,9597907,9711060,9772408,9920136,10048838,10120881,10261918,10262277,10302425,10439248,11040672,11041032,11230725,11231087,12093319,12187897,12188977,12189337,12371198,12371558,12371918,12524835,12833104,13057086,13113950,13195043,13474555,2769026,2769385,5490229,5490955,5502806,5712279,6207189,6351234,8577624,8750593,8750953,8751313,8751673,8752033,8752393,8827657,8909070,9005462,9005823,9137768,9138130,9138491,9138852,9204004,9204363,9313767,9534703,9556957,9597548,9597907,9711060,9772408,9920136,10048838,10120881,10261918,10262277,10302425,10439248,11040672,11041032,11230725,11231087,12093319,12187897,12188977,12189337,12371198,12371558,12371918,12524835,12833104,13057086,13113950,13195043,13474555,2769026,2769385,5490229,5490955,5502806,5712279,6207189,6351234,8577624,8750593,8750953,8751313,8751673,8752033,8752393,8827657,8909070,9005462,9005823,9137768,9138130,9138491,9138852,9204004,9204363,9313767,9534703,9556957,9597548,9597907,9711060,9772408,9920136,10048838,10120881,10261918,10262277,10302425,10439248,11040672,11041032,11230725,11231087,12093319,12187897,12188977,12189337,12371198,12371558,12371918,12524835,12833104,13057086,13113950,13195043,13474555,2769026,2769385,5490229,5490955,5502806,5712279,6207189,6351234,8577624,8750593,8750953,8751313,8751673,8752033,8752393,8827657,8909070,9005462,9005823,9137768,9138130,9138491,9138852,9204004,9204363,9313767,9534703,9556957,9597548,9597907,9711060,9772408,9920136,10048838,10120881,10261918,10262277,10302425,10439248,11040672,11041032,11230725,11231087,12093319,12187897,12188977,12189337,12371198,12371558,12371918,12524835,12833104,13057086,13113950,13195043,13474555,2769026,2769385,5490229,5490955,5502806,5712279,6207189,6351234,8577624,8750593,8750953,8751313,8751673,8752033,8752393,8827657,8909070,9005462,9005823,9137768,9138130,9138491,9138852,9204004,9204363,9313767,9534703,9556957,9597548,9597907,9711060,9772408,9920136,10048838,10120881,10261918,10262277,10302425,10439248,11040672,11041032,11230725,11231087,12093319,12187897,12188977,12189337,12371198,12371558,12371918,12524835,12833104,13057086,13113950,13195043,13474555
X	tgcaaattttgatgatgttaccccttacaa	5490217,5490943,5502794,6206818,6207177,6351584,8577612,8750581,8750941,8752021,8752381,8827645,9005811,9137756,9138118,9138479,9138840,9203992,9204351,9296849,9534691,9556945,9597536,9597895,9711048,9772396,9880806,9881163,9920124,9941758,9971583,9984036,10048826,10049187,10103244,10120510,10120869,10261906,10262265,10262624,12093307,12189325,13056714,13057074,13423521,15597859,17348112,5490217,5490943,5502794,6206818,6207177,6351584,8577612,8750581,8750941,8752021,8752381,8827645,9005811,9137756,9138118,9138479,9138840,9203992,9204351,9296849,9534691,9556945,9597536,9597895,9711048,9772396,9880806,9881163,9920124,9941758,9971583,9984036,10048826,10049187,10103244,10120510,10120869,10261906,10262265,10262624,12093307,12189325,13056714,13057074,13423521,15597859,17348112,5490217,5490943,5502794,6206818,6207177,6351584,8577612,8750581,8750941,8752021,8752381,8827645,9005811,9137756,9138118,9138479,9138840,9203992,9204351,9296849,9534691,9556945,9597536,9597895,9711048,9772396,9880806,9881163,9920124,9941758,9971583,9984036,10048826,10049187,10103244,10120510,10120869,10261906,10262265,10262624,12093307,12189325,13056714,13057074,13423521,15597859,17348112,5490217,5490943,5502794,6206818,6207177,6351584,8577612,8750581,8750941,8752021,8752381,8827645,9005811,9137756,9138118,9138479,9138840,9203992,9204351,9296849,9534691,9556945,9597536,9597895,9711048,9772396,9880806,9881163,9920124,9941758,9971583,9984036,10048826,10049187,10103244,10120510,10120869,10261906,10262265,10262624,12093307,12189325,13056714,13057074,13423521,15597859,17348112
X	tgcaatgagccaagacatccgagcaacctt	4732503,5339404,21086825
X	tgcagttcctagcttccttgctaggctgtt	4792767,5339101,7481162,19472496,21086522
X	tgcatccaggtattcctgtagaccagaagt	4732746,5339647,7481708,21087068
X	tgccgtatacctgcaggccgtagaacaggc	4732412,5339313,7481374,21086734
X	tgcgcacattccagttctcagcccattgct	4732712,5339613,7481674,21087034
X	tgcggcaacttaatttgatctgcttaaatt	1523222,4700520,4731938,4792505,5338839,7480900,7784350,17431478,19472234,21086260,1523222,4700520,4731938,4792505,5338839,7480900,7784350,17431478,19472234,21086260
X	tgctgaaggtgagcttcctatcgagggtaa	4732568,5339469,7481530,21086890
X	tgctggaatgcatccaggtattcctgtaga	4732738,5339639,7481700,21087060
X	tggaatgcatccaggtattcctgtagacca	4732741,5339642,7481703,21087063
X	tggacttgtaaatattgaccttgcagccaa	4732454,5339355,7481416,21086776
X	tggagcttgtctcctaatttgggcaccttg	4732273,5339174,7481235,19472569,21086595
X	tggcacacttctcagcgttgatgcgcacat	4732691,7481653
X	tggcccaaatatggaatgtcatacctcgtt	11040563,12093210,13474446
X	tggcgaacgtcacattggcacacttctcag	4732676,7481638
X	tgggcaccttgaggtcgcgttcgatgtctc	4732292,5339193,7481254,19472588,21086614
X	tgggccaagaacgcttccttgaggaactcc	4732911,5339812,7481873
X	tggtcctgaacgcttgctgaatatttgtga	4732532,7481494,21086854
X	tggtgcaatgagccaagacatccgagcaac	4732500,5339401,21086822
X	tggtgtctgatcagtctcccattcagactg	5339522,7481583,21086943
X	tgtaaatattgaccttgcagccaagcgaca	4732460,5339361,7481422,21086782
X	tgtaaggggtaacatcatcaaaatttgcaa	5460539,5523174,5523512,5580405,5580765,5581125,8318049,8369621,8699163,8699524,8699883,8700243,8700603,8700962,8701322,8702042,8702402,8735404,8735764,8840424,8840784,9034049,9072572,9235214,9235573,9374524,9396904,9623433,9623742,9624101,9624460,9624819,9625178,9625537,9625896,9726407,9726766,9809933,9810292,9840964,9905095,9956173,10007784,10240059,10292164,10340420,10340779,11889684,11890404,12437789,12438147,12545222,12683175,12794895,12795614,12795974,12796694,12797054,12797414,12797774,12928667,12929028,13126678,13127041,13360919,13361279,13361999,13362359,13693330
X	tgtagaccagaagtggcagccaggatactt	4732762,5339663,7481724,21087084
X	tgtctcctaatttgggcaccttgaggtcgc	4732280,5339181,7481242,19472576,21086602
X	tgtctcttgttctcatataccaaggagccc	4732316,5339217,7481278,19472612,21086638
X	tgtctgatcagtctcccattcagactgaca	5339525,7481586,21086946
X	tgtgtcttggttacttaagactaacagatt	1523266,4700564,4731982,4792549,5338883,7480944,7784394,17431522,19472278,21086304,1523266,4700564,4731982,4792549,5338883,7480944,7784394,17431522,19472278,21086304
X	tgttacccatgcggcaacttaatttgatct	1523213,4700511,4731929,4792496,5338830,7480891,7784341,17431469,19472225,21086251,1523213,4700511,4731929,4792496,5338830,7480891,7784341,17431469,19472225,21086251
X	tgttcggttggcgaacgtcacattggcaca	4732668,5339569,7481630,21086990
X	tgttctggagcttgtctcctaatttgggca	4732268,5339169,7481230,19472564,21086590
X	ttaaggtcttcgcctgtaagatccggatct	4732358,5339259,7481320,19472654,21086680
X	ttacaatgtgtcttggttacttaagactaa	1523260,4700558,4731976,4792543,5338877,7480938,7784388,17431516,19472272,21086298,1523260,4700558,4731976,4792543,5338877,7480938,7784388,17431516,19472272,21086298
X	ttacccatgcggcaacttaatttgatctgc	1523215,4700513,4731931,4792498,5338832,7480893,7784343,17431471,19472227,21086253,1523215,4700513,4731931,4792498,5338832,7480893,7784343,17431471,19472227,21086253
X	ttataagcctgatggtgtctgatcagtctc	4732609,5339510,7481571,21086931
X	ttatttgatcaacgcactgttacccatgcg	1523196,4700494,4731912,4792479,5338813,7480874,7784324,17431452,19472208,21086234,1523196,4700494,4731912,4792479,5338813,7480874,7784324,17431452,19472208,21086234
X	ttcagactgacacccggacagctacctgtt	5339543,7481604,21086964
X	ttccagttctcagcccattgctggaatgca	4732720,5339621,7481682,21087042
X	ttcctatcgagggtaataccaaggtattta	4732582,5339483,7481544,21086904
X	ttcctgtagaccagaagtggcagccaggat	4732758,5339659,7481720,21087080
X	ttcgatgtctcttgttctcatataccaagg	4732311,5339212,7481273,19472607,21086633
X	ttcggttggcgaacgtcacattggcacact	4732670,5339571,7481632,21086992
X	ttctcagcccattgctggaatgcatccagg	4732726,5339627,7481688,21087048
X	ttctcagcgttgatgcgcacattccagttc	4732699,7481661
X	ttctggagcttgtctcctaatttgggcacc	4732270,5339171,7481232,19472566,21086592
X	ttcttaaggtcttcgcctgtaagatccgga	4732355,5339256,7481317,19472651,21086677
X	ttgaccacagctgcagttcctagcttcctt	4792756,5339090,7481151,19472485,21086511
X	ttgactctagtccgagggtcagcattgacc	4732165,5339066,7481127,21086487
X	ttgaggtcgcgttcgatgtctcttgttctc	4732300,5339201,7481262,19472596,21086622
X	ttgatcaacgcactgttacccatgcggcaa	1523200,4700498,4731916,4792483,5338817,7480878,7784328,17431456,19472212,21086238,1523200,4700498,4731916,4792483,5338817,7480878,7784328,17431456,19472212,21086238
X	ttgatgatgttaccccttacaaaaaatgcg	5490225,5490951,5502802,5712275,6207185,6351230,8577620,8750589,8750949,8751309,8751669,8752029,8752389,8827653,8909066,9005819,9137764,9138126,9138487,9138848,9204000,9204359,9296857,9313763,9534699,9556953,9597544,9597903,9711056,9772404,9920132,10048834,10120877,10261914,10262273,10439244,11230721,11231083,12093315,12187893,12188973,12189333,12833100,13057082,13113946,13195039,5490225,5490951,5502802,5712275,6207185,6351230,8577620,8750589,8750949,8751309,8751669,8752029,8752389,8827653,8909066,9005819,9137764,9138126,9138487,9138848,9204000,9204359,9296857,9313763,9534699,9556953,9597544,9597903,9711056,9772404,9920132,10048834,10120877,10261914,10262273,10439244,11230721,11231083,12093315,12187893,12188973,12189333,12833100,13057082,13113946,13195039,5490225,5490951,5502802,5712275,6207185,6351230,8577620,8750589,8750949,8751309,8751669,8752029,8752389,8827653,8909066,9005819,9137764,9138126,9138487,9138848,9204000,9204359,9296857,9313763,9534699,9556953,9597544,9597903,9711056,9772404,9920132,10048834,10120877,10261914,10262273,10439244,11230721,11231083,12093315,12187893,12188973,12189333,12833100,13057082,13113946,13195039,5490225,5490951,5502802,5712275,6207185,6351230,8577620,8750589,8750949,8751309,8751669,8752029,8752389,8827653,8909066,9005819,9137764,9138126,9138487,9138848,9204000,9204359,9296857,9313763,9534699,9556953,9597544,9597903,9711056,9772404,9920132,10048834,10120877,10261914,10262273,10439244,11230721,11231083,12093315,12187893,12188973,12189333,12833100,13057082,13113946,13195039
X	ttgatgcgcacattccagttctcagcccat	4732708,5339609,7481670,21087030
X	ttgcaaattttgatgatgttaccccttaca	5490216,5490942,5502793,6206817,6207176,6351583,8577611,8578302,8750580,8750940,8752020,8752380,8827644,9005810,9137755,9138117,9138478,9138839,9203991,9204350,9296848,9297208,9534690,9556944,9597535,9597894,9711047,9772395,9881162,9920123,9941757,9971582,9984035,10048825,10049186,10103243,10120509,10120868,10261905,10262264,10262623,12093306,12189324,13056713,13057073,13423520,15597858,17348111,5490216,5490942,5502793,6206817,6207176,6351583,8577611,8578302,8750580,8750940,8752020,8752380,8827644,9005810,9137755,9138117,9138478,9138839,9203991,9204350,9296848,9297208,9534690,9556944,9597535,9597894,9711047,9772395,9881162,9920123,9941757,9971582,9984035,10048825,10049186,10103243,10120509,10120868,10261905,10262264,10262623,12093306,12189324,13056713,13057073,13423520,15597858,17348111,5490216,5490942,5502793,6206817,6207176,6351583,8577611,8578302,8750580,8750940,8752020,8752380,8827644,9005810,9137755,9138117,9138478,9138839,9203991,9204350,9296848,9297208,9534690,9556944,9597535,9597894,9711047,9772395,9881162,9920123,9941757,9971582,9984035,10048825,10049186,10103243,10120509,10120868,10261905,10262264,10262623,12093306,12189324,13056713,13057073,13423520,15597858,17348111,5490216,5490942,5502793,6206817,6207176,6351583,8577611,8578302,8750580,8750940,8752020,8752380,8827644,9005810,9137755,9138117,9138478,9138839,9203991,9204350,9296848,9297208,9534690,9556944,9597535,9597894,9711047,9772395,9881162,9920123,9941757,9971582,9984035,10048825,10049186,10103243,10120509,10120868,10261905,10262264,10262623,12093306,12189324,13056713,13057073,13423520,15597858,17348111
X	ttgcattcaagtttgggaattctaggattt	8750541,8750901,8751261,8751621,8751981,8752701,8827966,12093267,12188565,12371506,12371866,14914952
X	ttgcatttaagtttgggaattctaggattt	8495960
X	ttgctggaatgcatccaggtattcctgtag	4732737,5339638,7481699,21087059
X	ttggcacacttctcagcgttgatgcgcaca	4732690,7481652
X	ttggcgaacgtcacattggcacacttctca	4732675,7481637
X	ttgggcaccttgaggtcgcgttcgatgtct	4732291,5339192,7481253,19472587,21086613
X	ttgggccaagaacgcttccttgaggaactc	4732910,5339811,7481872
X	ttggtcctgaacgcttgctgaatatttgtg	4732531,7481493,21086853
X	ttgtaaatattgaccttgcagccaagcgac	4732459,5339360,7481421,21086781
X	ttgtaaggggtaacatcatcaaaatttgca	5460538,5523173,5523511,5580404,5580764,5581124,8318048,8369620,8699523,8699882,8700242,8700602,8700961,8701321,8702041,8735403,8735763,8840423,8840783,9034048,9072571,9235213,9235572,9374523,9396903,9623432,9623741,9624100,9624459,9624818,9625177,9625536,9625895,9726406,9726765,9809932,9810291,9840963,9905094,9956172,10007783,10240058,10292163,10340419,10340778,11889683,11890403,12124550,12437788,12438146,12545221,12683174,12794894,12795613,12795973,12796693,12797053,12797413,12797773,12928666,12929027,13126677,13127040,13360918,13361278,13361998,13362358
X	ttgtctcctaatttgggcaccttgaggtcg	4732279,5339180,7481241,19472575,21086601
X	tttacaatgtgtcttggttacttaagacta	1523259,4700557,4731975,4792542,5338876,7480937,7784387,17431515,19472271,21086297,1523259,4700557,4731975,4792542,5338876,7480937,7784387,17431515,19472271,21086297
X	tttataagcctgatggtgtctgatcagtct	4732608,5339509,7481570,21086930
X	tttgactctagtccgagggtcagcattgac	4732164,5339065,7481126,21086486
X	tttgatcaacgcactgttacccatgcggca	1523199,4700497,4731915,4792482,5338816,7480877,7784327,17431455,19472211,21086237,1523199,4700497,4731915,4792482,5338816,7480877,7784327,17431455,19472211,21086237
X	tttgatgatgttaccccttacaaaaaatgc	5490224,5490950,5502801,5712274,5979628,6207184,6351229,8577619,8750588,8750948,8751308,8751668,8752028,8752388,8827652,8909065,9005818,9137763,9138125,9138486,9138847,9203999,9204358,9296856,9313762,9534698,9556952,9597543,9597902,9711055,9772403,9881170,9920131,9941765,10048833,10103251,10120517,10120876,10261913,10262272,10439243,11230720,11231082,12093314,12187892,12188972,12189332,12833099,13057081,13113225,13113585,13113945,13195038,5490224,5490950,5502801,5712274,5979628,6207184,6351229,8577619,8750588,8750948,8751308,8751668,8752028,8752388,8827652,8909065,9005818,9137763,9138125,9138486,9138847,9203999,9204358,9296856,9313762,9534698,9556952,9597543,9597902,9711055,9772403,9881170,9920131,9941765,10048833,10103251,10120517,10120876,10261913,10262272,10439243,11230720,11231082,12093314,12187892,12188972,12189332,12833099,13057081,13113225,13113585,13113945,13195038,5490224,5490950,5502801,5712274,5979628,6207184,6351229,8577619,8750588,8750948,8751308,8751668,8752028,8752388,8827652,8909065,9005818,9137763,9138125,9138486,9138847,9203999,9204358,9296856,9313762,9534698,9556952,9597543,9597902,9711055,9772403,9881170,9920131,9941765,10048833,10103251,10120517,10120876,10261913,10262272,10439243,11230720,11231082,12093314,12187892,12188972,12189332,12833099,13057081,13113225,13113585,13113945,13195038,5490224,5490950,5502801,5712274,5979628,6207184,6351229,8577619,8750588,8750948,8751308,8751668,8752028,8752388,8827652,8909065,9005818,9137763,9138125,9138486,9138847,9203999,9204358,9296856,9313762,9534698,9556952,9597543,9597902,9711055,9772403,9881170,9920131,9941765,10048833,10103251,10120517,10120876,10261913,10262272,10439243,11230720,11231082,12093314,12187892,12188972,12189332,12833099,13057081,13113225,13113585,13113945,13195038
X	tttgcaaattttgatgatgttaccccttac	5490215,5490582,5490941,5502792,5712626,6206816,6207175,6351582,8577610,8578301,8750579,8750939,8752019,8752379,8827643,8851241,9005809,9036965,9137754,9138116,9138477,9138838,9203990,9204349,9296847,9297207,9534689,9556943,9597534,9597893,9711046,9772394,9881161,9920122,9941756,9971581,9984034,10048824,10049185,10103242,10120508,10120867,10261904,10262263,10262622,11023295,11532326,11780491,11781556,12093305,12189323,13056712,13057072,13423519,13530362,15597857,17348110,5490215,5490582,5490941,5502792,5712626,6206816,6207175,6351582,8577610,8578301,8750579,8750939,8752019,8752379,8827643,8851241,9005809,9036965,9137754,9138116,9138477,9138838,9203990,9204349,9296847,9297207,9534689,9556943,9597534,9597893,9711046,9772394,9881161,9920122,9941756,9971581,9984034,10048824,10049185,10103242,10120508,10120867,10261904,10262263,10262622,11023295,11532326,11780491,11781556,12093305,12189323,13056712,13057072,13423519,13530362,15597857,17348110,5490215,5490582,5490941,5502792,5712626,6206816,6207175,6351582,8577610,8578301,8750579,8750939,8752019,8752379,8827643,8851241,9005809,9036965,9137754,9138116,9138477,9138838,9203990,9204349,9296847,9297207,9534689,9556943,9597534,9597893,9711046,9772394,9881161,9920122,9941756,9971581,9984034,10048824,10049185,10103242,10120508,10120867,10261904,10262263,10262622,11023295,11532326,11780491,11781556,12093305,12189323,13056712,13057072,13423519,13530362,15597857,17348110,5490215,5490582,5490941,5502792,5712626,6206816,6207175,6351582,8577610,8578301,8750579,8750939,8752019,8752379,8827643,8851241,9005809,9036965,9137754,9138116,9138477,9138838,9203990,9204349,9296847,9297207,9534689,9556943,9597534,9597893,9711046,9772394,9881161,9920122,9941756,9971581,9984034,10048824,10049185,10103242,10120508,10120867,10261904,10262263,10262622,11023295,11532326,11780491,11781556,12093305,12189323,13056712,13057072,13423519,13530362,15597857,17348110
X	tttgcattcaagtttgggaattctaggatt	8021698,8750540,8750900,8751260,8751620,8751980,8752700,8827965,12093266,12188564,12371505,12371865,14914951
X	tttgcatttaagtttgggaattctaggatt	8495959
X	tttgggcaccttgaggtcgcgttcgatgtc	4732290,5339191,7481252,19472586,21086612
X	tttgtaaggggtaacatcatcaaaatttgc	5460537,5523172,5523510,5580403,5580763,5581123,8318047,8369619,8699522,8699881,8700241,8700601,8700960,8701320,8702040,8735402,8735762,8840422,8840782,9034047,9072570,9235212,9374522,9396902,9623431,9623740,9624099,9624458,9624817,9625176,9625535,9625894,9726405,9726764,9809931,9810290,9840962,9905093,9956171,10007782,10240057,10292162,10340418,10340777,10489138,10919580,11889682,11890402,12124549,12437787,12438145,12545220,12683173,12794893,12795612,12795972,12796692,12797052,12797412,12797772,12928665,12929026,13126676,13127039,13360917,13361277,13361997,13362357
X	ttttgatgatgttaccccttacaaaaaatg	5490223,5490949,5502800,5712273,5979627,6207183,6351228,8531035,8577618,8750587,8750947,8751307,8751667,8752027,8752387,8827651,8909064,9005817,9137762,9138124,9138485,9138846,9203998,9204357,9296855,9313761,9534697,9556951,9597542,9597901,9711054,9772402,9880812,9881169,9920130,9941764,9971589,10048832,10103250,10120516,10120875,10261912,10262271,10439242,11230719,11231081,12093313,12187891,12188971,12189331,12494000,12833098,13057080,13113224,13113584,13113944,13195037,14914998,15597865,5490223,5490949,5502800,5712273,5979627,6207183,6351228,8531035,8577618,8750587,8750947,8751307,8751667,8752027,8752387,8827651,8909064,9005817,9137762,9138124,9138485,9138846,9203998,9204357,9296855,9313761,9534697,9556951,9597542,9597901,9711054,9772402,9880812,9881169,9920130,9941764,9971589,10048832,10103250,10120516,10120875,10261912,10262271,10439242,11230719,11231081,12093313,12187891,12188971,12189331,12494000,12833098,13057080,13113224,13113584,13113944,13195037,14914998,15597865,5490223,5490949,5502800,5712273,5979627,6207183,6351228,8531035,8577618,8750587,8750947,8751307,8751667,8752027,8752387,8827651,8909064,9005817,9137762,9138124,9138485,9138846,9203998,9204357,9296855,9313761,9534697,9556951,9597542,9597901,9711054,9772402,9880812,9881169,9920130,9941764,9971589,10048832,10103250,10120516,10120875,10261912,10262271,10439242,11230719,11231081,12093313,12187891,12188971,12189331,12494000,12833098,13057080,13113224,13113584,13113944,13195037,14914998,15597865,5490223,5490949,5502800,5712273,5979627,6207183,6351228,8531035,8577618,8750587,8750947,8751307,8751667,8752027,8752387,8827651,8909064,9005817,9137762,9138124,9138485,9138846,9203998,9204357,9296855,9313761,9534697,9556951,9597542,9597901,9711054,9772402,9880812,9881169,9920130,9941764,9971589,10048832,10103250,10120516,10120875,10261912,10262271,10439242,11230719,11231081,12093313,12187891,12188971,12189331,12494000,12833098,13057080,13113224,13113584,13113944,13195037,14914998,15597865
X	ttttgcaaattttgatgatgttacccctta	4328788,4382695,5490214,5490581,5490940,5502791,5503151,5712625,6206815,6207174,6351581,6418290,6419614,6477700,6479024,8577609,8578300,8750578,8750938,8752018,8752378,8827642,8851240,9005808,9036964,9137753,9138115,9138476,9138837,9203989,9204348,9296846,9297206,9534688,9556942,9597533,9597892,9711045,9772393,9881160,9920121,9941755,9971580,9984033,10048823,10049184,10103241,10120507,10120866,10156190,10261903,10262262,10262621,11023294,11532325,11780490,11781555,12093304,12189322,13056711,13057071,13242019,13423518,13530361,15597856,17348109,4328788,4382695,5490214,5490581,5490940,5502791,5503151,5712625,6206815,6207174,6351581,6418290,6419614,6477700,6479024,8577609,8578300,8750578,8750938,8752018,8752378,8827642,8851240,9005808,9036964,9137753,9138115,9138476,9138837,9203989,9204348,9296846,9297206,9534688,9556942,9597533,9597892,9711045,9772393,9881160,9920121,9941755,9971580,9984033,10048823,10049184,10103241,10120507,10120866,10156190,10261903,10262262,10262621,11023294,11532325,11780490,11781555,12093304,12189322,13056711,13057071,13242019,13423518,13530361,15597856,17348109,4328788,4382695,5490214,5490581,5490940,5502791,5503151,5712625,6206815,6207174,6351581,6418290,6419614,6477700,6479024,8577609,8578300,8750578,8750938,8752018,8752378,8827642,8851240,9005808,9036964,9137753,9138115,9138476,9138837,9203989,9204348,9296846,9297206,9534688,9556942,9597533,9597892,9711045,9772393,9881160,9920121,9941755,9971580,9984033,10048823,10049184,10103241,10120507,10120866,10156190,10261903,10262262,10262621,11023294,11532325,11780490,11781555,12093304,12189322,13056711,13057071,13242019,13423518,13530361,15597856,17348109,4328788,4382695,5490214,5490581,5490940,5502791,5503151,5712625,6206815,6207174,6351581,6418290,6419614,6477700,6479024,8577609,8578300,8750578,8750938,8752018,8752378,8827642,8851240,9005808,9036964,9137753,9138115,9138476,9138837,9203989,9204348,9296846,9297206,9534688,9556942,9597533,9597892,9711045,9772393,9881160,9920121,9941755,9971580,9984033,10048823,10049184,10103241,10120507,10120866,10156190,10261903,10262262,10262621,11023294,11532325,11780490,11781555,12093304,12189322,13056711,13057071,13242019,13423518,13530361,15597856,17348109
X	ttttgtaaggggtaacatcatcaaaatttg	5460536,5523171,5523509,5580402,5580762,5581122,8318046,8369618,8699521,8699880,8700240,8700600,8700959,8701319,8702039,8735401,8735761,8840421,8840781,9034046,9072569,9235211,9374521,9396901,9623430,9623739,9624098,9624457,9624816,9625175,9625534,9625893,9726404,9726763,9809930,9810289,9840961,9905092,9956170,10007781,10240056,10292161,10340417,10340776,10489137,10919579,11889681,11890401,12124548,12437786,12438144,12545219,12683172,12683518,12794892,12795611,12795971,12796691,12797051,12797411,12797771,12928664,12929025,13126675,13127038,13360916,13361276,13361996,13362356
X	tttttgcaaattttgatgatgttacccctt	4328787,4382694,5490213,5490580,5490939,5502790,5503150,5712624,6206814,6207173,6351580,6418289,6419613,6477699,6479023,8577608,8578299,8750577,8750937,8752017,8752377,8827641,8851239,9005807,9036963,9137752,9138114,9138475,9138836,9203988,9204347,9296845,9297205,9534687,9556941,9597532,9597891,9711044,9772392,9881159,9920120,9941754,9971579,9984032,10048822,10049183,10103240,10120506,10120865,10156189,10261902,10262261,10262620,11023293,11362725,11532324,11780489,11781554,12093303,12189321,13056710,13057070,13242018,13423517,13530360,13900806,13901156,15597855,17348108,4328787,4382694,5490213,5490580,5490939,5502790,5503150,5712624,6206814,6207173,6351580,6418289,6419613,6477699,6479023,8577608,8578299,8750577,8750937,8752017,8752377,8827641,8851239,9005807,9036963,9137752,9138114,9138475,9138836,9203988,9204347,9296845,9297205,9534687,9556941,9597532,9597891,9711044,9772392,9881159,9920120,9941754,9971579,9984032,10048822,10049183,10103240,10120506,10120865,10156189,10261902,10262261,10262620,11023293,11362725,11532324,11780489,11781554,12093303,12189321,13056710,13057070,13242018,13423517,13530360,13900806,13901156,15597855,17348108,4328787,4382694,5490213,5490580,5490939,5502790,5503150,5712624,6206814,6207173,6351580,6418289,6419613,6477699,6479023,8577608,8578299,8750577,8750937,8752017,8752377,8827641,8851239,9005807,9036963,9137752,9138114,9138475,9138836,9203988,9204347,9296845,9297205,9534687,9556941,9597532,9597891,9711044,9772392,9881159,9920120,9941754,9971579,9984032,10048822,10049183,10103240,10120506,10120865,10156189,10261902,10262261,10262620,11023293,11362725,11532324,11780489,11781554,12093303,12189321,13056710,13057070,13242018,13423517,13530360,13900806,13901156,15597855,17348108,4328787,4382694,5490213,5490580,5490939,5502790,5503150,5712624,6206814,6207173,6351580,6418289,6419613,6477699,6479023,8577608,8578299,8750577,8750937,8752017,8752377,8827641,8851239,9005807,9036963,9137752,9138114,9138475,9138836,9203988,9204347,9296845,9297205,9534687,9556941,9597532,9597891,9711044,9772392,9881159,9920120,9941754,9971579,9984032,10048822,10049183,10103240,10120506,10120865,10156189,10261902,10262261,10262620,11023293,11362725,11532324,11780489,11781554,12093303,12189321,13056710,13057070,13242018,13423517,13530360,13900806,13901156,15597855,17348108
X	tttttgtaaggggtaacatcatcaaaattt	5460535,5523170,5523508,5580401,5580761,5581121,8318045,8369617,8699520,8699879,8700239,8700599,8700958,8701318,8702038,8735400,8735760,8840420,8840780,9034045,9072568,9093018,9235210,9374520,9396900,9623429,9623738,9624097,9624456,9624815,9625174,9625533,9625892,9726403,9726762,9727121,9809929,9810288,9840960,9905091,9956169,10007780,10240055,10292160,10340416,10340775,10489136,10919578,11889680,11890400,12124547,12437785,12438143,12545218,12683171,12683517,12794891,12795610,12795970,12796690,12797050,12797410,12797770,12928663,12929024,13126674,13127037,13360915,13361275,13361995,13362355
X	ttttttgcaaattttgatgatgttacccct	5490212,5490938,5502789,5503149,5712623,6206813,6207172,6418288,6419612,6477698,6479022,8577607,8578298,8750576,8750936,8752016,8752376,8827640,8851238,9005806,9036962,9137751,9138113,9138474,9138835,9203987,9204346,9296844,9297204,9534686,9556940,9597531,9597890,9711043,9772391,9881158,9920119,9941753,9971578,9984031,10048821,10049182,10103239,10120505,10120864,10156188,10261901,10262260,10262619,11023292,11362724,11532323,11780488,11781553,12093302,12189320,13056709,13057069,13242017,13423516,13530359,13900805,13901155,15597854,17348107,5490212,5490938,5502789,5503149,5712623,6206813,6207172,6418288,6419612,6477698,6479022,8577607,8578298,8750576,8750936,8752016,8752376,8827640,8851238,9005806,9036962,9137751,9138113,9138474,9138835,9203987,9204346,9296844,9297204,9534686,9556940,9597531,9597890,9711043,9772391,9881158,9920119,9941753,9971578,9984031,10048821,10049182,10103239,10120505,10120864,10156188,10261901,10262260,10262619,11023292,11362724,11532323,11780488,11781553,12093302,12189320,13056709,13057069,13242017,13423516,13530359,13900805,13901155,15597854,17348107,5490212,5490938,5502789,5503149,5712623,6206813,6207172,6418288,6419612,6477698,6479022,8577607,8578298,8750576,8750936,8752016,8752376,8827640,8851238,9005806,9036962,9137751,9138113,9138474,9138835,9203987,9204346,9296844,9297204,9534686,9556940,9597531,9597890,9711043,9772391,9881158,9920119,9941753,9971578,9984031,10048821,10049182,10103239,10120505,10120864,10156188,10261901,10262260,10262619,11023292,11362724,11532323,11780488,11781553,12093302,12189320,13056709,13057069,13242017,13423516,13530359,13900805,13901155,15597854,17348107,5490212,5490938,5502789,5503149,5712623,6206813,6207172,6418288,6419612,6477698,6479022,8577607,8578298,8750576,8750936,8752016,8752376,8827640,8851238,9005806,9036962,9137751,9138113,9138474,9138835,9203987,9204346,9296844,9297204,9534686,9556940,9597531,9597890,9711043,9772391,9881158,9920119,9941753,9971578,9984031,10048821,10049182,10103239,10120505,10120864,10156188,10261901,10262260,10262619,11023292,11362724,11532323,11780488,11781553,12093302,12189320,13056709,13057069,13242017,13423516,13530359,13900805,13901155,15597854,17348107
X	ttttttgtaaggggtaacatcatcaaaatt	5460534,5523169,5523507,5580400,5580760,5581120,8318044,8369616,8699519,8699878,8700238,8700598,8700957,8701317,8702037,8735399,8735759,8840419,8840779,9017398,9034044,9072567,9093017,9235209,9374519,9396899,9623428,9623737,9624096,9624455,9624814,9625173,9625532,9625891,9726402,9726761,9727120,9809928,9810287,9840959,9905090,9956168,10240054,10292159,10340415,10340774,10489135,10919577,11889679,11890399,12124546,12124904,12437784,12438142,12545217,12683170,12683516,12794890,12795609,12795969,12796689,12797049,12797409,12797769,12928662,12929023,13126673,13127036,13360914,13361274,13361994,13362354
