X	aatcccaatcgatttgcattcaagtttggg	8021686,14914939
X	aatcgatttgcattcaagtttgggaattct	8021692,8577925,8750534,8750894,8751254,8751614,8751974,8752694,8827959,12093260,12188558,12371499,12371859,14914945
X	acagatacagatacagatgcagatacagat	3306856,9204873,9204897
X	agatacagatacagatacagatgcagatac	3306852,9204893
X	agatacagatacagatgcagatacagatac	3306858,9204875,9204899
X	atacagatacagatacagatgcagatacag	3306854,9204871,9204895
X	atcccaatcgatttgcattcaagtttggga	8021687,14914940
X	atcgatttgcattcaagtttgggaattcta	8021693,8577926,8750535,8750895,8751255,8751615,8751975,8752695,8827960,12093261,12188559,12371500,12371860,14914946
X	atgcagatacagatacagatacagatgcag	9204889
X	atttgcattcaagtttgggaattctaggat	8021697,8750539,8750899,8751259,8751619,8751979,8752699,8827964,12093265,12188563,12371504,12371864,14914950,8021697,8750539,8750899,8751259,8751619,8751979,8752699,8827964,12093265,12188563,12371504,12371864,14914950
X	attttttgcaaattttgatgatgttacccc	5490211,5490937,5502788,5503148,5712622,6206812,6207171,6418287,6419611,6477697,6479021,8577606,8578297,8750575,8750935,8752015,8752375,8827639,9005805,9036961,9137750,9138112,9138473,9138834,9203986,9204345,9296843,9297203,9534685,9556939,9597530,9597889,9711042,9772390,9881157,9920118,9941752,9971577,9984030,10048820,10049181,10103238,10120504,10120863,10156187,10261900,10262259,10262618,11023291,11362723,11532322,11780487,11781552,12093301,12189319,13056708,13057068,13242016,13423515,13530358,13900804,13901154,15597853,17348106
X	caaatatggattgttatacctcgttgagtt	11558892
X	caatcgatttgcattcaagtttgggaattc	8021691,8577924,8750893,8751253,8751613,8751973,8827958,12093259,12188557,12371498,12371858,14914944
X	cagatacagatacagatacagatgcagata	3306851,9204892
X	cagatacagatacagatgcagatacagata	3306857,9204874,9204898
X	ccaaatatggattgttatacctcgttgagt	11558891
X	ccaatcgatttgcattcaagtttgggaatt	8021690,8577923,8750892,8751252,8751612,8751972,8827957,12093258,12188556,12371497,12371857,14914943
X	cccaatcgatttgcattcaagtttgggaat	8021689,14914942
X	cgatttgcattcaagtttgggaattctagg	8021695,8750537,8750897,8751257,8751617,8751977,8752697,8827962,12093263,12188561,12371502,12371862,14914948
X	gatacagatacagatacagatgcagataca	3306853,9204870,9204894
X	gatacagatacagatgcagatacagataca	3306859,9204876,9204900
X	gatttgcattcaagtttgggaattctagga	8021696,8750538,8750898,8751258,8751618,8751978,8752698,8827963,12093264,12188562,12371503,12371863,14914949
X	gcagatacagatacagatacagatgcagat	9204891
X	tacagatacagatacagatgcagatacaga	3306855,9204872,9204896
X	tcccaatcgatttgcattcaagtttgggaa	8021688,14914941
X	tcgatttgcattcaagtttgggaattctag	8021694,8750536,8750896,8751256,8751616,8751976,8752696,8827961,12093262,12188560,12371501,12371861,14914947
X	tgcagatacagatacagatacagatgcaga	9204890
X	ttgcaaattttgatgatgttaccccttaca	5490216,5490942,5502793,6206817,6207176,6351583,8577611,8578302,8750580,8750940,8752020,8752380,8827644,9005810,9137755,9138117,9138478,9138839,9203991,9204350,9296848,9297208,9534690,9556944,9597535,9597894,9711047,9772395,9881162,9920123,9941757,9971582,9984035,10048825,10049186,10103243,10120509,10120868,10261905,10262264,10262623,12093306,12189324,13056713,13057073,13423520,15597858,17348111
X	ttgcattcaagtttgggaattctaggattt	8750541,8750901,8751261,8751621,8751981,8752701,8827966,12093267,12188565,12371506,12371866,14914952,8750541,8750901,8751261,8751621,8751981,8752701,8827966,12093267,12188565,12371506,12371866,14914952
X	tttgcaaattttgatgatgttaccccttac	5490215,5490582,5490941,5502792,5712626,6206816,6207175,6351582,8577610,8578301,8750579,8750939,8752019,8752379,8827643,8851241,9005809,9036965,9137754,9138116,9138477,9138838,9203990,9204349,9296847,9297207,9534689,9556943,9597534,9597893,9711046,9772394,9881161,9920122,9941756,9971581,9984034,10048824,10049185,10103242,10120508,10120867,10261904,10262263,10262622,11023295,11532326,11780491,11781556,12093305,12189323,13056712,13057072,13423519,13530362,15597857,17348110
X	tttgcattcaagtttgggaattctaggatt	8021698,8750540,8750900,8751260,8751620,8751980,8752700,8827965,12093266,12188564,12371505,12371865,14914951,8021698,8750540,8750900,8751260,8751620,8751980,8752700,8827965,12093266,12188564,12371505,12371865,14914951
X	ttttgcaaattttgatgatgttacccctta	4328788,4382695,5490214,5490581,5490940,5502791,5503151,5712625,6206815,6207174,6351581,6418290,6419614,6477700,6479024,8577609,8578300,8750578,8750938,8752018,8752378,8827642,8851240,9005808,9036964,9137753,9138115,9138476,9138837,9203989,9204348,9296846,9297206,9534688,9556942,9597533,9597892,9711045,9772393,9881160,9920121,9941755,9971580,9984033,10048823,10049184,10103241,10120507,10120866,10156190,10261903,10262262,10262621,11023294,11532325,11780490,11781555,12093304,12189322,13056711,13057071,13242019,13423518,13530361,15597856,17348109
X	tttttgcaaattttgatgatgttacccctt	4328787,4382694,5490213,5490580,5490939,5502790,5503150,5712624,6206814,6207173,6351580,6418289,6419613,6477699,6479023,8577608,8578299,8750577,8750937,8752017,8752377,8827641,8851239,9005807,9036963,9137752,9138114,9138475,9138836,9203988,9204347,9296845,9297205,9534687,9556941,9597532,9597891,9711044,9772392,9881159,9920120,9941754,9971579,9984032,10048822,10049183,10103240,10120506,10120865,10156189,10261902,10262261,10262620,11023293,11362725,11532324,11780489,11781554,12093303,12189321,13056710,13057070,13242018,13423517,13530360,13900806,13901156,15597855,17348108
X	ttttttgcaaattttgatgatgttacccct	5490212,5490938,5502789,5503149,5712623,6206813,6207172,6418288,6419612,6477698,6479022,8577607,8578298,8750576,8750936,8752016,8752376,8827640,8851238,9005806,9036962,9137751,9138113,9138474,9138835,9203987,9204346,9296844,9297204,9534686,9556940,9597531,9597890,9711043,9772391,9881158,9920119,9941753,9971578,9984031,10048821,10049182,10103239,10120505,10120864,10156188,10261901,10262260,10262619,11023292,11362724,11532323,11780488,11781553,12093302,12189320,13056709,13057069,13242017,13423516,13530359,13900805,13901155,15597854,17348107
