X	aaacgcaagcccactcgcatggaagtggag	22143131,22147862,22152915,22157960,22162996,22167728,22172714,22177578,22182566,22192346,22197247,22202256,22212401,22217452,22226646,22231643,22236638,22241645,22246673,22251655
X	aaacgtgtggccaaacagatcgttccactg	9086470
X	aaactcgtggcgtaacaagtgcttacaaag	21974556
X	aaagggagtttcaaggctagtctagtataa	21974291
X	aaagggcaagcaggaaacacgcaaagaatg	22142431,22147156,22152209,22157255,22162296,22167029,22172009,22176879,22181861,22186738,22191644,22201551,22211696,22216747,22225946,22230943,22235938,22240945,22245968,22250954
X	aaattccgcccaagcgtcctaaatttaatt	22142518,22147243,22152296,22157342,22162383,22167116,22172096,22176966,22181948,22186825,22191731,22196634,22201638,22211783,22216834,22226033,22231030,22236025,22241032,22246055,22251041
X	aacaaattccgcccaagcgtcctaaattta	22142515,22147240,22152293,22157339,22162380,22167113,22172093,22176963,22181945,22186822,22191728,22196631,22201635,22211780,22216831,22226030,22231027,22236022,22241029,22246052,22251038
X	aacaagtgcttacaaaggataaatgaaact	21974569
X	aacgcaagcccactcgcatggaagtggagg	22143132,22147863,22152916,22157961,22162997,22167729,22172715,22177579,22182567,22192347,22197248,22202257,22212402,22217453,22226647,22231644,22236639,22241646,22246674,22251656
X	aacgtgtggccaaacagatcgttccactgc	9086471
X	aactcgtggcgtaacaagtgcttacaaagg	21974557
X	aagattcttgtaacgcacgatttctttatt	22147613,22152666,22157711,22167484
X	aagctgtcaagtgagtggaccaagtggcat	9086308
X	aagggagtttcaaggctagtctagtataat	21974292
X	aagggcaagcaggaaacacgcaaagaatgc	22142432,22147157,22152210,22157256,22162297,22167030,22172010,22176880,22181862,22186739,22191645,22201552,22211697,22216748,22225947,22230944,22235939,22240946,22245969,22250955
X	aaggggtaacatcatcaaaatttgcaaaaa	5460542,5521377,5521737,5522097,5522457,5522817,5523177,5523515,5523875,5580408,5580768,5581128,5663850,5775741,5846280,6384010,6385334,8318052,8369624,8699166,8699527,8699886,8700246,8700606,8700965,8701325,8702045,8702405,8735407,8735767,8840427,8840787,9034052,9072575,9235217,9235576,9374527,9396907,9623436,9623745,9624104,9624463,9624822,9625181,9625540,9625899,9726410,9726769,9809936,9810295,9840967,9905098,9956176,10007787,10240062,10292167,10340423,10340782,11413924,11757922,11889687,11890407,12437792,12438150,12545225,12683178,12794898,12795617,12795977,12796697,12797057,12797417,12797777,12928670,12929031,13126681,13127044,13360922,13361282,13362002,13362362,13693333,5460542,5521377,5521737,5522097,5522457,5522817,5523177,5523515,5523875,5580408,5580768,5581128,5663850,5775741,5846280,6384010,6385334,8318052,8369624,8699166,8699527,8699886,8700246,8700606,8700965,8701325,8702045,8702405,8735407,8735767,8840427,8840787,9034052,9072575,9235217,9235576,9374527,9396907,9623436,9623745,9624104,9624463,9624822,9625181,9625540,9625899,9726410,9726769,9809936,9810295,9840967,9905098,9956176,10007787,10240062,10292167,10340423,10340782,11413924,11757922,11889687,11890407,12437792,12438150,12545225,12683178,12794898,12795617,12795977,12796697,12797057,12797417,12797777,12928670,12929031,13126681,13127044,13360922,13361282,13362002,13362362,13693333
X	aagtgcttacaaaggataaatgaaactaca	21974572
X	aatgataaagggcaagcaggaaacacgcaa	22142425,22147150,22152203,22157249,22162290,22167023,22172003,22176873,22181855,22186732,22191638,22201545,22211690,22216741,22225940,22230937,22235932,22240939,22245962,22250948
X	aatgcttgatatggaaagggagtttcaagg	21974277
X	aatggttaagattcttgtaacgcacgattt	22147606,22152659,22157704
X	aattccgcccaagcgtcctaaatttaatta	22142519,22147244,22152297,22157343,22162384,22167117,22172097,22176967,22181949,22186826,22191732,22196635,22201639,22211784,22216835,22226034,22231031,22236026,22241033,22246056,22251042
X	acaaattccgcccaagcgtcctaaatttaa	22142516,22147241,22152294,22157340,22162381,22167114,22172094,22176964,22181946,22186823,22191729,22196632,22201636,22211781,22216832,22226031,22231028,22236023,22241030,22246053,22251039
X	acaagtgcttacaaaggataaatgaaacta	21974570
X	acaatgataaagggcaagcaggaaacacgc	22142423,22147148,22152201,22157247,22162288,22167021,22172001,22176871,22181853,22186730,22191636,22201543,22211688,22216739,22225938,22230935,22235930,22240937,22245960,22250946
X	acacaataaagaacttacaaagcttactag	21974467
X	acccaagcacatgaccttgacccgcctgcg	22143331,22148062,22158160,22163196,22167928,22172914,22177778,22182766,22187643,22192546,22217652,22231843
X	acgagaacgtaaactacaatgaaggaaata	22143083,22147814,22152867,22157912,22162948,22167680,22172666,22177530,22182518,22187395,22192298,22197199,22202208,22212353,22217404,22226598,22231595,22236590,22241597,22246625,22251607
X	acgtgtggccaaacagatcgttccactgct	9086472
X	actcgtggcgtaacaagtgcttacaaagga	21974558
X	agaagctgtcaagtgagtggaccaagtggc	9086306
X	agctgtcaagtgagtggaccaagtggcata	9086309
X	aggacaatgataaagggcaagcaggaaaca	22142420,22147145,22152198,22157244,22167018,22171998,22176868,22181850,22186727,22191633,22211685,22216736,22225935,22230932,22235927,22240934,22245957,22250943
X	agggagtttcaaggctagtctagtataatg	21974293
X	agggcaagcaggaaacacgcaaagaatgct	22142433,22147158,22152211,22157257,22162298,22167031,22172011,22176881,22181863,22186740,22191646,22201553,22211698,22216749,22225948,22230945,22235940,22240947,22245970,22250956
X	aggggtaacatcatcaaaatttgcaaaaaa	5460543,5521378,5521738,5522098,5522458,5522818,5523178,5523516,5523876,5580409,5580769,5581129,5775742,5846281,6384011,6385335,8318053,8369625,8699167,8699528,8699887,8700247,8700607,8700966,8701326,8702046,8702406,8735408,8735768,8840428,8840788,9034053,9072576,9235218,9235577,9374528,9396908,9623437,9623746,9624105,9624464,9624823,9625182,9625541,9625900,9726411,9726770,9809937,9810296,9840968,9905099,9956177,10007788,10240063,10292168,10340424,10340783,11413925,11757923,11889688,11890408,12437793,12438151,12545226,12683179,12794899,12795618,12795978,12796698,12797058,12797418,12797778,12928671,12929032,13126682,13127045,13360923,13361283,13362003,13362363,13693334,5460543,5521378,5521738,5522098,5522458,5522818,5523178,5523516,5523876,5580409,5580769,5581129,5775742,5846281,6384011,6385335,8318053,8369625,8699167,8699528,8699887,8700247,8700607,8700966,8701326,8702046,8702406,8735408,8735768,8840428,8840788,9034053,9072576,9235218,9235577,9374528,9396908,9623437,9623746,9624105,9624464,9624823,9625182,9625541,9625900,9726411,9726770,9809937,9810296,9840968,9905099,9956177,10007788,10240063,10292168,10340424,10340783,11413925,11757923,11889688,11890408,12437793,12438151,12545226,12683179,12794899,12795618,12795978,12796698,12797058,12797418,12797778,12928671,12929032,13126682,13127045,13360923,13361283,13362003,13362363,13693334
X	agtacctgccgcgcttcaagtgggcccgtc	22143634,22148365,22153418,22158463,22163499,22168231,22173217,22178081,22183069,22187946,22192849,22197750,22202759,22212904,22217955,22227149,22232146,22237141,22242148,22247176,22252158
X	agttcgtaattaaatttccaatcaaactgt	6207111
X	ataaagggcaagcaggaaacacgcaaagaa	22142429,22147154,22152207,22157253,22162294,22167027,22172007,22176877,22181859,22186736,22191642,22201549,22211694,22216745,22225944,22230941,22235936,22240943,22245966,22250952
X	atatggaaagggagtttcaaggctagtcta	21974285
X	atcgttgagttcgtaattaaatttccaatc	6207104
X	atgataaagggcaagcaggaaacacgcaaa	22142426,22147151,22152204,22157250,22162291,22167024,22172004,22176874,22181856,22186733,22191639,22201546,22211691,22216742,22225941,22230938,22235933,22240940,22245963,22250949
X	atgcttgatatggaaagggagtttcaaggc	21974278
X	atggaaagggagtttcaaggctagtctagt	21974287
X	atggagtacctgccgcgcttcaagtgggcc	22143630,22148361,22153414,22158459,22163495,22168227,22173213,22178077,22183065,22187942,22192845,22197746,22202755,22212900,22217951,22227145,22232142,22237137,22242144,22247172,22252154
X	atggttaagattcttgtaacgcacgatttc	22147607,22152660,22157705
X	attaattgcaattcagttcaatctaagact	22269911,22275289,22278536,22315081,22355120,22363708
X	attccgcccaagcgtcctaaatttaattag	22142520,22147245,22152298,22157344,22162385,22167118,22172098,22176968,22181950,22186827,22191733,22196636,22201640,22211785,22216836,22226035,22231032,22236027,22241034,22246057,22251043
X	attgattgattgattgattgattgattgat	11938586,11938586
X	atttcctggaaactcgtggcgtaacaagtg	21974547
X	caaattccgcccaagcgtcctaaatttaat	22142517,22147242,22152295,22157341,22162382,22167115,22172095,22176965,22181947,22186824,22191730,22196633,22201637,22211782,22216833,22226032,22231029,22236024,22241031,22246054,22251040
X	caagtgcttacaaaggataaatgaaactac	21974571
X	caatgataaagggcaagcaggaaacacgca	22142424,22147149,22152202,22157248,22162289,22167022,22172002,22176872,22181854,22186731,22191637,22201544,22211689,22216740,22225939,22230936,22235931,22240938,22245961,22250947
X	cacgagaacgtaaactacaatgaaggaaat	22143082,22147813,22152866,22157911,22162947,22167679,22172665,22177529,22182517,22187394,22192297,22197198,22202207,22212352,22217403,22226597,22231594,22236589,22241596,22246624,22251606
X	caggaaccaaacaagagcaagaacaagaac	22021634,22058062,22138608
X	catggagtacctgccgcgcttcaagtgggc	22143629,22148360,22153413,22158458,22163494,22168226,22173212,22178076,22183064,22187941,22192844,22197745,22202754,22212899,22217950,22227144,22232141,22237136,22242143,22247171,22252153
X	catttcctggaaactcgtggcgtaacaagt	21974546
X	ccacgagaacgtaaactacaatgaaggaaa	22143081,22147812,22152865,22157910,22162946,22167678,22172664,22177528,22182516,22187393,22192296,22197197,22202206,22212351,22217402,22226596,22231593,22236588,22241595,22246623,22251605
X	ccaggaaccaaacaagagcaagaacaagaa	22021633,22058061,22138607
X	ccatttcctggaaactcgtggcgtaacaag	21974545
X	cccacgagaacgtaaactacaatgaaggaa	22143080,22147811,22152864,22157909,22162945,22167677,22172663,22177527,22182515,22187392,22192295,22197196,22202205,22212350,22217401,22226595,22231592,22236587,22241594,22246622,22251604
X	cccatttcctggaaactcgtggcgtaacaa	21974544
X	cctcttcgccgagggttgggtggaattcaa	22143506,22148237,22153290,22158335,22163371,22168103,22173089,22177953,22182941,22187818,22192721,22197622,22202631,22212776,22217827,22227021,22232018,22237013,22242020,22247048,22252030
X	cctggaaactcgtggcgtaacaagtgctta	21974551
X	cgaaacgtgtggccaaacagatcgttccac	9086468
X	cgagaacgtaaactacaatgaaggaaataa	22143084,22147815,22152868,22157913,22162949,22167681,22172667,22177531,22182519,22187396,22192299,22197200,22202209,22212354,22217405,22226599,22231596,22236591,22241598,22246626,22251608
X	cgccaggaaccaaacaagagcaagaacaag	22021631,22058059,22138605
X	cgggtacgcgacaaaggtaaatggcgcaca	21975018
X	cggtaatgcttgatatggaaagggagtttc	21974273
X	cgtaacaagtgcttacaaaggataaatgaa	21974566
X	cgtggcgtaacaagtgcttacaaaggataa	21974561
X	cgttgagttcgtaattaaatttccaatcaa	6207106
X	ctcgtggcgtaacaagtgcttacaaaggat	21974559
X	ctggaaactcgtggcgtaacaagtgcttac	21974552
X	ctgtcaagtgagtggaccaagtggcataca	9086311
X	cttgatatggaaagggagtttcaaggctag	21974281
X	gaaacgtgtggccaaacagatcgttccact	9086469
X	gaaactcgtggcgtaacaagtgcttacaaa	21974555
X	gaaagggagtttcaaggctagtctagtata	21974290
X	gaagctgtcaagtgagtggaccaagtggca	9086307
X	gacaatgataaagggcaagcaggaaacacg	22142422,22147147,22152200,22157246,22162287,22167020,22172000,22176870,22181852,22186729,22191635,22201542,22211687,22216738,22225937,22230934,22235929,22240936,22245959,22250945
X	gagaacgtaaactacaatgaaggaaataaa	22143085,22147816,22152869,22157914,22162950,22167682,22172668,22177532,22182520,22187397,22192300,22197201,22202210,22212355,22217406,22226600,22231597,22236592,22241599,22246627,22251609
X	gagtacctgccgcgcttcaagtgggcccgt	22143633,22148364,22153417,22158462,22163498,22168230,22173216,22178080,22183068,22187945,22192848,22197749,22202758,22212903,22217954,22227148,22232145,22237140,22242147,22247175,22252157
X	gagttcgtaattaaatttccaatcaaactg	6207110
X	gagtttcaaggctagtctagtataatgaaa	21974296
X	gataaagggcaagcaggaaacacgcaaaga	22142428,22147153,22152206,22157252,22162293,22167026,22172006,22176876,22181858,22186735,22191641,22201548,22211693,22216744,22225943,22230940,22235935,22240942,22245965,22250951
X	gatatggaaagggagtttcaaggctagtct	21974284
X	gattgattgattgattgattgattgattga	11938585,11938589,11938585,11938589,11938585,11938589
X	gccaggaaccaaacaagagcaagaacaaga	22021632,22058060,22138606
X	gcgccaggaaccaaacaagagcaagaacaa	22021630,22058058,22138604
X	gcgtaacaagtgcttacaaaggataaatga	21974565
X	gctgtcaagtgagtggaccaagtggcatac	9086310
X	gcttgatatggaaagggagtttcaaggcta	21974280
X	ggaaactcgtggcgtaacaagtgcttacaa	21974554
X	ggaaagggagtttcaaggctagtctagtat	21974289
X	ggacaatgataaagggcaagcaggaaacac	22142421,22147146,22152199,22157245,22162286,22167019,22171999,22176869,22181851,22186728,22191634,22201541,22211686,22216737,22225936,22230933,22235928,22240935,22245958,22250944
X	ggagtacctgccgcgcttcaagtgggcccg	22143632,22148363,22153416,22158461,22163497,22168229,22173215,22178079,22183067,22187944,22192847,22197748,22202757,22212902,22217953,22227147,22232144,22237139,22242146,22247174,22252156
X	ggagtttcaaggctagtctagtataatgaa	21974295
X	ggcgtaacaagtgcttacaaaggataaatg	21974564
X	gggagtttcaaggctagtctagtataatga	21974294
X	gggcaagcaggaaacacgcaaagaatgctg	22142434,22147159,22152212,22157258,22162299,22167032,22172012,22176882,22181864,22186741,22191647,22201554,22211699,22216750,22225949,22230946,22235941,22240948,22245971,22250957
X	ggggtaacatcatcaaaatttgcaaaaaat	5460544,5521379,5521739,5522099,5522459,5522819,5523179,5523517,5523877,5580410,5580770,5581130,5775743,5846282,6384012,6385336,8318054,8369626,8699529,8699888,8700248,8700608,8700967,8701327,8702047,8702407,8735409,8735769,8840429,8840789,9034054,9235219,9235578,9374529,9396909,9623438,9623747,9624106,9624465,9624824,9625183,9625542,9625901,9726412,9726771,9809938,9810297,9840969,9905100,9956178,10007789,10240064,10292169,10340425,10340784,11413926,11757924,12437794,12438152,12545227,12683180,12794900,12795619,12795979,12796699,12797059,12797419,12797779,12928672,12929033,13127046,13360924,13361284,13362004,13362364,13693335,5460544,5521379,5521739,5522099,5522459,5522819,5523179,5523517,5523877,5580410,5580770,5581130,5775743,5846282,6384012,6385336,8318054,8369626,8699529,8699888,8700248,8700608,8700967,8701327,8702047,8702407,8735409,8735769,8840429,8840789,9034054,9235219,9235578,9374529,9396909,9623438,9623747,9624106,9624465,9624824,9625183,9625542,9625901,9726412,9726771,9809938,9810297,9840969,9905100,9956178,10007789,10240064,10292169,10340425,10340784,11413926,11757924,12437794,12438152,12545227,12683180,12794900,12795619,12795979,12796699,12797059,12797419,12797779,12928672,12929033,13127046,13360924,13361284,13362004,13362364,13693335
X	gggtacgcgacaaaggtaaatggcgcacac	21975019
X	ggtaatgcttgatatggaaagggagtttca	21974274
X	ggttaagattcttgtaacgcacgatttctt	22147609,22152662,22157707
X	gtaacaagtgcttacaaaggataaatgaaa	21974567
X	gtaatgcttgatatggaaagggagtttcaa	21974275
X	gtacctgccgcgcttcaagtgggcccgtct	22143635,22148366,22153419,22158464,22163500,22168232,22173218,22178082,22183070,22187947,22192850,22197751,22202760,22212905,22217956,22227150,22232147,22237142,22242149,22247177,22252159
X	gtggcgtaacaagtgcttacaaaggataaa	21974562
X	gttaagattcttgtaacgcacgatttcttt	22147610,22152663,22157708
X	gttcggtaatgcttgatatggaaagggagt	21974270
X	gttgagttcgtaattaaatttccaatcaaa	6207107
X	gtttcccatttcctggaaactcgtggcgta	21974540
X	taaagggcaagcaggaaacacgcaaagaat	22142430,22147155,22152208,22157254,22162295,22167028,22172008,22176878,22181860,22186737,22191643,22201550,22211695,22216746,22225945,22230942,22235937,22240944,22245967,22250953
X	taacaagtgcttacaaaggataaatgaaac	21974568
X	taagattcttgtaacgcacgatttctttat	22147612,22152665,22157710,22167483
X	taatgcttgatatggaaagggagtttcaag	21974276
X	tacccaagcacatgaccttgacccgcctgc	22143330,22148061,22158159,22163195,22167927,22172913,22177777,22182765,22187642,22192545,22217651,22231842
X	tacctgccgcgcttcaagtgggcccgtcta	22143636,22148367,22153420,22158465,22163501,22168233,22173219,22178083,22183071,22187948,22192851,22197752,22202761,22212906,22217957,22227151,22232148,22237143,22242150,22247178,22252160
X	tatggaaagggagtttcaaggctagtctag	21974286
X	tcccatttcctggaaactcgtggcgtaaca	21974543
X	tccgcccaagcgtcctaaatttaattaggg	22142522,22147247,22152300,22157346,22162387,22167120,22172100,22176970,22181952,22186829,22191735,22196638,22201642,22211787,22216838,22226037,22231034,22236029,22241036,22246059,22251045
X	tcctcttcgccgagggttgggtggaattca	22143505,22148236,22153289,22158334,22163370,22168102,22173088,22177952,22182940,22187817,22192720,22197621,22202630,22212775,22217826,22227020,22232017,22237012,22242019,22247047,22252029
X	tcctggaaactcgtggcgtaacaagtgctt	21974550
X	tcgaaacgtgtggccaaacagatcgttcca	9086467
X	tcggtaatgcttgatatggaaagggagttt	21974272
X	tcgtggcgtaacaagtgcttacaaaggata	21974560
X	tcgttgagttcgtaattaaatttccaatca	6207105
X	tgacctgcgttctgggtactgccaacaggc	22274719,22282785,22354550,22363138,22370772
X	tgagttcgtaattaaatttccaatcaaact	6207109
X	tgataaagggcaagcaggaaacacgcaaag	22142427,22147152,22152205,22157251,22162292,22167025,22172005,22176875,22181857,22186734,22191640,22201547,22211692,22216743,22225942,22230939,22235934,22240941,22245964,22250950
X	tgatatggaaagggagtttcaaggctagtc	21974283
X	tgattgattgattgattgattgattgattg	11938584,11938588,11938584,11938588,11938584,11938588
X	tgcagttaacttcaagttgcatttgtggaa	22274975,22278222,22354806,22363394,22371028
X	tgcgccaggaaccaaacaagagcaagaaca	22021629,22058057,22138603
X	tgcttgatatggaaagggagtttcaaggct	21974279
X	tggaaactcgtggcgtaacaagtgcttaca	21974553
X	tggaaagggagtttcaaggctagtctagta	21974288
X	tggagtacctgccgcgcttcaagtgggccc	22143631,22148362,22153415,22158460,22163496,22168228,22173214,22178078,22183066,22187943,22192846,22197747,22202756,22212901,22217952,22227146,22232143,22237138,22242145,22247173,22252155
X	tggcgtaacaagtgcttacaaaggataaat	21974563
X	tggttaagattcttgtaacgcacgatttct	22147608,22152661,22157706
X	tgttcggtaatgcttgatatggaaagggag	21974269
X	tgtttcccatttcctggaaactcgtggcgt	21974539
X	ttaagattcttgtaacgcacgatttcttta	22147611,22152664,22157709,22167482
X	ttaattgcaattcagttcaatctaagactg	22269912,22275290,22278537,22315082,22355121,22363709
X	ttcccatttcctggaaactcgtggcgtaac	21974542
X	ttccgcccaagcgtcctaaatttaattagg	22142521,22147246,22152299,22157345,22162386,22167119,22172099,22176969,22181951,22186828,22191734,22196637,22201641,22211786,22216837,22226036,22231033,22236028,22241035,22246058,22251044
X	ttcctggaaactcgtggcgtaacaagtgct	21974549
X	ttcggtaatgcttgatatggaaagggagtt	21974271
X	ttgagttcgtaattaaatttccaatcaaac	6207108
X	ttgatatggaaagggagtttcaaggctagt	21974282
X	ttgattgattgattgattgattgattgatt	11938587,11938587
X	ttgcagttaacttcaagttgcatttgtgga	22274974,22278221,22354805,22363393,22371027
X	ttgttcggtaatgcttgatatggaaaggga	21974268
X	ttgtttcccatttcctggaaactcgtggcg	21974538
X	tttcccatttcctggaaactcgtggcgtaa	21974541
X	tttcctggaaactcgtggcgtaacaagtgc	21974548
X	tttgttcggtaatgcttgatatggaaaggg	21974267
