X	aaacataaatataaatgtgtaaacggtagc	21976484,22389746,22395042
X	aaaccaatgtatggccgttacgcatcttgt	1514406,21976844,22050797
X	aaactagactaacttagatagtatagcatt	1567749,13938068,14636557,20957077
X	aaagaccctagaataacaagatgcgtaacg	2664442,22415459
X	aaagtggctgcatagtgccaaaccaatgta	21976825,22050778
X	aaatataaatgtgtaaacggtagctaattc	21976490,22389752,22395048
X	aaatcccaatcgatttgcattcaagtttgg	8021685,14914938,8021685,14914938
X	aaatgtgtaaacggtagctaattcgagcgg	21976496,22050459,22389758,22395054
X	aacataaatataaatgtgtaaacggtagct	21976485,22389747,22395043
X	aaccaaagaccctagaataacaagatgcgt	22415455
X	aaccaatgtatggccgttacgcatcttgtt	1514407,21976845,22050798
X	aactaattgctggcttgttatgtacaaatg	1567850,13938169,14636658,20957178
X	aactagactaacttagatagtatagcatta	1567750,13938069,14636558,20957078
X	aagaatatttgtcattagagtattcatctt	21976146,22389400,22394696,22439277
X	aagaccctagaataacaagatgcgtaacgc	22415460
X	aagatatgaacaaagcaaagacactagaat	12771012,22389493,22394789
X	aagtggctgcatagtgccaaaccaatgtat	21976826,22050779
X	aataacaagatgcgtaacgccatacgattt	1514201,21033369,21975420,21975593,21975766,22049624,22085841,22415470,22438889,22886118
X	aatataaatgtgtaaacggtagctaattcg	21976491,22389753,22395049
X	aatatctaatttggtaactaattgctggct	1567835,13938154,14636643,20957163
X	aatatggaatatcatacctcgttgagtttg	14916327
X	aatatttgtcattagagtattcatcttgcg	21976149,22389403,22394699,22439280
X	aatcccaatcgatttgcattcaagtttggg	8021686,14914939,8021686,14914939
X	aatcgatttgcattcaagtttgggaattct	8021692,8577925,8750534,8750894,8751254,8751614,8751974,8752694,8827959,12093260,12188558,12371499,12371859,14914945,8021692,8577925,8750534,8750894,8751254,8751614,8751974,8752694,8827959,12093260,12188558,12371499,12371859,14914945
X	aatgtatggccgttacgcatcttgttattc	1514411,21976849,22050802,22441323
X	aatgtgtaaacggtagctaattcgagcggc	21976497,22050460,22389759,22395055
X	aattacccaaatatggaatgtcatacctcg	8751202,8751922,10439137,12189226,14697507
X	aattgctggcttgttatgtacaaatgcctg	1567854,13938173,14636662,20957182
X	aatttagttaatatctaatttggtaactaa	1567826,13938145,14636634,20957154
X	aatttggtaactaattgctggcttgttatg	1567842,13938161,14636650,20957170
X	acataaatataaatgtgtaaacggtagcta	21976486,22389748,22395044
X	accaaagaccctagaataacaagatgcgta	2664439,22415456
X	accaatgtatggccgttacgcatcttgtta	1514408,21976846,22050799
X	accctagaataacaagatgcgtaacgccat	22415463
X	acgctctcagcgggagtgagcggaaagaga	12771501
X	actaacttagatagtatagcattagctacg	1567756,13938075,14636564,20957084
X	actaattgctggcttgttatgtacaaatgc	1567851,13938170,14636659,20957179
X	actagactaacttagatagtatagcattag	1567751,13938070,14636559,20957079
X	acttcgtgcctcaagatatgaacaaagcaa	22389481,22394777
X	agaataacaagatgcgtaacgccatacgat	4111119,21033367,21975418,21975591,21975764,22049622,22085839,22415468,22438887,22886116
X	agaatatttgtcattagagtattcatcttg	21976147,22389401,22394697,22439278
X	agaccctagaataacaagatgcgtaacgcc	22415461
X	agactaacttagatagtatagcattagcta	1567754,13938073,14636562,20957082
X	agagcgaagagcgctacagcgaacagctct	21975861,22415554,22438992
X	agatatgaacaaagcaaagacactagaata	12771013,22389494,22394790
X	agcgaagagcgctacagcgaacagctcttt	21975863,22415556,22438994
X	agtgccaaaccaatgtatggccgttacgca	21976838,22050791
X	agtgcttgtgtccgcacttcgtgcctcaag	21976212,22050076,22086293,22389466,22394762,22439343
X	agtggctgcatagtgccaaaccaatgtatg	21976827,22050780
X	agttaatatctaatttggtaactaattgct	1567831,13938150,14636639,20957159
X	ataaatataaatgtgtaaacggtagctaat	21976488,22389750,22395046
X	ataaatgtgtaaacggtagctaattcgagc	21976494,22050457,22389756,22395052
X	ataagaatatttgtcattagagtattcatc	21976144,22389398,22394694,22439275
X	ataattacccaaatatggaatgtcatacct	8577871,8751200,8751920,10439135,12189224,14697505
X	atagtgccaaaccaatgtatggccgttacg	21976836,22050789
X	atataaatgtgtaaacggtagctaattcga	21976492,22050455,22389754,22395050
X	atataagaatatttgtcattagagtattca	21976142,22389396,22394692,22439273
X	atatctaatttggtaactaattgctggctt	1567836,13938155,14636644,20957164
X	atatcttaatttagttaatatctaatttgg	1567819,13938138,14636627,20957147
X	atatggaatatcatacctcgttgagtttgt	14916328
X	atatttgtcattagagtattcatcttgcgg	21976150,22389404,22394700,22439281
X	atcccaatcgatttgcattcaagtttggga	8021687,14914940,8021687,14914940
X	atcgatttgcattcaagtttgggaattcta	8021693,8577926,8750535,8750895,8751255,8751615,8751975,8752695,8827960,12093261,12188559,12371500,12371860,14914946,8021693,8577926,8750535,8750895,8751255,8751615,8751975,8752695,8827960,12093261,12188559,12371500,12371860,14914946
X	atctaatttggtaactaattgctggcttgt	1567838,13938157,14636646,20957166
X	atcttaatttagttaatatctaatttggta	1567821,13938140,14636629,20957149
X	atgatgttaccccttacaaaaaatgcgaaa	2769025,2769384,5490228,5490954,5502805,5712278,6207188,6351233,8577623,8750592,8750952,8751312,8751672,8752032,8752392,8827656,8909069,8909428,9005461,9005822,9137767,9138129,9138490,9138851,9204003,9204362,9296860,9313766,9534702,9556956,9597547,9597906,9711059,9772407,9920135,10048837,10120880,10261917,10262276,10302424,10439247,11040671,11041031,11230724,11231086,12093318,12187896,12188976,12189336,12371197,12371557,12371917,12524834,12833103,13057085,13113949,13195042,13474554
X	atggaatatcatacctcgttgagtttgttt	14916330
X	atggccgttacgcatcttgttattctagtg	1514416,21976854,22050807,22441328
X	atgtatggccgttacgcatcttgttattct	1514412,21976850,22050803,22441324
X	atgttaccccttacaaaaaatgcgaaaatt	2769028,2769387,3247032,6207191,8577626,8750595,8750955,8751315,8751675,8752035,8752395,8827659,8909072,9005464,9005825,9137770,9138132,9138493,9138854,9204006,9204365,9296504,9313769,9422806,9534705,9556959,9597550,9597909,9711062,9772410,9919419,9920138,10048840,10120883,10156566,10261920,10262279,10302427,10439250,11040674,11041034,11230727,11231089,12093321,12187899,12188979,12189339,12371200,12371560,12371920,12524837,12833106,13057088,13113952,13195045,13474557
X	attacccaaatatggaatgtcatacctcgt	8751203,8751923,10439138,12189227,14697508
X	attatatcttaatttagttaatatctaatt	1567816,13938135,14636624,20957144
X	attgctggcttgttatgtacaaatgcctgt	1567855,13938174,14636663,20957183
X	atttagttaatatctaatttggtaactaat	1567827,13938146,14636635,20957155
X	atttgcattcaagtttgggaattctaggat	8021697,8750539,8750899,8751259,8751619,8751979,8752699,8827964,12093265,12188563,12371504,12371864,14914950,8021697,8750539,8750899,8751259,8751619,8751979,8752699,8827964,12093265,12188563,12371504,12371864,14914950
X	atttggtaactaattgctggcttgttatgt	1567843,13938162,14636651,20957171
X	caaaccaatgtatggccgttacgcatcttg	1514405,21976843,22050796
X	caaagaccctagaataacaagatgcgtaac	2664441,22415458
X	caagatatgaacaaagcaaagacactagaa	12771011,22389492,22394788
X	caatcgatttgcattcaagtttgggaattc	8021691,8577924,8750893,8751253,8751613,8751973,8827958,12093259,12188557,12371498,12371858,14914944,8021691,8577924,8750893,8751253,8751613,8751973,8827958,12093259,12188557,12371498,12371858,14914944
X	caatgtatggccgttacgcatcttgttatt	1514410,21976848,22050801,22441322
X	cacttcgtgcctcaagatatgaacaaagca	22389480,22394776
X	cataaatataaatgtgtaaacggtagctaa	21976487,22389749,22395045
X	catagtgccaaaccaatgtatggccgttac	21976835,22050788
X	ccaaaccaatgtatggccgttacgcatctt	1514404,21976842,22050795
X	ccaaagaccctagaataacaagatgcgtaa	2664440,22415457
X	ccaatcgatttgcattcaagtttgggaatt	8021690,8577923,8750892,8751252,8751612,8751972,8827957,12093258,12188556,12371497,12371857,14914943,8021690,8577923,8750892,8751252,8751612,8751972,8827957,12093258,12188556,12371497,12371857,14914943
X	ccaatgtatggccgttacgcatcttgttat	1514409,21976847,22050800
X	cccaatcgatttgcattcaagtttgggaat	8021689,14914942,8021689,14914942
X	ccctagaataacaagatgcgtaacgccata	22415464
X	ccgcacttcgtgcctcaagatatgaacaaa	21976223,22389477,22394773
X	ccgtggctctagaggtggctccaggctctc	1514251,21033419,21975470,21975643,21975816,22389096,22394392,22438939
X	ccgttacgcatcttgttattctagtgtctt	1514420,21976858,22050811,22441332
X	cctagaataacaagatgcgtaacgccatac	22415465
X	cctcaagatatgaacaaagcaaagacacta	12771008,22389489,22394785
X	cgatttgcattcaagtttgggaattctagg	8021695,8750537,8750897,8751257,8751617,8751977,8752697,8827962,12093263,12188561,12371502,12371862,14914948,8021695,8750537,8750897,8751257,8751617,8751977,8752697,8827962,12093263,12188561,12371502,12371862,14914948
X	cgcacttcgtgcctcaagatatgaacaaag	22389478,22394774
X	cggtcggtcggttggttggttggttggttg	4186767
X	cgtgcctcaagatatgaacaaagcaaagac	12771004,22389485,22394781
X	cgttacgcatcttgttattctagtgtcttt	1514421,2665496,21777141,21976859,22050812,22390093,22395389,22441333,23403589
X	ctaacttagatagtatagcattagctacgg	1567757,13938076,14636565,20957085
X	ctaattgctggcttgttatgtacaaatgcc	1567852,13938171,14636660,20957180
X	ctaatttggtaactaattgctggcttgtta	1567840,13938159,14636648,20957168
X	ctagaataacaagatgcgtaacgccatacg	4111117,21033365,21975416,21975589,21975762,22049620,22085837,22415466,22438885,22886114
X	ctagactaacttagatagtatagcattagc	1567752,13938071,14636560,20957080
X	ctcaagatatgaacaaagcaaagacactag	12771009,22389490,22394786
X	ctgcatagtgccaaaccaatgtatggccgt	21976832,22050785
X	cttaatttagttaatatctaatttggtaac	1567823,13938142,14636631,20957151
X	cttacagctatatttatttacaatgttatt	1567789,13938108,14636597,20957117
X	cttacgctctcagcgggagtgagcggaaag	12771498
X	cttcgtgcctcaagatatgaacaaagcaaa	12771001,22389482,22394778
X	cttgtgtccgcacttcgtgcctcaagatat	21976216,22050080,22086297,22389470,22394766,22439347
X	gaataacaagatgcgtaacgccatacgatt	1514200,21033368,21975419,21975592,21975765,22049623,22085840,22415469,22438888,22886117
X	gaatatttgtcattagagtattcatcttgc	21976148,22389402,22394698,22439279
X	gaccctagaataacaagatgcgtaacgcca	22415462
X	gactaacttagatagtatagcattagctac	1567755,13938074,14636563,20957083
X	gagagcgaagagcgctacagcgaacagctc	21975860,22415553,22438991
X	gagcgaagagcgctacagcgaacagctctt	21975862,22415555,22438993
X	gagtgcttgtgtccgcacttcgtgcctcaa	21976211,22050075,22086292,22389465,22394761,22439342
X	gatatgaacaaagcaaagacactagaataa	12771014,22389495,22394791
X	gatgttaccccttacaaaaaatgcgaaaat	2769027,2769386,3247031,6207190,8577625,8750594,8750954,8751314,8751674,8752034,8752394,8827658,8909071,9005463,9005824,9137769,9138131,9138492,9138853,9204005,9204364,9296503,9313768,9422805,9534704,9556958,9597549,9597908,9711061,9772409,9919418,9920137,10048839,10120882,10156565,10261919,10262278,10302426,10439249,11040673,11041033,11230726,11231088,12093320,12187898,12188978,12189338,12371199,12371559,12371919,12524836,12833105,13057087,13113951,13195044,13474556
X	gatttgcattcaagtttgggaattctagga	8021696,8750538,8750898,8751258,8751618,8751978,8752698,8827963,12093264,12188562,12371503,12371863,14914949,8021696,8750538,8750898,8751258,8751618,8751978,8752698,8827963,12093264,12188562,12371503,12371863,14914949
X	gcacttcgtgcctcaagatatgaacaaagc	22389479,22394775
X	gcatagtgccaaaccaatgtatggccgtta	21976834,22050787
X	gccaaaccaatgtatggccgttacgcatct	1514403,21976841,22050794
X	gccgtggctctagaggtggctccaggctct	1514250,21033418,21975469,21975642,21975815,22389095,22394391,22438938
X	gccgttacgcatcttgttattctagtgtct	1514419,21976857,22050810,22441331
X	gcctcaagatatgaacaaagcaaagacact	12771007,22389488,22394784
X	gctgcatagtgccaaaccaatgtatggccg	21976831,22050784
X	gcttacagctatatttatttacaatgttat	1567788,13938107,14636596,20957116
X	gcttgtgtccgcacttcgtgcctcaagata	21976215,22050079,22086296,22389469,22394765,22439346
X	ggccgtggctctagaggtggctccaggctc	21033417,22389094,22394390,22438937
X	ggccgttacgcatcttgttattctagtgtc	1514418,21976856,22050809,22441330
X	ggctgcatagtgccaaaccaatgtatggcc	21976830,22050783
X	ggcttacagctatatttatttacaatgtta	1567787,13938106,14636595,20957115
X	gggcttacagctatatttatttacaatgtt	1567786,13938105,14636594,20957114
X	ggtaactaattgctggcttgttatgtacaa	1567847,13938166,14636655,20957175
X	ggtcggtcggttggttggttggttggttgg	4186768
X	gtaactaattgctggcttgttatgtacaaa	1567848,13938167,14636656,20957176
X	gtatggccgttacgcatcttgttattctag	1514414,21976852,22050805,22441326
X	gtccgcacttcgtgcctcaagatatgaaca	21976221,22389475,22394771
X	gtcggtcggttggttggttggttggttggt	4186769
X	gtgccaaaccaatgtatggccgttacgcat	21976839,22050792
X	gtgcctcaagatatgaacaaagcaaagaca	12771005,22389486,22394782
X	gtgcttgtgtccgcacttcgtgcctcaaga	21976213,22050077,22086294,22389467,22394763,22439344
X	gtggctgcatagtgccaaaccaatgtatgg	21976828,22050781
X	gtgtccgcacttcgtgcctcaagatatgaa	21976219,22389473,22394769
X	gttaatatctaatttggtaactaattgctg	1567832,13938151,14636640,20957160
X	gttacgcatcttgttattctagtgtctttg	1514422,2665497,21777142,21976860,22050813,22390094,22395390,22441334,23403590
X	gttgagtgcttgtgtccgcacttcgtgcct	21976208,22050072,22086289,22389462,22394758,22439339
X	taaacataaatataaatgtgtaaacggtag	22389745,22395041
X	taaatataaatgtgtaaacggtagctaatt	21976489,22389751,22395047
X	taaatcccaatcgatttgcattcaagtttg	8021684,14914937,8021684,14914937
X	taaatgtgtaaacggtagctaattcgagcg	21976495,22050458,22389757,22395053
X	taactaattgctggcttgttatgtacaaat	1567849,13938168,14636657,20957177
X	taacttagatagtatagcattagctacggg	1567758,13938077,14636566,20957086
X	taagaatatttgtcattagagtattcatct	21976145,22389399,22394695,22439276
X	taatatctaatttggtaactaattgctggc	1567834,13938153,14636642,20957162
X	taattacccaaatatggaatgtcatacctc	8577872,8751201,8751921,10439136,12189225,14697506
X	taattgctggcttgttatgtacaaatgcct	1567853,13938172,14636661,20957181
X	taatttagttaatatctaatttggtaacta	1567825,13938144,14636633,20957153
X	taatttggtaactaattgctggcttgttat	1567841,13938160,14636649,20957169
X	tacccaaatatggaatgtcatacctcgttg	8751205,8751925,8827909,10439140,12189229,14697510
X	tacgcatcttgttattctagtgtctttgat	22050815
X	tacgctctcagcgggagtgagcggaaagag	12771500
X	tagaataacaagatgcgtaacgccatacga	4111118,21033366,21975417,21975590,21975763,22049621,22085838,22415467,22438886,22886115
X	tagactaacttagatagtatagcattagct	1567753,13938072,14636561,20957081
X	tagtgccaaaccaatgtatggccgttacgc	21976837,22050790
X	tagttaatatctaatttggtaactaattgc	1567830,13938149,14636638,20957158
X	tataaatgtgtaaacggtagctaattcgag	21976493,22050456,22389755,22395051
X	tataagaatatttgtcattagagtattcat	21976143,22389397,22394693,22439274
X	tatatcttaatttagttaatatctaatttg	1567818,13938137,14636626,20957146
X	tatctaatttggtaactaattgctggcttg	1567837,13938156,14636645,20957165
X	tatcttaatttagttaatatctaatttggt	1567820,13938139,14636628,20957148
X	tatggaatatcatacctcgttgagtttgtt	14916329
X	tatggccgttacgcatcttgttattctagt	1514415,21976853,22050806,22441327
X	tatttgtcattagagtattcatcttgcggc	21976151,22389405,22394701,22439282
X	tcaagatatgaacaaagcaaagacactaga	12771010,22389491,22394787
X	tcccaatcgatttgcattcaagtttgggaa	8021688,14914941,8021688,14914941
X	tccgcacttcgtgcctcaagatatgaacaa	21976222,22389476,22394772
X	tcgatttgcattcaagtttgggaattctag	8021694,8750536,8750896,8751256,8751616,8751976,8752696,8827961,12093262,12188560,12371501,12371861,14914947,8021694,8750536,8750896,8751256,8751616,8751976,8752696,8827961,12093262,12188560,12371501,12371861,14914947
X	tcggtcggttggttggttggttggttggtt	4186770
X	tcgtgcctcaagatatgaacaaagcaaaga	12771003,22389484,22394780
X	tctaatttggtaactaattgctggcttgtt	1567839,13938158,14636647,20957167
X	tcttaatttagttaatatctaatttggtaa	1567822,13938141,14636630,20957150
X	tcttacgctctcagcgggagtgagcggaaa	12771497
X	tcttcgatcagaattgatttcggcccgaaa	12771380
X	tgagtgcttgtgtccgcacttcgtgcctca	21976210,22050074,22086291,22389464,22394760,22439341
X	tgatgttaccccttacaaaaaatgcgaaaa	2769026,2769385,5490229,5490955,5502806,5712279,6207189,6351234,8577624,8750593,8750953,8751313,8751673,8752033,8752393,8827657,8909070,9005462,9005823,9137768,9138130,9138491,9138852,9204004,9204363,9313767,9534703,9556957,9597548,9597907,9711060,9772408,9920136,10048838,10120881,10261918,10262277,10302425,10439248,11040672,11041032,11230725,11231087,12093319,12187897,12188977,12189337,12371198,12371558,12371918,12524835,12833104,13057086,13113950,13195043,13474555
X	tgcatagtgccaaaccaatgtatggccgtt	21976833,22050786
X	tgccaaaccaatgtatggccgttacgcatc	21976840,22050793
X	tgcctcaagatatgaacaaagcaaagacac	12771006,22389487,22394783
X	tgctggcttgttatgtacaaatgcctgttt	1567857,13938176,14636665,20957185
X	tgcttgtgtccgcacttcgtgcctcaagat	21976214,22050078,22086295,22389468,22394764,22439345
X	tggccgtggctctagaggtggctccaggct	21033416,22389093,22394389,22438936
X	tggccgttacgcatcttgttattctagtgt	1514417,21976855,22050808,22441329
X	tggctgcatagtgccaaaccaatgtatggc	21976829,22050782
X	tggtaactaattgctggcttgttatgtaca	1567846,13938165,14636654,20957174
X	tgtatggccgttacgcatcttgttattcta	1514413,21976851,22050804,22441325
X	tgtccgcacttcgtgcctcaagatatgaac	21976220,22389474,22394770
X	tgtgtccgcacttcgtgcctcaagatatga	21976218,22050082,22086299,22389472,22394768,22439349
X	tgttgagtgcttgtgtccgcacttcgtgcc	21976207,22050071,22086288,22389461,22394757,22439338
X	ttaaacataaatataaatgtgtaaacggta	22389744,22395040
X	ttaaatcccaatcgatttgcattcaagttt	8021683,14914936,8021683,14914936
X	ttaatatctaatttggtaactaattgctgg	1567833,13938152,14636641,20957161
X	ttaatttagttaatatctaatttggtaact	1567824,13938143,14636632,20957152
X	ttacccaaatatggaatgtcatacctcgtt	8751204,8751924,10439139,12189228,14697509
X	ttacgcatcttgttattctagtgtctttga	22050814,22390095,22395391
X	ttacgctctcagcgggagtgagcggaaaga	12771499
X	ttagttaatatctaatttggtaactaattg	1567829,13938148,14636637,20957157
X	ttatatcttaatttagttaatatctaattt	1567817,13938136,14636625,20957145
X	ttcgtgcctcaagatatgaacaaagcaaag	12771002,22389483,22394779
X	ttcttacgctctcagcgggagtgagcggaa	12771496
X	ttgagtgcttgtgtccgcacttcgtgcctc	21976209,22050073,22086290,22389463,22394759,22439340
X	ttgcattcaagtttgggaattctaggattt	8750541,8750901,8751261,8751621,8751981,8752701,8827966,12093267,12188565,12371506,12371866,14914952,8750541,8750901,8751261,8751621,8751981,8752701,8827966,12093267,12188565,12371506,12371866,14914952
X	ttgctggcttgttatgtacaaatgcctgtt	1567856,13938175,14636664,20957184
X	ttggccgtggctctagaggtggctccaggc	21033415,22389092,22394388,22438935
X	ttggtaactaattgctggcttgttatgtac	1567845,13938164,14636653,20957173
X	ttgtgtccgcacttcgtgcctcaagatatg	21976217,22050081,22086298,22389471,22394767,22439348
X	tttaaatcccaatcgatttgcattcaagtt	8021682,14914935,8021682,14914935
X	tttagttaatatctaatttggtaactaatt	1567828,13938147,14636636,20957156
X	tttcttacgctctcagcgggagtgagcgga	12771495
X	tttgcattcaagtttgggaattctaggatt	8021698,8750540,8750900,8751260,8751620,8751980,8752700,8827965,12093266,12188564,12371505,12371865,14914951,8021698,8750540,8750900,8751260,8751620,8751980,8752700,8827965,12093266,12188564,12371505,12371865,14914951
X	tttggccgtggctctagaggtggctccagg	21033414,22389091,22394387,22438934
X	tttggtaactaattgctggcttgttatgta	1567844,13938163,14636652,20957172
