X	aaatgtgacttgtagactgcaaagtcatcg	14315585
X	aacaggcagaaggaagcgtttccgaccata	6881008,16541536,18414898
X	acaggcagaaggaagcgtttccgaccatat	16541537
X	acatacatacatacatacatacatacatat	682176,4616725
X	atacatacatacatacatacatacatacat	682174,3364463,3364467,3658687,4616723,6480698,8372087,8372091,15814617
X	atattcttgatcaggatcaatagccaagtc	20527026,20576111
X	atattcttgattaggatcaatagccgagtc	168148
X	atcgccatcgccatcgtcatcgtcatcgtc	19892135
X	atctgtatctgtatctgtatctgtatctgt	5650338,5650344,6639183,8017803,12219466,15956331,15956337,15956343,5650338,5650344,6639183,8017803,12219466,15956331,15956337,15956343,5650338,5650344,6639183,8017803,12219466,15956331,15956337,15956343,5650338,5650344,6639183,8017803,12219466,15956331,15956337,15956343,5650338,5650344,6639183,8017803,12219466,15956331,15956337,15956343,5650338,5650344,6639183,8017803,12219466,15956331,15956337,15956343,5650338,5650344,6639183,8017803,12219466,15956331,15956337,15956343,5650338,5650344,6639183,8017803,12219466,15956331,15956337,15956343,5650338,5650344,6639183,8017803,12219466,15956331,15956337,15956343,5650338,5650344,6639183,8017803,12219466,15956331,15956337,15956343,5650338,5650344,6639183,8017803,12219466,15956331,15956337,15956343,5650338,5650344,6639183,8017803,12219466,15956331,15956337,15956343,5650338,5650344,6639183,8017803,12219466,15956331,15956337,15956343,5650338,5650344,6639183,8017803,12219466,15956331,15956337,15956343,5650338,5650344,6639183,8017803,12219466,15956331,15956337,15956343,5650338,5650344,6639183,8017803,12219466,15956331,15956337,15956343,5650338,5650344,6639183,8017803,12219466,15956331,15956337,15956343,5650338,5650344,6639183,8017803,12219466,15956331,15956337,15956343,5650338,5650344,6639183,8017803,12219466,15956331,15956337,15956343,5650338,5650344,6639183,8017803,12219466,15956331,15956337,15956343,5650338,5650344,6639183,8017803,12219466,15956331,15956337,15956343,5650338,5650344,6639183,8017803,12219466,15956331,15956337,15956343,5650338,5650344,6639183,8017803,12219466,15956331,15956337,15956343,5650338,5650344,6639183,8017803,12219466,15956331,15956337,15956343,5650338,5650344,6639183,8017803,12219466,15956331,15956337,15956343,5650338,5650344,6639183,8017803,12219466,15956331,15956337,15956343,5650338,5650344,6639183,8017803,12219466,15956331,15956337,15956343,5650338,5650344,6639183,8017803,12219466,15956331,15956337,15956343,5650338,5650344,6639183,8017803,12219466,15956331,15956337,15956343,5650338,5650344,6639183,8017803,12219466,15956331,15956337,15956343,5650338,5650344,6639183,8017803,12219466,15956331,15956337,15956343,5650338,5650344,6639183,8017803,12219466,15956331,15956337,15956343,5650338,5650344,6639183,8017803,12219466,15956331,15956337,15956343,5650338,5650344,6639183,8017803,12219466,15956331,15956337,15956343,5650338,5650344,6639183,8017803,12219466,15956331,15956337,15956343,5650338,5650344,6639183,8017803,12219466,15956331,15956337,15956343,5650338,5650344,6639183,8017803,12219466,15956331,15956337,15956343,5650338,5650344,6639183,8017803,12219466,15956331,15956337,15956343,5650338,5650344,6639183,8017803,12219466,15956331,15956337,15956343,5650338,5650344,6639183,8017803,12219466,15956331,15956337,15956343,5650338,5650344,6639183,8017803,12219466,15956331,15956337,15956343,5650338,5650344,6639183,8017803,12219466,15956331,15956337,15956343,5650338,5650344,6639183,8017803,12219466,15956331,15956337,15956343,5650338,5650344,6639183,8017803,12219466,15956331,15956337,15956343,5650338,5650344,6639183,8017803,12219466,15956331,15956337,15956343,5650338,5650344,6639183,8017803,12219466,15956331,15956337,15956343,5650338,5650344,6639183,8017803,12219466,15956331,15956337,15956343,5650338,5650344,6639183,8017803,12219466,15956331,15956337,15956343,5650338,5650344,6639183,8017803,12219466,15956331,15956337,15956343,5650338,5650344,6639183,8017803,12219466,15956331,15956337,15956343,5650338,5650344,6639183,8017803,12219466,15956331,15956337,15956343,5650338,5650344,6639183,8017803,12219466,15956331,15956337,15956343,5650338,5650344,6639183,8017803,12219466,15956331,15956337,15956343,5650338,5650344,6639183,8017803,12219466,15956331,15956337,15956343,5650338,5650344,6639183,8017803,12219466,15956331,15956337,15956343,5650338,5650344,6639183,8017803,12219466,15956331,15956337,15956343,5650338,5650344,6639183,8017803,12219466,15956331,15956337,15956343,5650338,5650344,6639183,8017803,12219466,15956331,15956337,15956343,5650338,5650344,6639183,8017803,12219466,15956331,15956337,15956343,5650338,5650344,6639183,8017803,12219466,15956331,15956337,15956343,5650338,5650344,6639183,8017803,12219466,15956331,15956337,15956343,5650338,5650344,6639183,8017803,12219466,15956331,15956337,15956343,5650338,5650344,6639183,8017803,12219466,15956331,15956337,15956343,5650338,5650344,6639183,8017803,12219466,15956331,15956337,15956343,5650338,5650344,6639183,8017803,12219466,15956331,15956337,15956343,5650338,5650344,6639183,8017803,12219466,15956331,15956337,15956343,5650338,5650344,6639183,8017803,12219466,15956331,15956337,15956343,5650338,5650344,6639183,8017803,12219466,15956331,15956337,15956343
X	atgtgaatcaactgaggtcctcacgccaaa	14172609,14317118
X	attcttgatcaggatcaatagccgagtcga	705279,15903226,20930597,21037055,22516652,22602053,22838101,22875662,23090987,23104762
X	attcttgattaggatcaatagccgagtcga	168150
X	caacaggcagaaggaagcgtttccgaccat	6881007
X	catacatacatacatacatacatacataca	3364462,3364466,3658686,3658690,4616722,6480697,6480701,8372090,15814616
X	catcgccatcgccatcgtcatcgtcatcgt	19892134
X	ccatcgccatcgccatcgtcatcgtcatcg	19892133
X	ctgtatctgtatctgtatctgtatctgtat	5650340,5650346,8017805,12219462,12219468,15956333,15956339,15956345,5650340,5650346,8017805,12219462,12219468,15956333,15956339,15956345,5650340,5650346,8017805,12219462,12219468,15956333,15956339,15956345,5650340,5650346,8017805,12219462,12219468,15956333,15956339,15956345,5650340,5650346,8017805,12219462,12219468,15956333,15956339,15956345,5650340,5650346,8017805,12219462,12219468,15956333,15956339,15956345,5650340,5650346,8017805,12219462,12219468,15956333,15956339,15956345,5650340,5650346,8017805,12219462,12219468,15956333,15956339,15956345,5650340,5650346,8017805,12219462,12219468,15956333,15956339,15956345,5650340,5650346,8017805,12219462,12219468,15956333,15956339,15956345,5650340,5650346,8017805,12219462,12219468,15956333,15956339,15956345,5650340,5650346,8017805,12219462,12219468,15956333,15956339,15956345,5650340,5650346,8017805,12219462,12219468,15956333,15956339,15956345,5650340,5650346,8017805,12219462,12219468,15956333,15956339,15956345,5650340,5650346,8017805,12219462,12219468,15956333,15956339,15956345,5650340,5650346,8017805,12219462,12219468,15956333,15956339,15956345,5650340,5650346,8017805,12219462,12219468,15956333,15956339,15956345,5650340,5650346,8017805,12219462,12219468,15956333,15956339,15956345,5650340,5650346,8017805,12219462,12219468,15956333,15956339,15956345,5650340,5650346,8017805,12219462,12219468,15956333,15956339,15956345,5650340,5650346,8017805,12219462,12219468,15956333,15956339,15956345,5650340,5650346,8017805,12219462,12219468,15956333,15956339,15956345,5650340,5650346,8017805,12219462,12219468,15956333,15956339,15956345,5650340,5650346,8017805,12219462,12219468,15956333,15956339,15956345,5650340,5650346,8017805,12219462,12219468,15956333,15956339,15956345,5650340,5650346,8017805,12219462,12219468,15956333,15956339,15956345,5650340,5650346,8017805,12219462,12219468,15956333,15956339,15956345,5650340,5650346,8017805,12219462,12219468,15956333,15956339,15956345,5650340,5650346,8017805,12219462,12219468,15956333,15956339,15956345,5650340,5650346,8017805,12219462,12219468,15956333,15956339,15956345,5650340,5650346,8017805,12219462,12219468,15956333,15956339,15956345,5650340,5650346,8017805,12219462,12219468,15956333,15956339,15956345,5650340,5650346,8017805,12219462,12219468,15956333,15956339,15956345,5650340,5650346,8017805,12219462,12219468,15956333,15956339,15956345,5650340,5650346,8017805,12219462,12219468,15956333,15956339,15956345,5650340,5650346,8017805,12219462,12219468,15956333,15956339,15956345,5650340,5650346,8017805,12219462,12219468,15956333,15956339,15956345,5650340,5650346,8017805,12219462,12219468,15956333,15956339,15956345,5650340,5650346,8017805,12219462,12219468,15956333,15956339,15956345,5650340,5650346,8017805,12219462,12219468,15956333,15956339,15956345,5650340,5650346,8017805,12219462,12219468,15956333,15956339,15956345,5650340,5650346,8017805,12219462,12219468,15956333,15956339,15956345,5650340,5650346,8017805,12219462,12219468,15956333,15956339,15956345,5650340,5650346,8017805,12219462,12219468,15956333,15956339,15956345,5650340,5650346,8017805,12219462,12219468,15956333,15956339,15956345,5650340,5650346,8017805,12219462,12219468,15956333,15956339,15956345,5650340,5650346,8017805,12219462,12219468,15956333,15956339,15956345,5650340,5650346,8017805,12219462,12219468,15956333,15956339,15956345,5650340,5650346,8017805,12219462,12219468,15956333,15956339,15956345,5650340,5650346,8017805,12219462,12219468,15956333,15956339,15956345,5650340,5650346,8017805,12219462,12219468,15956333,15956339,15956345,5650340,5650346,8017805,12219462,12219468,15956333,15956339,15956345,5650340,5650346,8017805,12219462,12219468,15956333,15956339,15956345,5650340,5650346,8017805,12219462,12219468,15956333,15956339,15956345,5650340,5650346,8017805,12219462,12219468,15956333,15956339,15956345,5650340,5650346,8017805,12219462,12219468,15956333,15956339,15956345,5650340,5650346,8017805,12219462,12219468,15956333,15956339,15956345,5650340,5650346,8017805,12219462,12219468,15956333,15956339,15956345,5650340,5650346,8017805,12219462,12219468,15956333,15956339,15956345,5650340,5650346,8017805,12219462,12219468,15956333,15956339,15956345,5650340,5650346,8017805,12219462,12219468,15956333,15956339,15956345,5650340,5650346,8017805,12219462,12219468,15956333,15956339,15956345,5650340,5650346,8017805,12219462,12219468,15956333,15956339,15956345,5650340,5650346,8017805,12219462,12219468,15956333,15956339,15956345,5650340,5650346,8017805,12219462,12219468,15956333,15956339,15956345,5650340,5650346,8017805,12219462,12219468,15956333,15956339,15956345,5650340,5650346,8017805,12219462,12219468,15956333,15956339,15956345,5650340,5650346,8017805,12219462,12219468,15956333,15956339,15956345
X	cttgatcaggatcaatagccgagtcgatct	705282,15903229,20930600,21037058,22838104,23090990,23104765
X	gcaacaggcagaaggaagcgtttccgacca	6881006
X	gcatacatacatacatacatacatacatac	6480696
X	gccatcgccatcgccatcgtcatcgtcatc	16673866,19892132
X	gtatctgtatctgtatctgtatctgtatct	5650342,5650348,8017801,12219464,15956251,15956335,15956341,15956347,5650342,5650348,8017801,12219464,15956251,15956335,15956341,15956347,5650342,5650348,8017801,12219464,15956251,15956335,15956341,15956347,5650342,5650348,8017801,12219464,15956251,15956335,15956341,15956347,5650342,5650348,8017801,12219464,15956251,15956335,15956341,15956347,5650342,5650348,8017801,12219464,15956251,15956335,15956341,15956347,5650342,5650348,8017801,12219464,15956251,15956335,15956341,15956347,5650342,5650348,8017801,12219464,15956251,15956335,15956341,15956347,5650342,5650348,8017801,12219464,15956251,15956335,15956341,15956347,5650342,5650348,8017801,12219464,15956251,15956335,15956341,15956347,5650342,5650348,8017801,12219464,15956251,15956335,15956341,15956347,5650342,5650348,8017801,12219464,15956251,15956335,15956341,15956347,5650342,5650348,8017801,12219464,15956251,15956335,15956341,15956347,5650342,5650348,8017801,12219464,15956251,15956335,15956341,15956347,5650342,5650348,8017801,12219464,15956251,15956335,15956341,15956347,5650342,5650348,8017801,12219464,15956251,15956335,15956341,15956347,5650342,5650348,8017801,12219464,15956251,15956335,15956341,15956347,5650342,5650348,8017801,12219464,15956251,15956335,15956341,15956347,5650342,5650348,8017801,12219464,15956251,15956335,15956341,15956347,5650342,5650348,8017801,12219464,15956251,15956335,15956341,15956347,5650342,5650348,8017801,12219464,15956251,15956335,15956341,15956347,5650342,5650348,8017801,12219464,15956251,15956335,15956341,15956347,5650342,5650348,8017801,12219464,15956251,15956335,15956341,15956347,5650342,5650348,8017801,12219464,15956251,15956335,15956341,15956347,5650342,5650348,8017801,12219464,15956251,15956335,15956341,15956347,5650342,5650348,8017801,12219464,15956251,15956335,15956341,15956347,5650342,5650348,8017801,12219464,15956251,15956335,15956341,15956347,5650342,5650348,8017801,12219464,15956251,15956335,15956341,15956347,5650342,5650348,8017801,12219464,15956251,15956335,15956341,15956347,5650342,5650348,8017801,12219464,15956251,15956335,15956341,15956347,5650342,5650348,8017801,12219464,15956251,15956335,15956341,15956347,5650342,5650348,8017801,12219464,15956251,15956335,15956341,15956347,5650342,5650348,8017801,12219464,15956251,15956335,15956341,15956347,5650342,5650348,8017801,12219464,15956251,15956335,15956341,15956347,5650342,5650348,8017801,12219464,15956251,15956335,15956341,15956347,5650342,5650348,8017801,12219464,15956251,15956335,15956341,15956347,5650342,5650348,8017801,12219464,15956251,15956335,15956341,15956347,5650342,5650348,8017801,12219464,15956251,15956335,15956341,15956347,5650342,5650348,8017801,12219464,15956251,15956335,15956341,15956347,5650342,5650348,8017801,12219464,15956251,15956335,15956341,15956347,5650342,5650348,8017801,12219464,15956251,15956335,15956341,15956347,5650342,5650348,8017801,12219464,15956251,15956335,15956341,15956347,5650342,5650348,8017801,12219464,15956251,15956335,15956341,15956347,5650342,5650348,8017801,12219464,15956251,15956335,15956341,15956347,5650342,5650348,8017801,12219464,15956251,15956335,15956341,15956347,5650342,5650348,8017801,12219464,15956251,15956335,15956341,15956347,5650342,5650348,8017801,12219464,15956251,15956335,15956341,15956347,5650342,5650348,8017801,12219464,15956251,15956335,15956341,15956347,5650342,5650348,8017801,12219464,15956251,15956335,15956341,15956347,5650342,5650348,8017801,12219464,15956251,15956335,15956341,15956347,5650342,5650348,8017801,12219464,15956251,15956335,15956341,15956347,5650342,5650348,8017801,12219464,15956251,15956335,15956341,15956347,5650342,5650348,8017801,12219464,15956251,15956335,15956341,15956347,5650342,5650348,8017801,12219464,15956251,15956335,15956341,15956347,5650342,5650348,8017801,12219464,15956251,15956335,15956341,15956347,5650342,5650348,8017801,12219464,15956251,15956335,15956341,15956347,5650342,5650348,8017801,12219464,15956251,15956335,15956341,15956347,5650342,5650348,8017801,12219464,15956251,15956335,15956341,15956347,5650342,5650348,8017801,12219464,15956251,15956335,15956341,15956347,5650342,5650348,8017801,12219464,15956251,15956335,15956341,15956347,5650342,5650348,8017801,12219464,15956251,15956335,15956341,15956347,5650342,5650348,8017801,12219464,15956251,15956335,15956341,15956347,5650342,5650348,8017801,12219464,15956251,15956335,15956341,15956347,5650342,5650348,8017801,12219464,15956251,15956335,15956341,15956347,5650342,5650348,8017801,12219464,15956251,15956335,15956341,15956347,5650342,5650348,8017801,12219464,15956251,15956335,15956341,15956347,5650342,5650348,8017801,12219464,15956251,15956335,15956341,15956347,5650342,5650348,8017801,12219464,15956251,15956335,15956341,15956347
X	tacatacatacatacatacatacatacata	682175,3364464,3364468,3658688,4616720,4616724,6480699,8372088,8372092,15814618
X	tatattcttgatcaggatcaatagccaagt	20527025,20576110
X	tatattcttgattaggatcaatagccgagt	168147
X	tatctgtatctgtatctgtatctgtatctg	5650337,5650343,8017802,12219465,15956252,15956336,15956342,15956348,5650337,5650343,8017802,12219465,15956252,15956336,15956342,15956348,5650337,5650343,8017802,12219465,15956252,15956336,15956342,15956348,5650337,5650343,8017802,12219465,15956252,15956336,15956342,15956348,5650337,5650343,8017802,12219465,15956252,15956336,15956342,15956348,5650337,5650343,8017802,12219465,15956252,15956336,15956342,15956348,5650337,5650343,8017802,12219465,15956252,15956336,15956342,15956348,5650337,5650343,8017802,12219465,15956252,15956336,15956342,15956348,5650337,5650343,8017802,12219465,15956252,15956336,15956342,15956348,5650337,5650343,8017802,12219465,15956252,15956336,15956342,15956348,5650337,5650343,8017802,12219465,15956252,15956336,15956342,15956348,5650337,5650343,8017802,12219465,15956252,15956336,15956342,15956348,5650337,5650343,8017802,12219465,15956252,15956336,15956342,15956348,5650337,5650343,8017802,12219465,15956252,15956336,15956342,15956348,5650337,5650343,8017802,12219465,15956252,15956336,15956342,15956348,5650337,5650343,8017802,12219465,15956252,15956336,15956342,15956348,5650337,5650343,8017802,12219465,15956252,15956336,15956342,15956348,5650337,5650343,8017802,12219465,15956252,15956336,15956342,15956348,5650337,5650343,8017802,12219465,15956252,15956336,15956342,15956348,5650337,5650343,8017802,12219465,15956252,15956336,15956342,15956348,5650337,5650343,8017802,12219465,15956252,15956336,15956342,15956348,5650337,5650343,8017802,12219465,15956252,15956336,15956342,15956348,5650337,5650343,8017802,12219465,15956252,15956336,15956342,15956348,5650337,5650343,8017802,12219465,15956252,15956336,15956342,15956348,5650337,5650343,8017802,12219465,15956252,15956336,15956342,15956348,5650337,5650343,8017802,12219465,15956252,15956336,15956342,15956348,5650337,5650343,8017802,12219465,15956252,15956336,15956342,15956348,5650337,5650343,8017802,12219465,15956252,15956336,15956342,15956348,5650337,5650343,8017802,12219465,15956252,15956336,15956342,15956348,5650337,5650343,8017802,12219465,15956252,15956336,15956342,15956348,5650337,5650343,8017802,12219465,15956252,15956336,15956342,15956348,5650337,5650343,8017802,12219465,15956252,15956336,15956342,15956348,5650337,5650343,8017802,12219465,15956252,15956336,15956342,15956348,5650337,5650343,8017802,12219465,15956252,15956336,15956342,15956348,5650337,5650343,8017802,12219465,15956252,15956336,15956342,15956348,5650337,5650343,8017802,12219465,15956252,15956336,15956342,15956348,5650337,5650343,8017802,12219465,15956252,15956336,15956342,15956348,5650337,5650343,8017802,12219465,15956252,15956336,15956342,15956348,5650337,5650343,8017802,12219465,15956252,15956336,15956342,15956348,5650337,5650343,8017802,12219465,15956252,15956336,15956342,15956348,5650337,5650343,8017802,12219465,15956252,15956336,15956342,15956348,5650337,5650343,8017802,12219465,15956252,15956336,15956342,15956348,5650337,5650343,8017802,12219465,15956252,15956336,15956342,15956348,5650337,5650343,8017802,12219465,15956252,15956336,15956342,15956348,5650337,5650343,8017802,12219465,15956252,15956336,15956342,15956348,5650337,5650343,8017802,12219465,15956252,15956336,15956342,15956348,5650337,5650343,8017802,12219465,15956252,15956336,15956342,15956348,5650337,5650343,8017802,12219465,15956252,15956336,15956342,15956348,5650337,5650343,8017802,12219465,15956252,15956336,15956342,15956348,5650337,5650343,8017802,12219465,15956252,15956336,15956342,15956348,5650337,5650343,8017802,12219465,15956252,15956336,15956342,15956348,5650337,5650343,8017802,12219465,15956252,15956336,15956342,15956348,5650337,5650343,8017802,12219465,15956252,15956336,15956342,15956348,5650337,5650343,8017802,12219465,15956252,15956336,15956342,15956348,5650337,5650343,8017802,12219465,15956252,15956336,15956342,15956348,5650337,5650343,8017802,12219465,15956252,15956336,15956342,15956348,5650337,5650343,8017802,12219465,15956252,15956336,15956342,15956348,5650337,5650343,8017802,12219465,15956252,15956336,15956342,15956348,5650337,5650343,8017802,12219465,15956252,15956336,15956342,15956348,5650337,5650343,8017802,12219465,15956252,15956336,15956342,15956348,5650337,5650343,8017802,12219465,15956252,15956336,15956342,15956348,5650337,5650343,8017802,12219465,15956252,15956336,15956342,15956348,5650337,5650343,8017802,12219465,15956252,15956336,15956342,15956348,5650337,5650343,8017802,12219465,15956252,15956336,15956342,15956348,5650337,5650343,8017802,12219465,15956252,15956336,15956342,15956348,5650337,5650343,8017802,12219465,15956252,15956336,15956342,15956348,5650337,5650343,8017802,12219465,15956252,15956336,15956342,15956348,5650337,5650343,8017802,12219465,15956252,15956336,15956342,15956348
X	tattagtcttgtaaatttctatcgatttgc	21283490
X	tattcttgatcaggatcaatagccaagtcg	20527027,20576112
X	tattcttgattaggatcaatagccgagtcg	168149
X	tctgtatctgtatctgtatctgtatctgta	5650339,5650345,6639184,8017804,12219461,12219467,15956332,15956338,15956344,5650339,5650345,6639184,8017804,12219461,12219467,15956332,15956338,15956344,5650339,5650345,6639184,8017804,12219461,12219467,15956332,15956338,15956344,5650339,5650345,6639184,8017804,12219461,12219467,15956332,15956338,15956344,5650339,5650345,6639184,8017804,12219461,12219467,15956332,15956338,15956344,5650339,5650345,6639184,8017804,12219461,12219467,15956332,15956338,15956344,5650339,5650345,6639184,8017804,12219461,12219467,15956332,15956338,15956344,5650339,5650345,6639184,8017804,12219461,12219467,15956332,15956338,15956344,5650339,5650345,6639184,8017804,12219461,12219467,15956332,15956338,15956344,5650339,5650345,6639184,8017804,12219461,12219467,15956332,15956338,15956344,5650339,5650345,6639184,8017804,12219461,12219467,15956332,15956338,15956344,5650339,5650345,6639184,8017804,12219461,12219467,15956332,15956338,15956344,5650339,5650345,6639184,8017804,12219461,12219467,15956332,15956338,15956344,5650339,5650345,6639184,8017804,12219461,12219467,15956332,15956338,15956344,5650339,5650345,6639184,8017804,12219461,12219467,15956332,15956338,15956344,5650339,5650345,6639184,8017804,12219461,12219467,15956332,15956338,15956344,5650339,5650345,6639184,8017804,12219461,12219467,15956332,15956338,15956344,5650339,5650345,6639184,8017804,12219461,12219467,15956332,15956338,15956344,5650339,5650345,6639184,8017804,12219461,12219467,15956332,15956338,15956344,5650339,5650345,6639184,8017804,12219461,12219467,15956332,15956338,15956344,5650339,5650345,6639184,8017804,12219461,12219467,15956332,15956338,15956344,5650339,5650345,6639184,8017804,12219461,12219467,15956332,15956338,15956344,5650339,5650345,6639184,8017804,12219461,12219467,15956332,15956338,15956344,5650339,5650345,6639184,8017804,12219461,12219467,15956332,15956338,15956344,5650339,5650345,6639184,8017804,12219461,12219467,15956332,15956338,15956344,5650339,5650345,6639184,8017804,12219461,12219467,15956332,15956338,15956344,5650339,5650345,6639184,8017804,12219461,12219467,15956332,15956338,15956344,5650339,5650345,6639184,8017804,12219461,12219467,15956332,15956338,15956344,5650339,5650345,6639184,8017804,12219461,12219467,15956332,15956338,15956344,5650339,5650345,6639184,8017804,12219461,12219467,15956332,15956338,15956344,5650339,5650345,6639184,8017804,12219461,12219467,15956332,15956338,15956344,5650339,5650345,6639184,8017804,12219461,12219467,15956332,15956338,15956344,5650339,5650345,6639184,8017804,12219461,12219467,15956332,15956338,15956344,5650339,5650345,6639184,8017804,12219461,12219467,15956332,15956338,15956344,5650339,5650345,6639184,8017804,12219461,12219467,15956332,15956338,15956344,5650339,5650345,6639184,8017804,12219461,12219467,15956332,15956338,15956344,5650339,5650345,6639184,8017804,12219461,12219467,15956332,15956338,15956344,5650339,5650345,6639184,8017804,12219461,12219467,15956332,15956338,15956344,5650339,5650345,6639184,8017804,12219461,12219467,15956332,15956338,15956344,5650339,5650345,6639184,8017804,12219461,12219467,15956332,15956338,15956344,5650339,5650345,6639184,8017804,12219461,12219467,15956332,15956338,15956344,5650339,5650345,6639184,8017804,12219461,12219467,15956332,15956338,15956344,5650339,5650345,6639184,8017804,12219461,12219467,15956332,15956338,15956344,5650339,5650345,6639184,8017804,12219461,12219467,15956332,15956338,15956344,5650339,5650345,6639184,8017804,12219461,12219467,15956332,15956338,15956344,5650339,5650345,6639184,8017804,12219461,12219467,15956332,15956338,15956344,5650339,5650345,6639184,8017804,12219461,12219467,15956332,15956338,15956344,5650339,5650345,6639184,8017804,12219461,12219467,15956332,15956338,15956344,5650339,5650345,6639184,8017804,12219461,12219467,15956332,15956338,15956344,5650339,5650345,6639184,8017804,12219461,12219467,15956332,15956338,15956344,5650339,5650345,6639184,8017804,12219461,12219467,15956332,15956338,15956344,5650339,5650345,6639184,8017804,12219461,12219467,15956332,15956338,15956344,5650339,5650345,6639184,8017804,12219461,12219467,15956332,15956338,15956344,5650339,5650345,6639184,8017804,12219461,12219467,15956332,15956338,15956344,5650339,5650345,6639184,8017804,12219461,12219467,15956332,15956338,15956344,5650339,5650345,6639184,8017804,12219461,12219467,15956332,15956338,15956344,5650339,5650345,6639184,8017804,12219461,12219467,15956332,15956338,15956344,5650339,5650345,6639184,8017804,12219461,12219467,15956332,15956338,15956344,5650339,5650345,6639184,8017804,12219461,12219467,15956332,15956338,15956344,5650339,5650345,6639184,8017804,12219461,12219467,15956332,15956338,15956344,5650339,5650345,6639184,8017804,12219461,12219467,15956332,15956338,15956344,5650339,5650345,6639184,8017804,12219461,12219467,15956332,15956338,15956344,5650339,5650345,6639184,8017804,12219461,12219467,15956332,15956338,15956344,5650339,5650345,6639184,8017804,12219461,12219467,15956332,15956338,15956344,5650339,5650345,6639184,8017804,12219461,12219467,15956332,15956338,15956344,5650339,5650345,6639184,8017804,12219461,12219467,15956332,15956338,15956344,5650339,5650345,6639184,8017804,12219461,12219467,15956332,15956338,15956344
X	tcttgatcaggatcaatagccgagtcgatc	705281,15903228,20930599,21037057,22838103,23090989,23104764
X	tgatcaggatcaatagccgagtcgatctgg	21037060
X	tgcaacaggcagaaggaagcgtttccgacc	6881005
X	tgtatctgtatctgtatctgtatctgtatc	5650341,5650347,8017800,12219463,12219469,15956334,15956340,15956346,5650341,5650347,8017800,12219463,12219469,15956334,15956340,15956346,5650341,5650347,8017800,12219463,12219469,15956334,15956340,15956346,5650341,5650347,8017800,12219463,12219469,15956334,15956340,15956346,5650341,5650347,8017800,12219463,12219469,15956334,15956340,15956346,5650341,5650347,8017800,12219463,12219469,15956334,15956340,15956346,5650341,5650347,8017800,12219463,12219469,15956334,15956340,15956346,5650341,5650347,8017800,12219463,12219469,15956334,15956340,15956346,5650341,5650347,8017800,12219463,12219469,15956334,15956340,15956346,5650341,5650347,8017800,12219463,12219469,15956334,15956340,15956346,5650341,5650347,8017800,12219463,12219469,15956334,15956340,15956346,5650341,5650347,8017800,12219463,12219469,15956334,15956340,15956346,5650341,5650347,8017800,12219463,12219469,15956334,15956340,15956346,5650341,5650347,8017800,12219463,12219469,15956334,15956340,15956346,5650341,5650347,8017800,12219463,12219469,15956334,15956340,15956346,5650341,5650347,8017800,12219463,12219469,15956334,15956340,15956346,5650341,5650347,8017800,12219463,12219469,15956334,15956340,15956346,5650341,5650347,8017800,12219463,12219469,15956334,15956340,15956346,5650341,5650347,8017800,12219463,12219469,15956334,15956340,15956346,5650341,5650347,8017800,12219463,12219469,15956334,15956340,15956346,5650341,5650347,8017800,12219463,12219469,15956334,15956340,15956346,5650341,5650347,8017800,12219463,12219469,15956334,15956340,15956346,5650341,5650347,8017800,12219463,12219469,15956334,15956340,15956346,5650341,5650347,8017800,12219463,12219469,15956334,15956340,15956346,5650341,5650347,8017800,12219463,12219469,15956334,15956340,15956346,5650341,5650347,8017800,12219463,12219469,15956334,15956340,15956346,5650341,5650347,8017800,12219463,12219469,15956334,15956340,15956346,5650341,5650347,8017800,12219463,12219469,15956334,15956340,15956346,5650341,5650347,8017800,12219463,12219469,15956334,15956340,15956346,5650341,5650347,8017800,12219463,12219469,15956334,15956340,15956346,5650341,5650347,8017800,12219463,12219469,15956334,15956340,15956346,5650341,5650347,8017800,12219463,12219469,15956334,15956340,15956346,5650341,5650347,8017800,12219463,12219469,15956334,15956340,15956346,5650341,5650347,8017800,12219463,12219469,15956334,15956340,15956346,5650341,5650347,8017800,12219463,12219469,15956334,15956340,15956346,5650341,5650347,8017800,12219463,12219469,15956334,15956340,15956346,5650341,5650347,8017800,12219463,12219469,15956334,15956340,15956346,5650341,5650347,8017800,12219463,12219469,15956334,15956340,15956346,5650341,5650347,8017800,12219463,12219469,15956334,15956340,15956346,5650341,5650347,8017800,12219463,12219469,15956334,15956340,15956346,5650341,5650347,8017800,12219463,12219469,15956334,15956340,15956346,5650341,5650347,8017800,12219463,12219469,15956334,15956340,15956346,5650341,5650347,8017800,12219463,12219469,15956334,15956340,15956346,5650341,5650347,8017800,12219463,12219469,15956334,15956340,15956346,5650341,5650347,8017800,12219463,12219469,15956334,15956340,15956346,5650341,5650347,8017800,12219463,12219469,15956334,15956340,15956346,5650341,5650347,8017800,12219463,12219469,15956334,15956340,15956346,5650341,5650347,8017800,12219463,12219469,15956334,15956340,15956346,5650341,5650347,8017800,12219463,12219469,15956334,15956340,15956346,5650341,5650347,8017800,12219463,12219469,15956334,15956340,15956346,5650341,5650347,8017800,12219463,12219469,15956334,15956340,15956346,5650341,5650347,8017800,12219463,12219469,15956334,15956340,15956346,5650341,5650347,8017800,12219463,12219469,15956334,15956340,15956346,5650341,5650347,8017800,12219463,12219469,15956334,15956340,15956346,5650341,5650347,8017800,12219463,12219469,15956334,15956340,15956346,5650341,5650347,8017800,12219463,12219469,15956334,15956340,15956346,5650341,5650347,8017800,12219463,12219469,15956334,15956340,15956346,5650341,5650347,8017800,12219463,12219469,15956334,15956340,15956346,5650341,5650347,8017800,12219463,12219469,15956334,15956340,15956346,5650341,5650347,8017800,12219463,12219469,15956334,15956340,15956346,5650341,5650347,8017800,12219463,12219469,15956334,15956340,15956346,5650341,5650347,8017800,12219463,12219469,15956334,15956340,15956346,5650341,5650347,8017800,12219463,12219469,15956334,15956340,15956346,5650341,5650347,8017800,12219463,12219469,15956334,15956340,15956346,5650341,5650347,8017800,12219463,12219469,15956334,15956340,15956346,5650341,5650347,8017800,12219463,12219469,15956334,15956340,15956346,5650341,5650347,8017800,12219463,12219469,15956334,15956340,15956346,5650341,5650347,8017800,12219463,12219469,15956334,15956340,15956346
X	tgtgaatcaactgaggtcctcacgccaaat	14172610,14317119
X	ttcttgatcaggatcaatagccgagtcgat	705280,15903227,20930598,21037056,22516653,22602054,22838102,23090988,23104763
X	ttcttgattaggatcaatagccgagtcgat	168151
X	ttgatcaggatcaatagccgagtcgatctg	705283,15903230,21037059
