X	aatctataccgtcttgacttgactgatcaa	15836250
X	acagatacagatacagatacagatacagat	5599068,5599074,5839685,15548255,15548261,15548267,15548273,15548279,15548285,15548291,15548297,15548303,15548309,15548315,15548321,15548327,15548333,15548339,15548345,15548351,15548357,15548363,15548369,15548375,15548381,15548387,15548393,15548399,15548405,15548411,15548417,15548423,15548429,15548435,15548441,15548447,15548453,15548459,15548465,15548471,15548477,15548483,15548489,15548495,15548501,15548507,15548513,15548519,15548525,15548531,15548537,15548543,15548549,15548555,15548561,15548567,15548573,15548579,15548585,15548591,15548597,15548603,15548609,15548615,15548621,15548627,15548633,15548639,15548645,15548651,15548657,21471387,21471423,21471429,21471435,21471441,21471447,21471453,21471537,21471543,21471603,21471609,21471615,21471621,21471627,21471633,21471639,21471645,21471651,21471657,21471663,21471669,21471675,21471681,21471687,21471693,21471699,21471705,21471711,21471717,21471723,21471729,21471735,21471741,21471747,21471753,21471759,21471765,21471771,21471777,21471783,21471819,21471825,21471831,21471837,21471843,21471849,21471885,21471891,21471897,21471903,21471909,21471915,21471921,21471927,21471933,21471939,21471945,21471951,21471957,21471963,21471969,21471975,21471981,21471987,21471993,21471999,21472005,21472011,21472017,21472023,21472029,21472035,21472071,21472077,21472083,21472089,21472095,21472101,21472107,21472113,21472119,21472125,21472131,21472137,21472143,21472149,5599068,5599074,5839685,15548255,15548261,15548267,15548273,15548279,15548285,15548291,15548297,15548303,15548309,15548315,15548321,15548327,15548333,15548339,15548345,15548351,15548357,15548363,15548369,15548375,15548381,15548387,15548393,15548399,15548405,15548411,15548417,15548423,15548429,15548435,15548441,15548447,15548453,15548459,15548465,15548471,15548477,15548483,15548489,15548495,15548501,15548507,15548513,15548519,15548525,15548531,15548537,15548543,15548549,15548555,15548561,15548567,15548573,15548579,15548585,15548591,15548597,15548603,15548609,15548615,15548621,15548627,15548633,15548639,15548645,15548651,15548657,21471387,21471423,21471429,21471435,21471441,21471447,21471453,21471537,21471543,21471603,21471609,21471615,21471621,21471627,21471633,21471639,21471645,21471651,21471657,21471663,21471669,21471675,21471681,21471687,21471693,21471699,21471705,21471711,21471717,21471723,21471729,21471735,21471741,21471747,21471753,21471759,21471765,21471771,21471777,21471783,21471819,21471825,21471831,21471837,21471843,21471849,21471885,21471891,21471897,21471903,21471909,21471915,21471921,21471927,21471933,21471939,21471945,21471951,21471957,21471963,21471969,21471975,21471981,21471987,21471993,21471999,21472005,21472011,21472017,21472023,21472029,21472035,21472071,21472077,21472083,21472089,21472095,21472101,21472107,21472113,21472119,21472125,21472131,21472137,21472143,21472149,5599068,5599074,5839685,15548255,15548261,15548267,15548273,15548279,15548285,15548291,15548297,15548303,15548309,15548315,15548321,15548327,15548333,15548339,15548345,15548351,15548357,15548363,15548369,15548375,15548381,15548387,15548393,15548399,15548405,15548411,15548417,15548423,15548429,15548435,15548441,15548447,15548453,15548459,15548465,15548471,15548477,15548483,15548489,15548495,15548501,15548507,15548513,15548519,15548525,15548531,15548537,15548543,15548549,15548555,15548561,15548567,15548573,15548579,15548585,15548591,15548597,15548603,15548609,15548615,15548621,15548627,15548633,15548639,15548645,15548651,15548657,21471387,21471423,21471429,21471435,21471441,21471447,21471453,21471537,21471543,21471603,21471609,21471615,21471621,21471627,21471633,21471639,21471645,21471651,21471657,21471663,21471669,21471675,21471681,21471687,21471693,21471699,21471705,21471711,21471717,21471723,21471729,21471735,21471741,21471747,21471753,21471759,21471765,21471771,21471777,21471783,21471819,21471825,21471831,21471837,21471843,21471849,21471885,21471891,21471897,21471903,21471909,21471915,21471921,21471927,21471933,21471939,21471945,21471951,21471957,21471963,21471969,21471975,21471981,21471987,21471993,21471999,21472005,21472011,21472017,21472023,21472029,21472035,21472071,21472077,21472083,21472089,21472095,21472101,21472107,21472113,21472119,21472125,21472131,21472137,21472143,21472149
X	acagatacagatacagatgcagatacagat	3306856,9204873,9204897,3306856,9204873,9204897
X	acagatacagatgcagatacagatacagat	3306862,9204879,3306862,9204879,3306862,9204879,3306862,9204879
X	acagatgcagatacagatacagatacagat	5924184,9204885,5924184,9204885
X	acatgcatacatacatacatacatacatac	6480692
X	accgtcttgacttgactgatcaagggcatg	15836257
X	actcagctagtgtgaatgcgaacgcgaaat	6757609,19191771,20460692,21388114,22968849
X	acttgactgatcaagggcatgacaaaggat	15836266
X	agaatctataccgtcttgacttgactgatc	15836248
X	agatacagatacagatacagatacagatac	5599070,5839681,5839687,15548257,15548263,15548269,15548275,15548281,15548287,15548293,15548299,15548305,15548311,15548317,15548323,15548329,15548335,15548341,15548347,15548353,15548359,15548365,15548371,15548377,15548383,15548389,15548395,15548401,15548407,15548413,15548419,15548425,15548431,15548437,15548443,15548449,15548455,15548461,15548467,15548473,15548479,15548485,15548491,15548497,15548503,15548509,15548515,15548521,15548527,15548533,15548539,15548545,15548551,15548557,15548563,15548569,15548575,15548581,15548587,15548593,15548599,15548605,15548611,15548617,15548623,15548629,15548635,15548641,15548647,15548653,15548659,21471419,21471425,21471431,21471437,21471443,21471449,21471539,21471545,21471605,21471611,21471617,21471623,21471629,21471635,21471641,21471647,21471653,21471659,21471665,21471671,21471677,21471683,21471689,21471695,21471701,21471707,21471713,21471719,21471725,21471731,21471737,21471743,21471749,21471755,21471761,21471767,21471773,21471779,21471785,21471821,21471827,21471833,21471839,21471845,21471881,21471887,21471893,21471899,21471905,21471911,21471917,21471923,21471929,21471935,21471941,21471947,21471953,21471959,21471965,21471971,21471977,21471983,21471989,21471995,21472001,21472007,21472013,21472019,21472025,21472031,21472037,21472073,21472079,21472085,21472091,21472097,21472103,21472109,21472115,21472121,21472127,21472133,21472139,21472145,5599070,5839681,5839687,15548257,15548263,15548269,15548275,15548281,15548287,15548293,15548299,15548305,15548311,15548317,15548323,15548329,15548335,15548341,15548347,15548353,15548359,15548365,15548371,15548377,15548383,15548389,15548395,15548401,15548407,15548413,15548419,15548425,15548431,15548437,15548443,15548449,15548455,15548461,15548467,15548473,15548479,15548485,15548491,15548497,15548503,15548509,15548515,15548521,15548527,15548533,15548539,15548545,15548551,15548557,15548563,15548569,15548575,15548581,15548587,15548593,15548599,15548605,15548611,15548617,15548623,15548629,15548635,15548641,15548647,15548653,15548659,21471419,21471425,21471431,21471437,21471443,21471449,21471539,21471545,21471605,21471611,21471617,21471623,21471629,21471635,21471641,21471647,21471653,21471659,21471665,21471671,21471677,21471683,21471689,21471695,21471701,21471707,21471713,21471719,21471725,21471731,21471737,21471743,21471749,21471755,21471761,21471767,21471773,21471779,21471785,21471821,21471827,21471833,21471839,21471845,21471881,21471887,21471893,21471899,21471905,21471911,21471917,21471923,21471929,21471935,21471941,21471947,21471953,21471959,21471965,21471971,21471977,21471983,21471989,21471995,21472001,21472007,21472013,21472019,21472025,21472031,21472037,21472073,21472079,21472085,21472091,21472097,21472103,21472109,21472115,21472121,21472127,21472133,21472139,21472145,5599070,5839681,5839687,15548257,15548263,15548269,15548275,15548281,15548287,15548293,15548299,15548305,15548311,15548317,15548323,15548329,15548335,15548341,15548347,15548353,15548359,15548365,15548371,15548377,15548383,15548389,15548395,15548401,15548407,15548413,15548419,15548425,15548431,15548437,15548443,15548449,15548455,15548461,15548467,15548473,15548479,15548485,15548491,15548497,15548503,15548509,15548515,15548521,15548527,15548533,15548539,15548545,15548551,15548557,15548563,15548569,15548575,15548581,15548587,15548593,15548599,15548605,15548611,15548617,15548623,15548629,15548635,15548641,15548647,15548653,15548659,21471419,21471425,21471431,21471437,21471443,21471449,21471539,21471545,21471605,21471611,21471617,21471623,21471629,21471635,21471641,21471647,21471653,21471659,21471665,21471671,21471677,21471683,21471689,21471695,21471701,21471707,21471713,21471719,21471725,21471731,21471737,21471743,21471749,21471755,21471761,21471767,21471773,21471779,21471785,21471821,21471827,21471833,21471839,21471845,21471881,21471887,21471893,21471899,21471905,21471911,21471917,21471923,21471929,21471935,21471941,21471947,21471953,21471959,21471965,21471971,21471977,21471983,21471989,21471995,21472001,21472007,21472013,21472019,21472025,21472031,21472037,21472073,21472079,21472085,21472091,21472097,21472103,21472109,21472115,21472121,21472127,21472133,21472139,21472145,5599070,5839681,5839687,15548257,15548263,15548269,15548275,15548281,15548287,15548293,15548299,15548305,15548311,15548317,15548323,15548329,15548335,15548341,15548347,15548353,15548359,15548365,15548371,15548377,15548383,15548389,15548395,15548401,15548407,15548413,15548419,15548425,15548431,15548437,15548443,15548449,15548455,15548461,15548467,15548473,15548479,15548485,15548491,15548497,15548503,15548509,15548515,15548521,15548527,15548533,15548539,15548545,15548551,15548557,15548563,15548569,15548575,15548581,15548587,15548593,15548599,15548605,15548611,15548617,15548623,15548629,15548635,15548641,15548647,15548653,15548659,21471419,21471425,21471431,21471437,21471443,21471449,21471539,21471545,21471605,21471611,21471617,21471623,21471629,21471635,21471641,21471647,21471653,21471659,21471665,21471671,21471677,21471683,21471689,21471695,21471701,21471707,21471713,21471719,21471725,21471731,21471737,21471743,21471749,21471755,21471761,21471767,21471773,21471779,21471785,21471821,21471827,21471833,21471839,21471845,21471881,21471887,21471893,21471899,21471905,21471911,21471917,21471923,21471929,21471935,21471941,21471947,21471953,21471959,21471965,21471971,21471977,21471983,21471989,21471995,21472001,21472007,21472013,21472019,21472025,21472031,21472037,21472073,21472079,21472085,21472091,21472097,21472103,21472109,21472115,21472121,21472127,21472133,21472139,21472145
X	agatacagatacagatacagatgcagatac	3306852,9204893,3306852,9204893
X	agatacagatacagatgcagatacagatac	3306858,9204875,9204899,3306858,9204875,9204899,3306858,9204875,9204899,3306858,9204875,9204899
X	agatacagatgcagatacagatacagatac	3306864,9204881,3306864,9204881,3306864,9204881
X	agatgcagatacagatacagatacagatac	5924186,5924186
X	atacagatacagatacagatacagatacag	5599072,5839683,15548259,15548265,15548271,15548277,15548283,15548289,15548295,15548301,15548307,15548313,15548319,15548325,15548331,15548337,15548343,15548349,15548355,15548361,15548367,15548373,15548379,15548385,15548391,15548397,15548403,15548409,15548415,15548421,15548427,15548433,15548439,15548445,15548451,15548457,15548463,15548469,15548475,15548481,15548487,15548493,15548499,15548505,15548511,15548517,15548523,15548529,15548535,15548541,15548547,15548553,15548559,15548565,15548571,15548577,15548583,15548589,15548595,15548601,15548607,15548613,15548619,15548625,15548631,15548637,15548643,15548649,15548655,15548661,21471385,21471421,21471427,21471433,21471439,21471445,21471451,21471541,21471601,21471607,21471613,21471619,21471625,21471631,21471637,21471643,21471649,21471655,21471661,21471667,21471673,21471679,21471685,21471691,21471697,21471703,21471709,21471715,21471721,21471727,21471733,21471739,21471745,21471751,21471757,21471763,21471769,21471775,21471781,21471817,21471823,21471829,21471835,21471841,21471847,21471883,21471889,21471895,21471901,21471907,21471913,21471919,21471925,21471931,21471937,21471943,21471949,21471955,21471961,21471967,21471973,21471979,21471985,21471991,21471997,21472003,21472009,21472015,21472021,21472027,21472033,21472069,21472075,21472081,21472087,21472093,21472099,21472105,21472111,21472117,21472123,21472129,21472135,21472141,21472147,5599072,5839683,15548259,15548265,15548271,15548277,15548283,15548289,15548295,15548301,15548307,15548313,15548319,15548325,15548331,15548337,15548343,15548349,15548355,15548361,15548367,15548373,15548379,15548385,15548391,15548397,15548403,15548409,15548415,15548421,15548427,15548433,15548439,15548445,15548451,15548457,15548463,15548469,15548475,15548481,15548487,15548493,15548499,15548505,15548511,15548517,15548523,15548529,15548535,15548541,15548547,15548553,15548559,15548565,15548571,15548577,15548583,15548589,15548595,15548601,15548607,15548613,15548619,15548625,15548631,15548637,15548643,15548649,15548655,15548661,21471385,21471421,21471427,21471433,21471439,21471445,21471451,21471541,21471601,21471607,21471613,21471619,21471625,21471631,21471637,21471643,21471649,21471655,21471661,21471667,21471673,21471679,21471685,21471691,21471697,21471703,21471709,21471715,21471721,21471727,21471733,21471739,21471745,21471751,21471757,21471763,21471769,21471775,21471781,21471817,21471823,21471829,21471835,21471841,21471847,21471883,21471889,21471895,21471901,21471907,21471913,21471919,21471925,21471931,21471937,21471943,21471949,21471955,21471961,21471967,21471973,21471979,21471985,21471991,21471997,21472003,21472009,21472015,21472021,21472027,21472033,21472069,21472075,21472081,21472087,21472093,21472099,21472105,21472111,21472117,21472123,21472129,21472135,21472141,21472147,5599072,5839683,15548259,15548265,15548271,15548277,15548283,15548289,15548295,15548301,15548307,15548313,15548319,15548325,15548331,15548337,15548343,15548349,15548355,15548361,15548367,15548373,15548379,15548385,15548391,15548397,15548403,15548409,15548415,15548421,15548427,15548433,15548439,15548445,15548451,15548457,15548463,15548469,15548475,15548481,15548487,15548493,15548499,15548505,15548511,15548517,15548523,15548529,15548535,15548541,15548547,15548553,15548559,15548565,15548571,15548577,15548583,15548589,15548595,15548601,15548607,15548613,15548619,15548625,15548631,15548637,15548643,15548649,15548655,15548661,21471385,21471421,21471427,21471433,21471439,21471445,21471451,21471541,21471601,21471607,21471613,21471619,21471625,21471631,21471637,21471643,21471649,21471655,21471661,21471667,21471673,21471679,21471685,21471691,21471697,21471703,21471709,21471715,21471721,21471727,21471733,21471739,21471745,21471751,21471757,21471763,21471769,21471775,21471781,21471817,21471823,21471829,21471835,21471841,21471847,21471883,21471889,21471895,21471901,21471907,21471913,21471919,21471925,21471931,21471937,21471943,21471949,21471955,21471961,21471967,21471973,21471979,21471985,21471991,21471997,21472003,21472009,21472015,21472021,21472027,21472033,21472069,21472075,21472081,21472087,21472093,21472099,21472105,21472111,21472117,21472123,21472129,21472135,21472141,21472147
X	atacagatacagatacagatgcagatacag	3306854,9204871,9204895,3306854,9204871,9204895
X	atacagatacagatgcagatacagatacag	3306860,9204877,9204901,3306860,9204877,9204901,3306860,9204877,9204901,3306860,9204877,9204901
X	atacagatgcagatacagatacagatacag	5924182,9204883,5924182,9204883,5924182,9204883
X	ataccgtcttgacttgactgatcaagggca	15836255
X	atagaatctataccgtcttgacttgactga	15836246
X	atctataccgtcttgacttgactgatcaag	15836251
X	atgcagatacagatacagatacagatacag	5924188,5924188,5924188
X	cagatacagatacagatacagatacagata	5599069,5599075,5839680,5839686,5924191,15548256,15548262,15548268,15548274,15548280,15548286,15548292,15548298,15548304,15548310,15548316,15548322,15548328,15548334,15548340,15548346,15548352,15548358,15548364,15548370,15548376,15548382,15548388,15548394,15548400,15548406,15548412,15548418,15548424,15548430,15548436,15548442,15548448,15548454,15548460,15548466,15548472,15548478,15548484,15548490,15548496,15548502,15548508,15548514,15548520,15548526,15548532,15548538,15548544,15548550,15548556,15548562,15548568,15548574,15548580,15548586,15548592,15548598,15548604,15548610,15548616,15548622,15548628,15548634,15548640,15548646,15548652,15548658,21471418,21471424,21471430,21471436,21471442,21471448,21471538,21471544,21471604,21471610,21471616,21471622,21471628,21471634,21471640,21471646,21471652,21471658,21471664,21471670,21471676,21471682,21471688,21471694,21471700,21471706,21471712,21471718,21471724,21471730,21471736,21471742,21471748,21471754,21471760,21471766,21471772,21471778,21471784,21471820,21471826,21471832,21471838,21471844,21471880,21471886,21471892,21471898,21471904,21471910,21471916,21471922,21471928,21471934,21471940,21471946,21471952,21471958,21471964,21471970,21471976,21471982,21471988,21471994,21472000,21472006,21472012,21472018,21472024,21472030,21472036,21472072,21472078,21472084,21472090,21472096,21472102,21472108,21472114,21472120,21472126,21472132,21472138,21472144,21472150,5599069,5599075,5839680,5839686,5924191,15548256,15548262,15548268,15548274,15548280,15548286,15548292,15548298,15548304,15548310,15548316,15548322,15548328,15548334,15548340,15548346,15548352,15548358,15548364,15548370,15548376,15548382,15548388,15548394,15548400,15548406,15548412,15548418,15548424,15548430,15548436,15548442,15548448,15548454,15548460,15548466,15548472,15548478,15548484,15548490,15548496,15548502,15548508,15548514,15548520,15548526,15548532,15548538,15548544,15548550,15548556,15548562,15548568,15548574,15548580,15548586,15548592,15548598,15548604,15548610,15548616,15548622,15548628,15548634,15548640,15548646,15548652,15548658,21471418,21471424,21471430,21471436,21471442,21471448,21471538,21471544,21471604,21471610,21471616,21471622,21471628,21471634,21471640,21471646,21471652,21471658,21471664,21471670,21471676,21471682,21471688,21471694,21471700,21471706,21471712,21471718,21471724,21471730,21471736,21471742,21471748,21471754,21471760,21471766,21471772,21471778,21471784,21471820,21471826,21471832,21471838,21471844,21471880,21471886,21471892,21471898,21471904,21471910,21471916,21471922,21471928,21471934,21471940,21471946,21471952,21471958,21471964,21471970,21471976,21471982,21471988,21471994,21472000,21472006,21472012,21472018,21472024,21472030,21472036,21472072,21472078,21472084,21472090,21472096,21472102,21472108,21472114,21472120,21472126,21472132,21472138,21472144,21472150,5599069,5599075,5839680,5839686,5924191,15548256,15548262,15548268,15548274,15548280,15548286,15548292,15548298,15548304,15548310,15548316,15548322,15548328,15548334,15548340,15548346,15548352,15548358,15548364,15548370,15548376,15548382,15548388,15548394,15548400,15548406,15548412,15548418,15548424,15548430,15548436,15548442,15548448,15548454,15548460,15548466,15548472,15548478,15548484,15548490,15548496,15548502,15548508,15548514,15548520,15548526,15548532,15548538,15548544,15548550,15548556,15548562,15548568,15548574,15548580,15548586,15548592,15548598,15548604,15548610,15548616,15548622,15548628,15548634,15548640,15548646,15548652,15548658,21471418,21471424,21471430,21471436,21471442,21471448,21471538,21471544,21471604,21471610,21471616,21471622,21471628,21471634,21471640,21471646,21471652,21471658,21471664,21471670,21471676,21471682,21471688,21471694,21471700,21471706,21471712,21471718,21471724,21471730,21471736,21471742,21471748,21471754,21471760,21471766,21471772,21471778,21471784,21471820,21471826,21471832,21471838,21471844,21471880,21471886,21471892,21471898,21471904,21471910,21471916,21471922,21471928,21471934,21471940,21471946,21471952,21471958,21471964,21471970,21471976,21471982,21471988,21471994,21472000,21472006,21472012,21472018,21472024,21472030,21472036,21472072,21472078,21472084,21472090,21472096,21472102,21472108,21472114,21472120,21472126,21472132,21472138,21472144,21472150,5599069,5599075,5839680,5839686,5924191,15548256,15548262,15548268,15548274,15548280,15548286,15548292,15548298,15548304,15548310,15548316,15548322,15548328,15548334,15548340,15548346,15548352,15548358,15548364,15548370,15548376,15548382,15548388,15548394,15548400,15548406,15548412,15548418,15548424,15548430,15548436,15548442,15548448,15548454,15548460,15548466,15548472,15548478,15548484,15548490,15548496,15548502,15548508,15548514,15548520,15548526,15548532,15548538,15548544,15548550,15548556,15548562,15548568,15548574,15548580,15548586,15548592,15548598,15548604,15548610,15548616,15548622,15548628,15548634,15548640,15548646,15548652,15548658,21471418,21471424,21471430,21471436,21471442,21471448,21471538,21471544,21471604,21471610,21471616,21471622,21471628,21471634,21471640,21471646,21471652,21471658,21471664,21471670,21471676,21471682,21471688,21471694,21471700,21471706,21471712,21471718,21471724,21471730,21471736,21471742,21471748,21471754,21471760,21471766,21471772,21471778,21471784,21471820,21471826,21471832,21471838,21471844,21471880,21471886,21471892,21471898,21471904,21471910,21471916,21471922,21471928,21471934,21471940,21471946,21471952,21471958,21471964,21471970,21471976,21471982,21471988,21471994,21472000,21472006,21472012,21472018,21472024,21472030,21472036,21472072,21472078,21472084,21472090,21472096,21472102,21472108,21472114,21472120,21472126,21472132,21472138,21472144,21472150
X	cagatacagatacagatacagatgcagata	3306851,9204892,3306851,9204892
X	cagatacagatacagatgcagatacagata	3306857,9204874,9204898,3306857,9204874,9204898,3306857,9204874,9204898
X	cagatacagatgcagatacagatacagata	3306863,9204880,3306863,9204880,3306863,9204880
X	cagatgcagatacagatacagatacagata	5924185,5924185
X	catgcatacatacatacatacatacataca	6480693
X	ccgtcttgacttgactgatcaagggcatga	15836258
X	cgactatcagatacccattactcagctagt	12249002
X	cgatagaatctataccgtcttgacttgact	15836244
X	cgtcttgacttgactgatcaagggcatgac	15836259
X	ctataccgtcttgacttgactgatcaaggg	15836253
X	ctcagctagtgtgaatgcgaacgcgaaatt	6757610,19191772,20460693,21388115,22968850
X	cttgactgatcaagggcatgacaaaggatg	15836267
X	cttgacttgactgatcaagggcatgacaaa	15836262
X	gaatctataccgtcttgacttgactgatca	15836249
X	gactatcagatacccattactcagctagtg	12249003
X	gacttgactgatcaagggcatgacaaagga	15836265
X	gatacagatacagatacagatacagataca	5599071,5839682,5839688,15548258,15548264,15548270,15548276,15548282,15548288,15548294,15548300,15548306,15548312,15548318,15548324,15548330,15548336,15548342,15548348,15548354,15548360,15548366,15548372,15548378,15548384,15548390,15548396,15548402,15548408,15548414,15548420,15548426,15548432,15548438,15548444,15548450,15548456,15548462,15548468,15548474,15548480,15548486,15548492,15548498,15548504,15548510,15548516,15548522,15548528,15548534,15548540,15548546,15548552,15548558,15548564,15548570,15548576,15548582,15548588,15548594,15548600,15548606,15548612,15548618,15548624,15548630,15548636,15548642,15548648,15548654,15548660,21471420,21471426,21471432,21471438,21471444,21471450,21471540,21471606,21471612,21471618,21471624,21471630,21471636,21471642,21471648,21471654,21471660,21471666,21471672,21471678,21471684,21471690,21471696,21471702,21471708,21471714,21471720,21471726,21471732,21471738,21471744,21471750,21471756,21471762,21471768,21471774,21471780,21471786,21471822,21471828,21471834,21471840,21471846,21471882,21471888,21471894,21471900,21471906,21471912,21471918,21471924,21471930,21471936,21471942,21471948,21471954,21471960,21471966,21471972,21471978,21471984,21471990,21471996,21472002,21472008,21472014,21472020,21472026,21472032,21472038,21472074,21472080,21472086,21472092,21472098,21472104,21472110,21472116,21472122,21472128,21472134,21472140,21472146,5599071,5839682,5839688,15548258,15548264,15548270,15548276,15548282,15548288,15548294,15548300,15548306,15548312,15548318,15548324,15548330,15548336,15548342,15548348,15548354,15548360,15548366,15548372,15548378,15548384,15548390,15548396,15548402,15548408,15548414,15548420,15548426,15548432,15548438,15548444,15548450,15548456,15548462,15548468,15548474,15548480,15548486,15548492,15548498,15548504,15548510,15548516,15548522,15548528,15548534,15548540,15548546,15548552,15548558,15548564,15548570,15548576,15548582,15548588,15548594,15548600,15548606,15548612,15548618,15548624,15548630,15548636,15548642,15548648,15548654,15548660,21471420,21471426,21471432,21471438,21471444,21471450,21471540,21471606,21471612,21471618,21471624,21471630,21471636,21471642,21471648,21471654,21471660,21471666,21471672,21471678,21471684,21471690,21471696,21471702,21471708,21471714,21471720,21471726,21471732,21471738,21471744,21471750,21471756,21471762,21471768,21471774,21471780,21471786,21471822,21471828,21471834,21471840,21471846,21471882,21471888,21471894,21471900,21471906,21471912,21471918,21471924,21471930,21471936,21471942,21471948,21471954,21471960,21471966,21471972,21471978,21471984,21471990,21471996,21472002,21472008,21472014,21472020,21472026,21472032,21472038,21472074,21472080,21472086,21472092,21472098,21472104,21472110,21472116,21472122,21472128,21472134,21472140,21472146,5599071,5839682,5839688,15548258,15548264,15548270,15548276,15548282,15548288,15548294,15548300,15548306,15548312,15548318,15548324,15548330,15548336,15548342,15548348,15548354,15548360,15548366,15548372,15548378,15548384,15548390,15548396,15548402,15548408,15548414,15548420,15548426,15548432,15548438,15548444,15548450,15548456,15548462,15548468,15548474,15548480,15548486,15548492,15548498,15548504,15548510,15548516,15548522,15548528,15548534,15548540,15548546,15548552,15548558,15548564,15548570,15548576,15548582,15548588,15548594,15548600,15548606,15548612,15548618,15548624,15548630,15548636,15548642,15548648,15548654,15548660,21471420,21471426,21471432,21471438,21471444,21471450,21471540,21471606,21471612,21471618,21471624,21471630,21471636,21471642,21471648,21471654,21471660,21471666,21471672,21471678,21471684,21471690,21471696,21471702,21471708,21471714,21471720,21471726,21471732,21471738,21471744,21471750,21471756,21471762,21471768,21471774,21471780,21471786,21471822,21471828,21471834,21471840,21471846,21471882,21471888,21471894,21471900,21471906,21471912,21471918,21471924,21471930,21471936,21471942,21471948,21471954,21471960,21471966,21471972,21471978,21471984,21471990,21471996,21472002,21472008,21472014,21472020,21472026,21472032,21472038,21472074,21472080,21472086,21472092,21472098,21472104,21472110,21472116,21472122,21472128,21472134,21472140,21472146
X	gatacagatacagatacagatgcagataca	3306853,9204870,9204894,3306853,9204870,9204894
X	gatacagatacagatgcagatacagataca	3306859,9204876,9204900,3306859,9204876,9204900,3306859,9204876,9204900,3306859,9204876,9204900
X	gatacagatgcagatacagatacagataca	5924181,9204882,5924181,9204882,5924181,9204882
X	gatagaatctataccgtcttgacttgactg	15836245
X	gatgcagatacagatacagatacagataca	5924187,5924187
X	gcagatacagatacagatacagatacagat	5839679,5924190,5839679,5924190,5839679,5924190
X	gcgatagaatctataccgtcttgacttgac	15836243
X	ggcgatagaatctataccgtcttgacttga	15836242
X	gtcttgacttgactgatcaagggcatgaca	15836260
X	tacagatacagatacagatacagatacaga	5599073,5839684,15548260,15548266,15548272,15548278,15548284,15548290,15548296,15548302,15548308,15548314,15548320,15548326,15548332,15548338,15548344,15548350,15548356,15548362,15548368,15548374,15548380,15548386,15548392,15548398,15548404,15548410,15548416,15548422,15548428,15548434,15548440,15548446,15548452,15548458,15548464,15548470,15548476,15548482,15548488,15548494,15548500,15548506,15548512,15548518,15548524,15548530,15548536,15548542,15548548,15548554,15548560,15548566,15548572,15548578,15548584,15548590,15548596,15548602,15548608,15548614,15548620,15548626,15548632,15548638,15548644,15548650,15548656,21471386,21471422,21471428,21471434,21471440,21471446,21471452,21471536,21471542,21471602,21471608,21471614,21471620,21471626,21471632,21471638,21471644,21471650,21471656,21471662,21471668,21471674,21471680,21471686,21471692,21471698,21471704,21471710,21471716,21471722,21471728,21471734,21471740,21471746,21471752,21471758,21471764,21471770,21471776,21471782,21471818,21471824,21471830,21471836,21471842,21471848,21471884,21471890,21471896,21471902,21471908,21471914,21471920,21471926,21471932,21471938,21471944,21471950,21471956,21471962,21471968,21471974,21471980,21471986,21471992,21471998,21472004,21472010,21472016,21472022,21472028,21472034,21472070,21472076,21472082,21472088,21472094,21472100,21472106,21472112,21472118,21472124,21472130,21472136,21472142,21472148,5599073,5839684,15548260,15548266,15548272,15548278,15548284,15548290,15548296,15548302,15548308,15548314,15548320,15548326,15548332,15548338,15548344,15548350,15548356,15548362,15548368,15548374,15548380,15548386,15548392,15548398,15548404,15548410,15548416,15548422,15548428,15548434,15548440,15548446,15548452,15548458,15548464,15548470,15548476,15548482,15548488,15548494,15548500,15548506,15548512,15548518,15548524,15548530,15548536,15548542,15548548,15548554,15548560,15548566,15548572,15548578,15548584,15548590,15548596,15548602,15548608,15548614,15548620,15548626,15548632,15548638,15548644,15548650,15548656,21471386,21471422,21471428,21471434,21471440,21471446,21471452,21471536,21471542,21471602,21471608,21471614,21471620,21471626,21471632,21471638,21471644,21471650,21471656,21471662,21471668,21471674,21471680,21471686,21471692,21471698,21471704,21471710,21471716,21471722,21471728,21471734,21471740,21471746,21471752,21471758,21471764,21471770,21471776,21471782,21471818,21471824,21471830,21471836,21471842,21471848,21471884,21471890,21471896,21471902,21471908,21471914,21471920,21471926,21471932,21471938,21471944,21471950,21471956,21471962,21471968,21471974,21471980,21471986,21471992,21471998,21472004,21472010,21472016,21472022,21472028,21472034,21472070,21472076,21472082,21472088,21472094,21472100,21472106,21472112,21472118,21472124,21472130,21472136,21472142,21472148,5599073,5839684,15548260,15548266,15548272,15548278,15548284,15548290,15548296,15548302,15548308,15548314,15548320,15548326,15548332,15548338,15548344,15548350,15548356,15548362,15548368,15548374,15548380,15548386,15548392,15548398,15548404,15548410,15548416,15548422,15548428,15548434,15548440,15548446,15548452,15548458,15548464,15548470,15548476,15548482,15548488,15548494,15548500,15548506,15548512,15548518,15548524,15548530,15548536,15548542,15548548,15548554,15548560,15548566,15548572,15548578,15548584,15548590,15548596,15548602,15548608,15548614,15548620,15548626,15548632,15548638,15548644,15548650,15548656,21471386,21471422,21471428,21471434,21471440,21471446,21471452,21471536,21471542,21471602,21471608,21471614,21471620,21471626,21471632,21471638,21471644,21471650,21471656,21471662,21471668,21471674,21471680,21471686,21471692,21471698,21471704,21471710,21471716,21471722,21471728,21471734,21471740,21471746,21471752,21471758,21471764,21471770,21471776,21471782,21471818,21471824,21471830,21471836,21471842,21471848,21471884,21471890,21471896,21471902,21471908,21471914,21471920,21471926,21471932,21471938,21471944,21471950,21471956,21471962,21471968,21471974,21471980,21471986,21471992,21471998,21472004,21472010,21472016,21472022,21472028,21472034,21472070,21472076,21472082,21472088,21472094,21472100,21472106,21472112,21472118,21472124,21472130,21472136,21472142,21472148
X	tacagatacagatacagatgcagatacaga	3306855,9204872,9204896,3306855,9204872,9204896
X	tacagatacagatgcagatacagatacaga	3306861,9204878,9204902,3306861,9204878,9204902,3306861,9204878,9204902,3306861,9204878,9204902
X	tacagatgcagatacagatacagatacaga	5924183,9204884,5924183,9204884
X	taccgtcttgacttgactgatcaagggcat	15836256
X	tactcagctagtgtgaatgcgaacgcgaaa	6757608,19191770,20460691,21388113,22968848
X	tagaatctataccgtcttgacttgactgat	15836247
X	tataccgtcttgacttgactgatcaagggc	15836254
X	tctataccgtcttgacttgactgatcaagg	15836252
X	tcttgacttgactgatcaagggcatgacaa	15836261
X	tgactgatcaagggcatgacaaaggatggg	15836269
X	tgacttgactgatcaagggcatgacaaagg	15836264
X	tgcagatacagatacagatacagatacaga	5924189,5924189,5924189
X	tgctatagtcgagtttcccgactatcagat	10445605
X	tggcgatagaatctataccgtcttgacttg	15836241
X	ttactcagctagtgtgaatgcgaacgcgaa	6757607,19191769,20460690,21388112,22968847
X	ttgactgatcaagggcatgacaaaggatgg	15836268
X	ttgacttgactgatcaagggcatgacaaag	15836263
X	ttggcgatagaatctataccgtcttgactt	15836240
X	tttggcgatagaatctataccgtcttgact	15836239
