X	agtcagtcagtcagtcagtcagtcagtcag	2552644,2552648,4869719,4869723,4869727,2552644,2552648,4869719,4869723,4869727,2552644,2552648,4869719,4869723,4869727
X	agtcagtcagtcagtcagtcagtcagttag	4963450
X	agtcagtcagtcagtcagtcagttagtcag	4963454
X	atatggtcggaaacgcttccttctgcctgt	15556543,19300803
X	atggtcggaaacgcttccttctgcctgtta	19300805
X	cagtcagtcagtcagtcagtcagtcagtca	2552643,2552647,2552651,4869718,4869722,4869726,4869730,2552643,2552647,2552651,4869718,4869722,4869726,4869730,2552643,2552647,2552651,4869718,4869722,4869726,4869730
X	cagtcagtcagtcagtcagtcagttagtca	4963453
X	ggtcggaaacgcttccttctgcctgttaca	19300807
X	gtcagtcagtcagtcagtcagtcagtcagt	2552641,2552645,2552649,4869720,4869724,4869728,2552641,2552645,2552649,4869720,4869724,4869728,2552641,2552645,2552649,4869720,4869724,4869728,2552641,2552645,2552649,4869720,4869724,4869728
X	gtcagtcagtcagtcagtcagtcagttagt	4963451
X	gtcagtcagtcagtcagtcagttagtcagt	4963455
X	gtcggaaacgcttccttctgcctgttacat	17247727,19300808,19873012,21216417,22508598,22905857,22969292,23029527
X	tatggtcggaaacgcttccttctgcctgtt	15556544,19300804
X	tcagtcagtcagtcagtcagtcagtcagtc	2552642,2552646,2552650,4195360,4869717,4869721,4869725,4869729,2552642,2552646,2552650,4195360,4869717,4869721,4869725,4869729,2552642,2552646,2552650,4195360,4869717,4869721,4869725,4869729
X	tcagtcagtcagtcagtcagtcagttagtc	4963452
X	tcggaaacgcttccttctgcctgttacata	17247728,19300809,19873013,21216418,22508599,22969293,23029528
X	tggtcggaaacgcttccttctgcctgttac	19300806
