X	aacgcactgttacccatgcggcaacttaat	1523206,4700504,4731922,4792489,5338823,7480884,7784334,17431462,19472218,21086244
X	aatgtgtcttggttacttaagactaacaga	1523264,4700562,4731980,4792547,5338881,7480942,7784392,17431520,19472276,21086302
X	acaatgtgtcttggttacttaagactaaca	1523262,4700560,4731978,4792545,5338879,7480940,7784390,17431518,19472274,21086300
X	acagctgcagttcctagcttccttgctagg	4792762,5339096,7481157,19472491,21086517
X	accacagctgcagttcctagcttccttgct	4792759,5339093,7481154,19472488,21086514
X	acccatgcggcaacttaatttgatctgctt	1523217,4700515,4731933,4792500,5338834,7480895,7784345,17431473,19472229,21086255
X	acgcactgttacccatgcggcaacttaatt	1523207,4700505,4731923,4792490,5338824,7480885,7784335,17431463,19472219,21086245
X	actctagtccgagggtcagcattgaccaca	4732168,4792735,5339069,7481130,21086490
X	actgttacccatgcggcaacttaatttgat	1523211,4700509,4731927,4792494,5338828,7480889,7784339,17431467,19472223,21086249
X	agcattgaccacagctgcagttcctagctt	4792752,5339086,7481147,19472481,21086507
X	agctgcagttcctagcttccttgctaggct	4792764,5339098,7481159,19472493,21086519
X	agggtcagcattgaccacagctgcagttcc	4792746,5339080,7481141,19472475,21086501
X	agtccgagggtcagcattgaccacagctgc	4732173,4792740,5339074,7481135,19472469,21086495
X	agttcctagcttccttgctaggctgttggg	4792770,5339104,7481165,19472499,21086525
X	atcaacgcactgttacccatgcggcaactt	1523203,4700501,4731919,4792486,5338820,7480881,7784331,17431459,19472215,21086241
X	atgcggcaacttaatttgatctgcttaaat	1523221,4700519,4731937,4792504,5338838,7480899,7784349,17431477,19472233,21086259
X	atgtgtcttggttacttaagactaacagat	1523265,4700563,4731981,4792548,5338882,7480943,7784393,17431521,19472277,21086303
X	attgaccacagctgcagttcctagcttcct	4792755,5339089,7481150,19472484,21086510
X	atttgatcaacgcactgttacccatgcggc	1523198,4700496,4731914,4792481,5338815,7480876,7784326,17431454,19472210,21086236
X	caacgcactgttacccatgcggcaacttaa	1523205,4700503,4731921,4792488,5338822,7480883,7784333,17431461,19472217,21086243
X	caatgtgtcttggttacttaagactaacag	1523263,4700561,4731979,4792546,5338880,7480941,7784391,17431519,19472275,21086301
X	cacagctgcagttcctagcttccttgctag	4792761,5339095,7481156,19472490,21086516
X	cactgttacccatgcggcaacttaatttga	1523210,4700508,4731926,4792493,5338827,7480888,7784338,17431466,19472222,21086248
X	cagcattgaccacagctgcagttcctagct	4792751,5339085,7481146,19472480,21086506
X	cagctgcagttcctagcttccttgctaggc	4792763,5339097,7481158,19472492,21086518
X	cagttcctagcttccttgctaggctgttgg	4792769,5339103,7481164,19472498,21086524
X	catgcggcaacttaatttgatctgcttaaa	1523220,4700518,4731936,4792503,5338837,7480898,7784348,17431476,19472232,21086258
X	cattgaccacagctgcagttcctagcttcc	4792754,5339088,7481149,19472483,21086509
X	ccacagctgcagttcctagcttccttgcta	4792760,5339094,7481155,19472489,21086515
X	ccatgcggcaacttaatttgatctgcttaa	1523219,4700517,4731935,4792502,5338836,7480897,7784347,17431475,19472231,21086257
X	cccatgcggcaacttaatttgatctgctta	1523218,4700516,4731934,4792501,5338835,7480896,7784346,17431474,19472230,21086256
X	ccgagggtcagcattgaccacagctgcagt	4732176,4792743,5339077,7481138,19472472,21086498
X	cgagggtcagcattgaccacagctgcagtt	4792744,5339078,7481139,19472473,21086499
X	cgcactgttacccatgcggcaacttaattt	1523208,4700506,4731924,4792491,5338825,7480886,7784336,17431464,19472220,21086246
X	cggcaacttaatttgatctgcttaaattat	1523224,4700522,4731940,4792507,5338841,7480902,7784352,17431480,19472236,21086262
X	ctagtccgagggtcagcattgaccacagct	4732171,4792738,5339072,7481133,19472467,21086493
X	ctctagtccgagggtcagcattgaccacag	4732169,4792736,5339070,7481131,19472465,21086491
X	ctgcagttcctagcttccttgctaggctgt	4792766,5339100,7481161,19472495,21086521
X	ctgttacccatgcggcaacttaatttgatc	1523212,4700510,4731928,4792495,5338829,7480890,7784340,17431468,19472224,21086250
X	gaccacagctgcagttcctagcttccttgc	4792758,5339092,7481153,19472487,21086513
X	gactctagtccgagggtcagcattgaccac	4732167,4792734,5339068,7481129,21086489
X	gagggtcagcattgaccacagctgcagttc	4792745,5339079,7481140,19472474,21086500
X	gatcaacgcactgttacccatgcggcaact	1523202,4700500,4731918,4792485,5338819,7480880,7784330,17431458,19472214,21086240
X	gcactgttacccatgcggcaacttaatttg	1523209,4700507,4731925,4792492,5338826,7480887,7784337,17431465,19472221,21086247
X	gcagttcctagcttccttgctaggctgttg	4792768,5339102,7481163,19472497,21086523
X	gcattgaccacagctgcagttcctagcttc	4792753,5339087,7481148,19472482,21086508
X	gcggcaacttaatttgatctgcttaaatta	1523223,4700521,4731939,4792506,5338840,7480901,7784351,17431479,19472235,21086261
X	gctgcagttcctagcttccttgctaggctg	4792765,5339099,7481160,19472494,21086520
X	gggtcagcattgaccacagctgcagttcct	4792747,5339081,7481142,19472476,21086502
X	ggtcagcattgaccacagctgcagttccta	4792748,5339082,7481143,19472477,21086503
X	gtcagcattgaccacagctgcagttcctag	4792749,5339083,7481144,19472478,21086504
X	gtccgagggtcagcattgaccacagctgca	4732174,4792741,5339075,7481136,19472470,21086496
X	gtgtcttggttacttaagactaacagattt	1523267,4700565,4731983,4792550,5338884,7480945,7784395,17431523,19472279,21086305
X	gttacccatgcggcaacttaatttgatctg	1523214,4700512,4731930,4792497,5338831,7480892,7784342,17431470,19472226,21086252
X	tacaatgtgtcttggttacttaagactaac	1523261,4700559,4731977,4792544,5338878,7480939,7784389,17431517,19472273,21086299
X	tacccatgcggcaacttaatttgatctgct	1523216,4700514,4731932,4792499,5338833,7480894,7784344,17431472,19472228,21086254
X	tagtccgagggtcagcattgaccacagctg	4732172,4792739,5339073,7481134,19472468,21086494
X	tatttgatcaacgcactgttacccatgcgg	1523197,4700495,4731913,4792480,5338814,7480875,7784325,17431453,19472209,21086235
X	tcaacgcactgttacccatgcggcaactta	1523204,4700502,4731920,4792487,5338821,7480882,7784332,17431460,19472216,21086242
X	tcagcattgaccacagctgcagttcctagc	4792750,5339084,7481145,19472479,21086505
X	tccgagggtcagcattgaccacagctgcag	4732175,4792742,5339076,7481137,19472471,21086497
X	tctagtccgagggtcagcattgaccacagc	4732170,4792737,5339071,7481132,19472466,21086492
X	tgaccacagctgcagttcctagcttccttg	4792757,5339091,7481152,19472486,21086512
X	tgactctagtccgagggtcagcattgacca	4732166,4792733,5339067,7481128,21086488
X	tgatcaacgcactgttacccatgcggcaac	1523201,4700499,4731917,4792484,5338818,7480879,7784329,17431457,19472213,21086239
X	tgcagttcctagcttccttgctaggctgtt	4792767,5339101,7481162,19472496,21086522
X	tgcggcaacttaatttgatctgcttaaatt	1523222,4700520,4731938,4792505,5338839,7480900,7784350,17431478,19472234,21086260
X	tgtgtcttggttacttaagactaacagatt	1523266,4700564,4731982,4792549,5338883,7480944,7784394,17431522,19472278,21086304
X	tgttacccatgcggcaacttaatttgatct	1523213,4700511,4731929,4792496,5338830,7480891,7784341,17431469,19472225,21086251
X	ttacaatgtgtcttggttacttaagactaa	1523260,4700558,4731976,4792543,5338877,7480938,7784388,17431516,19472272,21086298
X	ttacccatgcggcaacttaatttgatctgc	1523215,4700513,4731931,4792498,5338832,7480893,7784343,17431471,19472227,21086253
X	ttatttgatcaacgcactgttacccatgcg	1523196,4700494,4731912,4792479,5338813,7480874,7784324,17431452,19472208,21086234
X	ttgaccacagctgcagttcctagcttcctt	4792756,5339090,7481151,19472485,21086511
X	ttgactctagtccgagggtcagcattgacc	4732165,5339066,7481127,21086487
X	ttgatcaacgcactgttacccatgcggcaa	1523200,4700498,4731916,4792483,5338817,7480878,7784328,17431456,19472212,21086238
X	tttacaatgtgtcttggttacttaagacta	1523259,4700557,4731975,4792542,5338876,7480937,7784387,17431515,19472271,21086297
X	tttgactctagtccgagggtcagcattgac	4732164,5339065,7481126,21086486
X	tttgatcaacgcactgttacccatgcggca	1523199,4700497,4731915,4792482,5338816,7480877,7784327,17431455,19472211,21086237
