X	aaatctgttagtcttaagtaaccaagacac	1523051,8922610,9509496,13401679,13430455,16936290,22569946
X	aaattaagttgccgcatgggtaacagtgcg	1523110,7703244,8922669,9509555,13401738,13430514,16936349,22570005
X	aacgaggtatgacattccatattcagacaa	9034145,9397000,9623529,10240155,10240513
X	aagcagatcaaattaagttgccgcatgggt	1523101,7703235,8922660,9509546,13401729,13430505,16936340,22569996
X	aaggggtaacatcatcaaaatttgcaaaaa	5460542,5521377,5521737,5522097,5522457,5522817,5523177,5523515,5523875,5580408,5580768,5581128,5663850,5775741,5846280,6384010,6385334,8318052,8369624,8699166,8699527,8699886,8700246,8700606,8700965,8701325,8702045,8702405,8735407,8735767,8840427,8840787,9034052,9072575,9235217,9235576,9374527,9396907,9623436,9623745,9624104,9624463,9624822,9625181,9625540,9625899,9726410,9726769,9809936,9810295,9840967,9905098,9956176,10007787,10240062,10292167,10340423,10340782,11413924,11757922,11889687,11890407,12437792,12438150,12545225,12683178,12794898,12795617,12795977,12796697,12797057,12797417,12797777,12928670,12929031,13126681,13127044,13360922,13361282,13362002,13362362,13693333
X	aagttgccgcatgggtaacagtgcgttgat	1523115,7703249,8922674,9509560,13401743,13430519,16936354,22570010
X	aatctgttagtcttaagtaaccaagacaca	1523052,8922611,9509497,13401680,13430456,16936291,22569947
X	aattaagttgccgcatgggtaacagtgcgt	1523111,7703245,8922670,9509556,13401739,13430515,16936350,22570006
X	aatttaagcagatcaaattaagttgccgca	1523096,7703230,8922655,9509541,13401724,13430500,16936335,22569991
X	acgaggtatgacattccatattcagacaat	9034146,9397001,9623530,10240156,10240514
X	agatcaaattaagttgccgcatgggtaaca	1523105,7703239,8922664,9509550,13401733,13430509,16936344,22570000
X	agcagatcaaattaagttgccgcatgggta	1523102,7703236,8922661,9509547,13401730,13430506,16936341,22569997
X	aggggtaacatcatcaaaatttgcaaaaaa	5460543,5521378,5521738,5522098,5522458,5522818,5523178,5523516,5523876,5580409,5580769,5581129,5775742,5846281,6384011,6385335,8318053,8369625,8699167,8699528,8699887,8700247,8700607,8700966,8701326,8702046,8702406,8735408,8735768,8840428,8840788,9034053,9072576,9235218,9235577,9374528,9396908,9623437,9623746,9624105,9624464,9624823,9625182,9625541,9625900,9726411,9726770,9809937,9810296,9840968,9905099,9956177,10007788,10240063,10292168,10340424,10340783,11413925,11757923,11889688,11890408,12437793,12438151,12545226,12683179,12794899,12795618,12795978,12796698,12797058,12797418,12797778,12928671,12929032,13126682,13127045,13360923,13361283,13362003,13362363,13693334
X	aggtatgacattccatattcagacaattat	9397004,9623533,10240159,10240517
X	agttgccgcatgggtaacagtgcgttgatc	1523116,7703250,8922675,9509561,13401744,13430520,16936355,22570011
X	ataatttaagcagatcaaattaagttgccg	1523094,7703228,8922653,9509539,13401722,13430498,16936333,22569989
X	atcaaattaagttgccgcatgggtaacagt	1523107,7703241,8922666,9509552,13401735,13430511,16936346,22570002
X	atctgttagtcttaagtaaccaagacacat	1523053,8922612,9509498,13401681,13430457,16936292,22569948
X	attaagttgccgcatgggtaacagtgcgtt	1523112,7703246,8922671,9509557,13401740,13430516,16936351,22570007
X	atttaagcagatcaaattaagttgccgcat	1523097,7703231,8922656,9509542,13401725,13430501,16936336,22569992
X	caaattaagttgccgcatgggtaacagtgc	1523109,7703243,8922668,9509554,13401737,13430513,16936348,22570004
X	caacgaggtatgacattccatattcagaca	9034144,9396999,9623528,10240154,10240512
X	cagatcaaattaagttgccgcatgggtaac	1523104,7703238,8922663,9509549,13401732,13430508,16936343,22569999
X	ccatacccatacccatacccatacccatac	18798614
X	cccatacccatacccatacccatacccata	18798613
X	ccgcatgggtaacagtgcgttgatcaaata	1523121,7703255,8922680,9509566,13401749,13430525,16936360,22570016
X	cgaggtatgacattccatattcagacaatt	9034147,9397002,9623531,10240157,10240515
X	cgcatgggtaacagtgcgttgatcaaataa	1523122,7703256,8922681,9509567,13401750,13430526,16936361,22570017
X	ctgttagtcttaagtaaccaagacacattg	1523055,8922614,9509500,13401683,13430459,16936294,22569950
X	gaggtatgacattccatattcagacaatta	9397003,9623532,10240158,10240516
X	gatcaaattaagttgccgcatgggtaacag	1523106,7703240,8922665,9509551,13401734,13430510,16936345,22570001
X	gcagatcaaattaagttgccgcatgggtaa	1523103,7703237,8922662,9509548,13401731,13430507,16936342,22569998
X	gccgcatgggtaacagtgcgttgatcaaat	1523120,7703254,8922679,9509565,13401748,13430524,16936359,22570015
X	ggggtaacatcatcaaaatttgcaaaaaat	5460544,5521379,5521739,5522099,5522459,5522819,5523179,5523517,5523877,5580410,5580770,5581130,5775743,5846282,6384012,6385336,8318054,8369626,8699529,8699888,8700248,8700608,8700967,8701327,8702047,8702407,8735409,8735769,8840429,8840789,9034054,9235219,9235578,9374529,9396909,9623438,9623747,9624106,9624465,9624824,9625183,9625542,9625901,9726412,9726771,9809938,9810297,9840969,9905100,9956178,10007789,10240064,10292169,10340425,10340784,11413926,11757924,12437794,12438152,12545227,12683180,12794900,12795619,12795979,12796699,12797059,12797419,12797779,12928672,12929033,13127046,13360924,13361284,13362004,13362364,13693335
X	gtaaggggtaacatcatcaaaatttgcaaa	5460540,5521375,5521735,5522095,5522455,5522815,5523175,5523513,5523873,5580406,5580766,5581126,5663848,5775739,5846278,8318050,8369622,8699164,8699525,8699884,8700244,8700604,8700963,8701323,8702043,8702403,8735405,8735765,8840425,8840785,9034050,9072573,9235215,9235574,9374525,9396905,9623434,9623743,9624102,9624461,9624820,9625179,9625538,9625897,9726408,9726767,9809934,9810293,9840965,9905096,9956174,10007785,10240060,10292165,10340421,10340780,11413922,11757920,11889685,11890405,12437790,12438148,12545223,12683176,12794896,12795615,12795975,12796695,12797055,12797415,12797775,12928668,12929029,13126679,13127042,13360920,13361280,13362000,13362360,13693331
X	gttagtcttaagtaaccaagacacattgta	1523057,8922616,9509502,13401685,13430461,16936296,22569952
X	gttgccgcatgggtaacagtgcgttgatca	1523117,7703251,8922676,9509562,13401745,13430521,16936356,22570012
X	taagcagatcaaattaagttgccgcatggg	1523100,7703234,8922659,9509545,13401728,13430504,16936339,22569995
X	taaggggtaacatcatcaaaatttgcaaaa	5460541,5521376,5521736,5522096,5522456,5522816,5523176,5523514,5523874,5580407,5580767,5581127,5663849,5775740,5846279,6384009,6385333,8318051,8369623,8699165,8699526,8699885,8700245,8700605,8700964,8701324,8702044,8702404,8735406,8735766,8840426,8840786,9034051,9072574,9235216,9235575,9374526,9396906,9623435,9623744,9624103,9624462,9624821,9625180,9625539,9625898,9726409,9726768,9809935,9810294,9840966,9905097,9956175,10007786,10240061,10292166,10340422,10340781,11413923,11757921,11889686,11890406,12437791,12438149,12545224,12683177,12794897,12795616,12795976,12796696,12797056,12797416,12797776,12928669,12929030,13126680,13127043,13360921,13361281,13362001,13362361,13693332
X	taagttgccgcatgggtaacagtgcgttga	1523114,7703248,8922673,9509559,13401742,13430518,16936353,22570009
X	taatttaagcagatcaaattaagttgccgc	1523095,7703229,8922654,9509540,13401723,13430499,16936334,22569990
X	tagtcttaagtaaccaagacacattgtaaa	1523059,8922618,9509504,13401687,13430463,16936298,22569954
X	tcaaattaagttgccgcatgggtaacagtg	1523108,7703242,8922667,9509553,13401736,13430512,16936347,22570003
X	tctgttagtcttaagtaaccaagacacatt	1523054,8922613,9509499,13401682,13430458,16936293,22569949
X	tgccgcatgggtaacagtgcgttgatcaaa	1523119,7703253,8922678,9509564,13401747,13430523,16936358,22570014
X	tgtaaggggtaacatcatcaaaatttgcaa	5460539,5523174,5523512,5580405,5580765,5581125,8318049,8369621,8699163,8699524,8699883,8700243,8700603,8700962,8701322,8702042,8702402,8735404,8735764,8840424,8840784,9034049,9072572,9235214,9235573,9374524,9396904,9623433,9623742,9624101,9624460,9624819,9625178,9625537,9625896,9726407,9726766,9809933,9810292,9840964,9905095,9956173,10007784,10240059,10292164,10340420,10340779,11889684,11890404,12437789,12438147,12545222,12683175,12794895,12795614,12795974,12796694,12797054,12797414,12797774,12928667,12929028,13126678,13127041,13360919,13361279,13361999,13362359,13693330
X	tgttagtcttaagtaaccaagacacattgt	1523056,8922615,9509501,13401684,13430460,16936295,22569951
X	ttaagcagatcaaattaagttgccgcatgg	1523099,7703233,8922658,9509544,13401727,13430503,16936338,22569994
X	ttaagttgccgcatgggtaacagtgcgttg	1523113,7703247,8922672,9509558,13401741,13430517,16936352,22570008
X	ttagtcttaagtaaccaagacacattgtaa	1523058,8922617,9509503,13401686,13430462,16936297,22569953
X	ttgccgcatgggtaacagtgcgttgatcaa	1523118,7703252,8922677,9509563,13401746,13430522,16936357,22570013
X	ttgtaaggggtaacatcatcaaaatttgca	5460538,5523173,5523511,5580404,5580764,5581124,8318048,8369620,8699523,8699882,8700242,8700602,8700961,8701321,8702041,8735403,8735763,8840423,8840783,9034048,9072571,9235213,9235572,9374523,9396903,9623432,9623741,9624100,9624459,9624818,9625177,9625536,9625895,9726406,9726765,9809932,9810291,9840963,9905094,9956172,10007783,10240058,10292163,10340419,10340778,11889683,11890403,12124550,12437788,12438146,12545221,12683174,12794894,12795613,12795973,12796693,12797053,12797413,12797773,12928666,12929027,13126677,13127040,13360918,13361278,13361998,13362358
X	tttaagcagatcaaattaagttgccgcatg	1523098,7703232,8922657,9509543,13401726,13430502,16936337,22569993
X	tttgtaaggggtaacatcatcaaaatttgc	5460537,5523172,5523510,5580403,5580763,5581123,8318047,8369619,8699522,8699881,8700241,8700601,8700960,8701320,8702040,8735402,8735762,8840422,8840782,9034047,9072570,9235212,9374522,9396902,9623431,9623740,9624099,9624458,9624817,9625176,9625535,9625894,9726405,9726764,9809931,9810290,9840962,9905093,9956171,10007782,10240057,10292162,10340418,10340777,10489138,10919580,11889682,11890402,12124549,12437787,12438145,12545220,12683173,12794893,12795612,12795972,12796692,12797052,12797412,12797772,12928665,12929026,13126676,13127039,13360917,13361277,13361997,13362357
X	ttttgtaaggggtaacatcatcaaaatttg	5460536,5523171,5523509,5580402,5580762,5581122,8318046,8369618,8699521,8699880,8700240,8700600,8700959,8701319,8702039,8735401,8735761,8840421,8840781,9034046,9072569,9235211,9374521,9396901,9623430,9623739,9624098,9624457,9624816,9625175,9625534,9625893,9726404,9726763,9809930,9810289,9840961,9905092,9956170,10007781,10240056,10292161,10340417,10340776,10489137,10919579,11889681,11890401,12124548,12437786,12438144,12545219,12683172,12683518,12794892,12795611,12795971,12796691,12797051,12797411,12797771,12928664,12929025,13126675,13127038,13360916,13361276,13361996,13362356
X	tttttgtaaggggtaacatcatcaaaattt	5460535,5523170,5523508,5580401,5580761,5581121,8318045,8369617,8699520,8699879,8700239,8700599,8700958,8701318,8702038,8735400,8735760,8840420,8840780,9034045,9072568,9093018,9235210,9374520,9396900,9623429,9623738,9624097,9624456,9624815,9625174,9625533,9625892,9726403,9726762,9727121,9809929,9810288,9840960,9905091,9956169,10007780,10240055,10292160,10340416,10340775,10489136,10919578,11889680,11890400,12124547,12437785,12438143,12545218,12683171,12683517,12794891,12795610,12795970,12796690,12797050,12797410,12797770,12928663,12929024,13126674,13127037,13360915,13361275,13361995,13362355
X	ttttttgtaaggggtaacatcatcaaaatt	5460534,5523169,5523507,5580400,5580760,5581120,8318044,8369616,8699519,8699878,8700238,8700598,8700957,8701317,8702037,8735399,8735759,8840419,8840779,9017398,9034044,9072567,9093017,9235209,9374519,9396899,9623428,9623737,9624096,9624455,9624814,9625173,9625532,9625891,9726402,9726761,9727120,9809928,9810287,9840959,9905090,9956168,10240054,10292159,10340415,10340774,10489135,10919577,11889679,11890399,12124546,12124904,12437784,12438142,12545217,12683170,12683516,12794890,12795609,12795969,12796689,12797049,12797409,12797769,12928662,12929023,13126673,13127036,13360914,13361274,13361994,13362354
