X	aaacacaattgtaacctggaacttaaccca	817010,4164026,10100194,10531223,18757100,20036036,22625854
X	aaacatccacttggattaactacaatgata	816721,4163737,10530934,18756216,20035747
X	aaacatcctaaagcctgacctaagcagatt	812442,817615,4158080,4164644,10095351,10100812,10525259,10531841,11240685,18754525,18757718,20033504,20036654,22620675,22626472,812442,817615,4158080,4164644,10095351,10100812,10525259,10531841,11240685,18754525,18757718,20033504,20036654,22620675,22626472
X	aaactccatttcccacactatatccatcaa	817426,4164442,10100610,10531639,18757516,20036452,22626270
X	aaactctcaatttcacaggcacctggtacc	4163089,10530268
X	aaacttgaaatcaacgtccataactcagta	4163486,10530666
X	aaagaaatcagtaatgcactctagtaattt	4157990,4164554,10095261,10100722,10525169,10531751,11240595,18754435,18757628,20033414,20036564,22620585,22626382,4157990,4164554,10095261,10100722,10525169,10531751,11240595,18754435,18757628,20033414,20036564,22620585,22626382
X	aaagaataaagtcgtgaaactatttctcct	812607,817780,4158245,4164809,10095516,10525424,10532006,11240850,18754690,18757883,20033669,20036819,22620840,22626637,812607,817780,4158245,4164809,10095516,10525424,10532006,11240850,18754690,18757883,20033669,20036819,22620840,22626637
X	aaagagaactagccggaataaccctgaaac	4163361,10530541
X	aaagcctgacctaagcagatttgactgccc	812451,817624,4158089,4164653,10095360,10100821,10525268,10531850,11240694,18754534,18757727,20033513,20036663,22620684,22626481,812451,817624,4158089,4164653,10095360,10100821,10525268,10531850,11240694,18754534,18757727,20033513,20036663,22620684,22626481
X	aaaggtccactacagaaaggcaaattagaa	4162939,10530118,22625532
X	aaataaatgaagacagacaggaatttaata	4162892,10530071,22625485
X	aaatacaaatattgttcaaatactgaggct	812529,817702,4158167,4164731,10095438,10100899,10525346,10531928,11240772,18754612,18757805,20033591,20036741,22620762,22626559,812529,817702,4158167,4164731,10095438,10100899,10525346,10531928,11240772,18754612,18757805,20033591,20036741,22620762,22626559
X	aaatacatagaaccaaacacaattgtaacc	816996,4164012,10100180,10531209,14309280,18757086,20036022,22625840
X	aaatagattagaaatagccaaatctatgta	21976076,22049941,22086158,22389330,22394626,22439207
X	aaatattgttcaaatactgaggcttctcct	812535,817708,4158173,4164737,10095444,10100905,10525352,10531934,11240778,18754618,18757811,20033597,20036747,22620768,22626565,812535,817708,4158173,4164737,10095444,10100905,10525352,10531934,11240778,18754618,18757811,20033597,20036747,22620768,22626565
X	aaatcaatttaactgaaatagacatcgtgg	4163259
X	aaatcactaatagaaatagagttacgcact	4163021,10530200,22625614
X	aaatctgttagaaccagaaatagatttgac	817154,4164170,10100338,10531367,18757244,20036180,22625998
X	aaatgaagacagacaggaatttaatattga	4162896,10530075,22625489
X	aaatggctatgcagctttccagacttggac	4163638,10530835
X	aaattaagcaagatagaaacaatcctctac	4162747,10100016,10529926,22625340
X	aacaatattacactttacatacaaatgatc	817260,4164276,10100444,10531473,18757350,20036286,22626104
X	aacacaattgtaacctggaacttaacccaa	817011,4164027,10100195,10531224,18757101,20036037,22625855
X	aacactattgtttatactgatcacagctgt	4163123,10530302
X	aacatccacttggattaactacaatgataa	816722,4163738,10530935,18756217,20035748
X	aacatcctaaagcctgacctaagcagattt	812443,817616,4158081,4164645,10095352,10100813,10525260,10531842,11240686,18754526,18757719,20033505,20036655,22620676,22626473,812443,817616,4158081,4164645,10095352,10100813,10525260,10531842,11240686,18754526,18757719,20033505,20036655,22620676,22626473
X	aaccaaacacaattgtaacctggaacttaa	817006,4164022,10100190,10531219,18757096,20036032,22625850
X	aaccaagtattaatcatatcccacataccc	816750,4163766,10530963,18756245,20035776
X	aacccaagagcgaggctctcccgaaataca	812506,817679,4158144,4164708,10095415,10100876,10525323,10531905,11240749,18754589,18757782,20033568,20036718,22620739,22626536,812506,817679,4158144,4164708,10095415,10100876,10525323,10531905,11240749,18754589,18757782,20033568,20036718,22620739,22626536
X	aacctggaacttaacccaaacaattcttaa	817022,4164038,10100206,10531235,18757112,20036048,22625866
X	aacgctacctaatcttaagaacccaagagc	812487,817660,4158125,4164689,10095396,10100857,10525304,10531886,11240730,18754570,18757763,20033549,20036699,22620720,22626517,812487,817660,4158125,4164689,10095396,10100857,10525304,10531886,11240730,18754570,18757763,20033549,20036699,22620720,22626517
X	aacggctatcagctagattacacagacaca	816831,4163847,10531044,18756326,20035857
X	aactaatgcagtttacggaatacatagaag	4163602,10530799
X	aactacaatgataaccaagtattaatcata	816738,4163754,10530951,18756233,20035764
X	aactagccggaataaccctgaaacatagaa	4163367,10530547
X	aactccatttcccacactatatccatcaat	817427,4164443,10100611,10531640,18757517,20036453,22626271
X	aactctcaatttcacaggcacctggtaccc	4163090,10530269
X	aactgaaatagacatcgtggttgactattt	4163269
X	aactgacgggacattagttcgactcataaa	812674,817847,4158312,4164876,10095583,10101044,10525491,10532073,11240917,20033736,20036885,22620907,22626704,812674,817847,4158312,4164876,10095583,10101044,10525491,10532073,11240917,20033736,20036885,22620907,22626704
X	aacttgaaatcaacgtccataactcagtaa	4163487,10530667
X	aagaaactccatttcccacactatatccat	817423,4164439,10100607,10531636,18757513,20036449,22626267
X	aagaacccaagagcgaggctctcccgaaat	812503,817676,4158141,4164705,10095412,10100873,10525320,10531902,11240746,18754586,18757779,20033565,20036715,22620736,22626533,812503,817676,4158141,4164705,10095412,10100873,10525320,10531902,11240746,18754586,18757779,20033565,20036715,22620736,22626533
X	aagaataaagtcgtgaaactatttctccta	812608,817781,4158246,4164810,10095517,10525425,10532007,11240851,18754691,18757884,20033670,20036820,22620841,22626638,812608,817781,4158246,4164810,10095517,10525425,10532007,11240851,18754691,18757884,20033670,20036820,22620841,22626638
X	aagacagacaggaatttaatattgacacta	4162901,10530080,22625494
X	aagagaactagccggaataaccctgaaaca	4163362,10530542
X	aagagcgaggctctcccgaaatacaaatat	812511,817684,4158149,4164713,10095420,10100881,10525328,10531910,11240754,18754594,18757787,20033573,20036723,22620744,22626541,22738826,812511,817684,4158149,4164713,10095420,10100881,10525328,10531910,11240754,18754594,18757787,20033573,20036723,22620744,22626541,22738826
X	aagatagaaacaatcctctacacatacaac	4162756,10100025,10529935,22625349
X	aagatatgtatcatttaaaccatttatgat	817328,4164344,10100512,10531541,18757418,20036354,22626172
X	aagatttggaaatggctatgcagctttcca	4163629,10530826
X	aagcaagatagaaacaatcctctacacata	4162752,10100021,10529931,22625345
X	aagcagatttgactgccctctttcaacgct	812463,817636,4158101,4164665,10095372,10100833,10525280,10531862,11240706,18754546,18757739,20033525,20036675,22620696,22626493,812463,817636,4158101,4164665,10095372,10100833,10525280,10531862,11240706,18754546,18757739,20033525,20036675,22620696,22626493
X	aagcctgacctaagcagatttgactgccct	812452,817625,4158090,4164654,10095361,10100822,10525269,10531851,11240695,18754535,18757728,20033514,20036664,22620685,22626482,812452,817625,4158090,4164654,10095361,10100822,10525269,10531851,11240695,18754535,18757728,20033514,20036664,22620685,22626482
X	aagctgagatccaaagaataaagtcgtgaa	812595,817768,4158233,4164797,10095504,10525412,10531994,11240838,18754678,18757871,20033657,20036807,22620828,22626625,812595,817768,4158233,4164797,10095504,10525412,10531994,11240838,18754678,18757871,20033657,20036807,22620828,22626625
X	aaggtccactacagaaaggcaaattagaaa	4162940,10530119,22625533
X	aagtattaatcatatcccacatacccattt	816754,4163770,10530967,18756249,20035780
X	aataaactctcaatttcacaggcacctggt	4163086,10530265
X	aataaatgaagacagacaggaatttaatat	4162893,10530072,22625486
X	aatacaaatattgttcaaatactgaggctt	812530,817703,4158168,4164732,10095439,10100900,10525347,10531929,11240773,18754613,18757806,20033592,20036742,22620763,22626560,812530,817703,4158168,4164732,10095439,10100900,10525347,10531929,11240773,18754613,18757806,20033592,20036742,22620763,22626560
X	aatacatagaaccaaacacaattgtaacct	816997,4164013,10100181,10531210,14309281,18757087,20036023,22625841
X	aatagattagaaatagccaaatctatgtac	21976077,22049942,22086159,22389331,22394627,22439208
X	aatattacactttacatacaaatgatcatt	817263,4164279,10100447,10531476,18757353,20036289,22626107
X	aatattgacaccaaccacggatatctcctt	4163178
X	aatatttgtcattagagtattcagcttgcg	22050013,22086230
X	aatcaatttaactgaaatagacatcgtggt	4163260
X	aatcactaatagaaatagagttacgcacta	4163022,10530201,22625615
X	aatcatatcccacatacccatttacctttc	816761,4163777,10530974,18756256,20035787
X	aatcccagcccaagtataggcttctcttta	817454,4164470,10100638,10531667,14309738,18757544,20036480,22626298
X	aatctgtatctgaatctgaatctgaatctg	6614126
X	aatctgttagaaccagaaatagatttgaca	817155,4164171,10100339,10531368,18757245,20036181,22625999
X	aatcttaagaacccaagagcgaggctctcc	812497,817670,4158135,4164699,10095406,10100867,10525314,10531896,11240740,18754580,18757773,20033559,20036709,22620730,22626527,812497,817670,4158135,4164699,10095406,10100867,10525314,10531896,11240740,18754580,18757773,20033559,20036709,22620730,22626527
X	aatgaagacagacaggaatttaatattgac	4162897,10530076,22625490
X	aatgataaccaagtattaatcatatcccac	816744,4163760,10530957,18756239,20035770
X	aatggctatgcagctttccagacttggact	4163639,10530836
X	aattaagcaagatagaaacaatcctctaca	4162748,10100017,10529927,22625341
X	aattccttacccagactccaacggctatca	816812,4163828,10531025,18756307,20035838
X	aattgtaacctggaacttaacccaaacaat	817016,4164032,10100200,10531229,18757106,20036042,22625860
X	aatttaactgaaatagacatcgtggttgac	4163264
X	aatttcacaggcacctggtacccgataaca	4163097,10530276
X	acaaatattgttcaaatactgaggcttctc	812533,817706,4158171,4164735,10095442,10100903,10525350,10531932,11240776,18754616,18757809,20033595,20036745,22620766,22626563,812533,817706,4158171,4164735,10095442,10100903,10525350,10531932,11240776,18754616,18757809,20033595,20036745,22620766,22626563
X	acaatattacactttacatacaaatgatca	817261,4164277,10100445,10531474,18757351,20036287,22626105
X	acaatgataaccaagtattaatcatatccc	816742,4163758,10530955,18756237,20035768
X	acaattgtaacctggaacttaacccaaaca	817014,4164030,10100198,10531227,18757104,20036040,22625858
X	acacaattgtaacctggaacttaacccaaa	817012,4164028,10100196,10531225,18757102,20036038,22625856
X	acactatatccatcaatcccagcccaagta	817440,4164456,10100624,10531653,18757530,20036466,22626284
X	acactattgtttatactgatcacagctgtt	4163124,10530303
X	acactttacatacaaatgatcattgtaata	817269,4164285,10100453,10531482,18757359,20036295,22626113
X	acagacaggaatttaatattgacactaatt	4162904,10530083,22625497
X	acaggaatttaatattgacactaattacag	4162908,10530087,22625501
X	acaggcacctggtacccgataacactattg	4163103,10530282
X	acatagaaccaaacacaattgtaacctgga	817000,4164016,10100184,10531213,14309284,18757090,20036026,22625844
X	acatccacttggattaactacaatgataac	816723,4163739,10530936,18756218,20035749
X	acatcctaaagcctgacctaagcagatttg	812444,817617,4158082,4164646,10095353,10100814,10525261,10531843,11240687,18754527,18757720,20033506,20036656,22620677,22626474,812444,817617,4158082,4164646,10095353,10100814,10525261,10531843,11240687,18754527,18757720,20033506,20036656,22620677,22626474
X	accaaacacaattgtaacctggaacttaac	817007,4164023,10100191,10531220,18757097,20036033,22625851
X	accaagtattaatcatatcccacataccca	816751,4163767,10530964,18756246,20035777
X	acccaagagcgaggctctcccgaaatacaa	812507,817680,4158145,4164709,10095416,10100877,10525324,10531906,11240750,18754590,18757783,20033569,20036719,22620740,22626537,812507,817680,4158145,4164709,10095416,10100877,10525324,10531906,11240750,18754590,18757783,20033569,20036719,22620740,22626537
X	acccagactccaacggctatcagctagatt	816820,4163836,10531033,18756315,20035846
X	acccgataacactattgtttatactgatca	4163116,10530295
X	acctaagcagatttgactgccctctttcaa	812459,817632,4158097,4164661,10095368,10100829,10525276,10531858,11240702,18754542,18757735,20033521,20036671,22620692,22626489,812459,817632,4158097,4164661,10095368,10100829,10525276,10531858,11240702,18754542,18757735,20033521,20036671,22620692,22626489
X	acctaatcttaagaacccaagagcgaggct	812493,817666,4158131,4164695,10095402,10100863,10525310,10531892,11240736,18754576,18757769,20033555,20036705,22620726,22626523,812493,817666,4158131,4164695,10095402,10100863,10525310,10531892,11240736,18754576,18757769,20033555,20036705,22620726,22626523
X	acctggaacttaacccaaacaattcttaac	817023,4164039,10100207,10531236,18757113,20036049,22625867
X	acctggtacccgataacactattgtttata	4163109,10530288
X	acgccatacgattgataaatgacggaatgc	10530715
X	acgctacctaatcttaagaacccaagagcg	812488,817661,4158126,4164690,10095397,10100858,10525305,10531887,11240731,18754571,18757764,20033550,20036700,22620721,22626518,812488,817661,4158126,4164690,10095397,10100858,10525305,10531887,11240731,18754571,18757764,20033550,20036700,22620721,22626518
X	acgctgggcatcccatattagacactcaaa	4162838,10530017,22625431
X	actacaatgataaccaagtattaatcatat	816739,4163755,10530952,18756234,20035765
X	actagccggaataaccctgaaacatagaaa	4163368,10530548
X	actatatccatcaatcccagcccaagtata	817442,4164458,10100626,10531655,14309726,18757532,20036468,22626286
X	actattgtttatactgatcacagctgttca	4163126,10530305
X	actcatatttaagatatgtatcatttaaac	817318,4164334,10100502,10531531,18757408,20036344,22626162
X	actccaacggctatcagctagattacacag	816826,4163842,10531039,18756321,20035852
X	actccatttcccacactatatccatcaatc	817428,4164444,10100612,10531641,18757518,20036454,22626272
X	actctcaatttcacaggcacctggtacccg	4163091,10530270
X	actgacgggacattagttcgactcataaat	812675,817848,4158313,4164877,10095584,10101045,10525492,10532074,11240918,20033737,20036886,22620908,22626705,812675,817848,4158313,4164877,10095584,10101045,10525492,10532074,11240918,20033737,20036886,22620908,22626705
X	actgccctctttcaacgctacctaatctta	812474,817647,4158112,4164676,10095383,10100844,10525291,10531873,11240717,18754557,18757750,20033536,20036686,22620707,22626504,812474,817647,4158112,4164676,10095383,10100844,10525291,10531873,11240717,18754557,18757750,20033536,20036686,22620707,22626504
X	acttgaaatcaacgtccataactcagtaaa	4163488,10530668
X	acttggattaactacaatgataaccaagta	816729,4163745,10530942,18756224,20035755
X	agaaacaatcctctacacatacaaccataa	4162761,10100030,10529940,22625354
X	agaaactccatttcccacactatatccatc	817424,4164440,10100608,10531637,18757514,20036450,22626268
X	agaacaatattacactttacatacaaatga	817258,4164274,10100442,10531471,18757348,20036284,22626102
X	agaaccaaacacaattgtaacctggaactt	817004,4164020,10100188,10531217,18757094,20036030,22625848
X	agaacccaagagcgaggctctcccgaaata	812504,817677,4158142,4164706,10095413,10100874,10525321,10531903,11240747,18754587,18757780,20033566,20036716,22620737,22626534,812504,817677,4158142,4164706,10095413,10100874,10525321,10531903,11240747,18754587,18757780,20033566,20036716,22620737,22626534
X	agaactagccggaataaccctgaaacatag	4163365,10530545
X	agaataaagtcgtgaaactatttctcctaa	812609,817782,4158247,4164811,10095518,10525426,10532008,11240852,18754692,18757885,20033671,20036821,22620842,22626639,812609,817782,4158247,4164811,10095518,10525426,10532008,11240852,18754692,18757885,20033671,20036821,22620842,22626639
X	agaatatttgtcattagagtattcagcttg	22050011,22086228
X	agacagacaggaatttaatattgacactaa	4162902,10530081,22625495
X	agacaggaatttaatattgacactaattac	4162906,10530085,22625499
X	agactccaacggctatcagctagattacac	816824,4163840,10531037,18756319,20035850
X	agagaacaatattacactttacatacaaat	817256,4164272,10100440,10531469,18757346,20036282,22626100
X	agagaactagccggaataaccctgaaacat	4163363,10530543
X	agagcgaggctctcccgaaatacaaatatt	812512,817685,4158150,4164714,10095421,10100882,10525329,10531911,11240755,18754595,18757788,20033574,20036724,22620745,22626542,22738827,812512,817685,4158150,4164714,10095421,10100882,10525329,10531911,11240755,18754595,18757788,20033574,20036724,22620745,22626542,22738827
X	agatagaaacaatcctctacacatacaacc	4162757,10100026,10529936,22625350
X	agatccaaagaataaagtcgtgaaactatt	812601,817774,4158239,4164803,10095510,10525418,10532000,11240844,18754684,18757877,20033663,20036813,22620834,22626631,812601,817774,4158239,4164803,10095510,10525418,10532000,11240844,18754684,18757877,20033663,20036813,22620834,22626631
X	agattagaaatagccaaatctatgtacata	21976080,22049945,22086162,22389334,22394630,22439211
X	agatttgactgccctctttcaacgctacct	812467,817640,4158105,4164669,10095376,10100837,10525284,10531866,11240710,18754550,18757743,20033529,20036679,22620700,22626497,812467,817640,4158105,4164669,10095376,10100837,10525284,10531866,11240710,18754550,18757743,20033529,20036679,22620700,22626497
X	agatttggaaatggctatgcagctttccag	4163630,10530827
X	agcaaagactacgaaccgattaccatgcac	4163301,10530481
X	agcaagatagaaacaatcctctacacatac	4162753,10100022,10529932,22625346
X	agcagatttgactgccctctttcaacgcta	812464,817637,4158102,4164666,10095373,10100834,10525281,10531863,11240707,18754547,18757740,20033526,20036676,22620697,22626494,812464,817637,4158102,4164666,10095373,10100834,10525281,10531863,11240707,18754547,18757740,20033526,20036676,22620697,22626494
X	agcccaagtataggcttctctttaagggaa	817460,4164476,10100644,10531673,14309744,18757550,20036486,22626304
X	agccggaataaccctgaaacatagaaacaa	4163371,10530551
X	agccgttcttgtaaacatcctaaagcctga	812430,817603,4158068,4164632,10095339,10100800,10525247,10531829,11240673,18754513,18757706,20033492,20036642,22620663,22626460,812430,817603,4158068,4164632,10095339,10100800,10525247,10531829,11240673,18754513,18757706,20033492,20036642,22620663,22626460
X	agcctgacctaagcagatttgactgccctc	812453,817626,4158091,4164655,10095362,10100823,10525270,10531852,11240696,18754536,18757729,20033515,20036665,22620686,22626483,812453,817626,4158091,4164655,10095362,10100823,10525270,10531852,11240696,18754536,18757729,20033515,20036665,22620686,22626483
X	agcgaggctctcccgaaatacaaatattgt	812514,817687,4158152,4164716,10095423,10100884,10525331,10531913,11240757,18754597,18757790,20033576,20036726,22620747,22626544,22738829,812514,817687,4158152,4164716,10095423,10100884,10525331,10531913,11240757,18754597,18757790,20033576,20036726,22620747,22626544,22738829
X	agcgcagccgttcttgtaaacatcctaaag	812425,817598,4158063,4164627,10095334,10100795,10525242,10531824,11240668,18754508,18757701,20033487,20036637,22620658,22626455,812425,817598,4158063,4164627,10095334,10100795,10525242,10531824,11240668,18754508,18757701,20033487,20036637,22620658,22626455
X	agctgagatccaaagaataaagtcgtgaaa	812596,817769,4158234,4164798,10095505,10525413,10531995,11240839,18754679,18757872,20033658,20036808,22620829,22626626,812596,817769,4158234,4164798,10095505,10525413,10531995,11240839,18754679,18757872,20033658,20036808,22620829,22626626
X	aggaatttaatattgacactaattacagaa	4162910,10530089,22625503
X	aggcacctggtacccgataacactattgtt	4163105,10530284
X	aggctctcccgaaatacaaatattgttcaa	812518,817691,4158156,4164720,10095427,10100888,10525335,10531917,11240761,18754601,18757794,20033580,20036730,22620751,22626548,812518,817691,4158156,4164720,10095427,10100888,10525335,10531917,11240761,18754601,18757794,20033580,20036730,22620751,22626548
X	agtattaatcatatcccacatacccattta	816755,4163771,10530968,18756250,20035781
X	agtcaactgacgggacattagttcgactca	812670,817843,4158308,4164872,10095579,10101040,10525487,10532069,11240913,18754754,18757947,20033732,20036881,22620903,22626700,812670,817843,4158308,4164872,10095579,10101040,10525487,10532069,11240913,18754754,18757947,20033732,20036881,22620903,22626700
X	agtcttaagctgagatccaaagaataaagt	812589,817762,4158227,4164791,10095498,10525406,10531988,11240832,18754672,18757865,20033651,20036801,22620822,22626619,812589,817762,4158227,4164791,10095498,10525406,10531988,11240832,18754672,18757865,20033651,20036801,22620822,22626619
X	ataaactctcaatttcacaggcacctggta	4163087,10530266
X	ataaatgaagacagacaggaatttaatatt	4162894,10530073,22625487
X	ataacactattgtttatactgatcacagct	4163121,10530300
X	ataaccaagtattaatcatatcccacatac	816748,4163764,10530961,18756243,20035774
X	ataattccttacccagactccaacggctat	816810,4163826,10531023,18756305,20035836
X	atacaaatattgttcaaatactgaggcttc	812531,817704,4158169,4164733,10095440,10100901,10525348,10531930,11240774,18754614,18757807,20033593,20036743,22620764,22626561,812531,817704,4158169,4164733,10095440,10100901,10525348,10531930,11240774,18754614,18757807,20033593,20036743,22620764,22626561
X	atacatagaaccaaacacaattgtaacctg	816998,4164014,10100182,10531211,14309282,18757088,20036024,22625842
X	atacgctgggcatcccatattagacactca	4162836,10530015,22625429
X	atagaaacaatcctctacacatacaaccat	4162759,10100028,10529938,22625352
X	atagaaccaaacacaattgtaacctggaac	817002,4164018,10100186,10531215,18757092,20036028,22625846
X	atagattagaaatagccaaatctatgtaca	21976078,22049943,22086160,22389332,22394628,22439209
X	atatccatcaatcccagcccaagtataggc	817445,4164461,10100629,10531658,14309729,18757535,20036471,22626289
X	atatcccacatacccatttacctttcacta	816765,4163781,10530978,18756260,20035791
X	atatgtacatatgtacatatgtatgtatgt	19290905
X	atattacactttacatacaaatgatcattg	817264,4164280,10100448,10531477,18757354,20036290,22626108
X	atattgacaccaaccacggatatctccttt	4163179
X	atatttaagatatgtatcatttaaaccatt	817322,4164338,10100506,10531535,18757412,20036348,22626166
X	atatttgtcattagagtattcagcttgcgg	22050014,22086231
X	atcaatcccagcccaagtataggcttctct	817451,4164467,10100635,10531664,14309735,18757541,20036477,22626295
X	atcaatttaactgaaatagacatcgtggtt	4163261
X	atcactaatagaaatagagttacgcactac	4163023,10530202,22625616
X	atcatatcccacatacccatttacctttca	816762,4163778,10530975,18756257,20035788
X	atccaaagaataaagtcgtgaaactatttc	812603,817776,4158241,4164805,10095512,10525420,10532002,11240846,18754686,18757879,20033665,20036815,22620836,22626633,812603,817776,4158241,4164805,10095512,10525420,10532002,11240846,18754686,18757879,20033665,20036815,22620836,22626633
X	atccacttggattaactacaatgataacca	816725,4163741,10530938,18756220,20035751
X	atccatcaatcccagcccaagtataggctt	817447,4164463,10100631,10531660,14309731,18757537,20036473,22626291
X	atcccacatacccatttacctttcactaat	816767,4163783,10530980,18756262,20035793
X	atcccagcccaagtataggcttctctttaa	817455,4164471,10100639,10531668,14309739,18757545,20036481,22626299
X	atcctaaagcctgacctaagcagatttgac	812446,817619,4158084,4164648,10095355,10100816,10525263,10531845,11240689,18754529,18757722,20033508,20036658,22620679,22626476,812446,817619,4158084,4164648,10095355,10100816,10525263,10531845,11240689,18754529,18757722,20033508,20036658,22620679,22626476
X	atctgttagaaccagaaatagatttgacac	817156,4164172,10100340,10531369,18757246,20036182,22626000
X	atcttaagaacccaagagcgaggctctccc	812498,817671,4158136,4164700,10095407,10100868,10525315,10531897,11240741,18754581,18757774,20033560,20036710,22620731,22626528,812498,817671,4158136,4164700,10095407,10100868,10525315,10531897,11240741,18754581,18757774,20033560,20036710,22620731,22626528
X	atctttggcagcgcagccgttcttgtaaac	812416,817589,4158054,4164618,10095325,10100786,10525233,10531815,11240659,18754499,18757692,20033478,20036628,22620649,22626446,812416,817589,4158054,4164618,10095325,10100786,10525233,10531815,11240659,18754499,18757692,20033478,20036628,22620649,22626446
X	atgaagacagacaggaatttaatattgaca	4162898,10530077,22625491
X	atgataaccaagtattaatcatatcccaca	816745,4163761,10530958,18756240,20035771
X	atgatttcagagaacaatattacactttac	817248,4164264,10100432,10531461,18757338,20036274,22626092
X	atgcagctttccagacttggactgtttaac	4163646,10530843
X	atggctatgcagctttccagacttggactg	4163640,10530837
X	atgtacatacatacatatgtacatatgtac	18141122
X	attaactacaatgataaccaagtattaatc	816735,4163751,10530948,18756230,20035761
X	attaagcaagatagaaacaatcctctacac	4162749,10100018,10529928,22625342
X	attaatcatatcccacatacccatttacct	816758,4163774,10530971,18756253,20035784
X	attacactttacatacaaatgatcattgta	817266,4164282,10100450,10531479,18757356,20036292,22626110
X	attagaaatagccaaatctatgtacatatt	21976082,22389336,22394632
X	attagaatatttgtcattagagtattcagc	22050008,22086225
X	attccttacccagactccaacggctatcag	816813,4163829,10531026,18756308,20035839
X	attcgtttatctttggcagcgcagccgttc	812408,817581,4158046,4164610,10095317,10100778,10525225,10531807,11240651,18754491,18757684,20033470,20036620,22620641,22626438,812408,817581,4158046,4164610,10095317,10100778,10525225,10531807,11240651,18754491,18757684,20033470,20036620,22620641,22626438
X	attgtaacctggaacttaacccaaacaatt	817017,4164033,10100201,10531230,18757107,20036043,22625861
X	attgtttatactgatcacagctgttcatgg	4163129,10530308
X	atttaactgaaatagacatcgtggttgact	4163265
X	atttaagatatgtatcatttaaaccattta	817324,4164340,10100508,10531537,18757414,20036350,22626168
X	atttcaaagaaatcagtaatgcactctagt	4157985,4164549,10095256,10100717,10525164,10531746,11240590,18754430,18757623,20033409,20036559,22620580,22626377,4157985,4164549,10095256,10100717,10525164,10531746,11240590,18754430,18757623,20033409,20036559,22620580,22626377
X	atttcacaggcacctggtacccgataacac	4163098,10530277
X	atttcagagaacaatattacactttacata	817251,4164267,10100435,10531464,18757341,20036277,22626095
X	atttcccacactatatccatcaatcccagc	817433,4164449,10100617,10531646,18757523,20036459,22626277
X	atttcttggcgttgtccttagtcaactgac	812651,817824,4158289,4164853,10095560,10101021,10525468,10532050,11240894,18754735,18757928,20033713,20036862,22620884,22626681,812651,817824,4158289,4164853,10095560,10101021,10525468,10532050,11240894,18754735,18757928,20033713,20036862,22620884,22626681
X	atttgactgccctctttcaacgctacctaa	812469,817642,4158107,4164671,10095378,10100839,10525286,10531868,11240712,18754552,18757745,20033531,20036681,22620702,22626499,812469,817642,4158107,4164671,10095378,10100839,10525286,10531868,11240712,18754552,18757745,20033531,20036681,22620702,22626499
X	atttggaaatggctatgcagctttccagac	4163632,10530829
X	caaacacaattgtaacctggaacttaaccc	817009,4164025,10100193,10531222,18757099,20036035,22625853
X	caaagaaatcagtaatgcactctagtaatt	4157989,4164553,10095260,10100721,10525168,10531750,11240594,18754434,18757627,20033413,20036563,22620584,22626381,4157989,4164553,10095260,10100721,10525168,10531750,11240594,18754434,18757627,20033413,20036563,22620584,22626381
X	caaagaataaagtcgtgaaactatttctcc	812606,817779,4158244,4164808,10095515,10525423,10532005,11240849,18754689,18757882,20033668,20036818,22620839,22626636,812606,817779,4158244,4164808,10095515,10525423,10532005,11240849,18754689,18757882,20033668,20036818,22620839,22626636
X	caaagactacgaaccgattaccatgcaccc	4163303,10530483
X	caaatattgttcaaatactgaggcttctcc	812534,817707,4158172,4164736,10095443,10100904,10525351,10531933,11240777,18754617,18757810,20033596,20036746,22620767,22626564,812534,817707,4158172,4164736,10095443,10100904,10525351,10531933,11240777,18754617,18757810,20033596,20036746,22620767,22626564
X	caacgctacctaatcttaagaacccaagag	812486,817659,4158124,4164688,10095395,10100856,10525303,10531885,11240729,18754569,18757762,20033548,20036698,22620719,22626516,812486,817659,4158124,4164688,10095395,10100856,10525303,10531885,11240729,18754569,18757762,20033548,20036698,22620719,22626516
X	caacggctatcagctagattacacagacac	816830,4163846,10531043,18756325,20035856
X	caactgacgggacattagttcgactcataa	812673,817846,4158311,4164875,10095582,10101043,10525490,10532072,11240916,20033735,20036884,22620906,22626703,812673,817846,4158311,4164875,10095582,10101043,10525490,10532072,11240916,20033735,20036884,22620906,22626703
X	caagagcgaggctctcccgaaatacaaata	812510,817683,4158148,4164712,10095419,10100880,10525327,10531909,11240753,18754593,18757786,20033572,20036722,22620743,22626540,812510,817683,4158148,4164712,10095419,10100880,10525327,10531909,11240753,18754593,18757786,20033572,20036722,22620743,22626540
X	caagatagaaacaatcctctacacatacaa	4162755,10100024,10529934,22625348
X	caagtattaatcatatcccacatacccatt	816753,4163769,10530966,18756248,20035779
X	caatattacactttacatacaaatgatcat	817262,4164278,10100446,10531475,18757352,20036288,22626106
X	caatcccagcccaagtataggcttctcttt	817453,4164469,10100637,10531666,14309737,18757543,20036479,22626297
X	caatgataaccaagtattaatcatatccca	816743,4163759,10530956,18756238,20035769
X	caattgtaacctggaacttaacccaaacaa	817015,4164031,10100199,10531228,18757105,20036041,22625859
X	caatttaactgaaatagacatcgtggttga	4163263
X	caatttcacaggcacctggtacccgataac	4163096,10530275
X	cacaattgtaacctggaacttaacccaaac	817013,4164029,10100197,10531226,18757103,20036039,22625857
X	cacactatatccatcaatcccagcccaagt	817439,4164455,10100623,10531652,18757529,20036465,22626283
X	cacaggcacctggtacccgataacactatt	4163102,10530281
X	cacctggtacccgataacactattgtttat	4163108,10530287
X	cactatatccatcaatcccagcccaagtat	817441,4164457,10100625,10531654,18757531,20036467,22626285
X	cactattgtttatactgatcacagctgttc	4163125,10530304
X	cacttggattaactacaatgataaccaagt	816728,4163744,10530941,18756223,20035754
X	cagacaggaatttaatattgacactaatta	4162905,10530084,22625498
X	cagactccaacggctatcagctagattaca	816823,4163839,10531036,18756318,20035849
X	cagagaacaatattacactttacatacaaa	817255,4164271,10100439,10531468,18757345,20036281,22626099
X	cagatttgactgccctctttcaacgctacc	812466,817639,4158104,4164668,10095375,10100836,10525283,10531865,11240709,18754549,18757742,20033528,20036678,22620699,22626496,812466,817639,4158104,4164668,10095375,10100836,10525283,10531865,11240709,18754549,18757742,20033528,20036678,22620699,22626496
X	cagcccaagtataggcttctctttaaggga	817459,4164475,10100643,10531672,14309743,18757549,20036485,22626303
X	cagccgttcttgtaaacatcctaaagcctg	812429,817602,4158067,4164631,10095338,10100799,10525246,10531828,11240672,18754512,18757705,20033491,20036641,22620662,22626459,812429,817602,4158067,4164631,10095338,10100799,10525246,10531828,11240672,18754512,18757705,20033491,20036641,22620662,22626459
X	cagcgcagccgttcttgtaaacatcctaaa	812424,817597,4158062,4164626,10095333,10100794,10525241,10531823,11240667,18754507,18757700,20033486,20036636,22620657,22626454,812424,817597,4158062,4164626,10095333,10100794,10525241,10531823,11240667,18754507,18757700,20033486,20036636,22620657,22626454
X	caggaatttaatattgacactaattacaga	4162909,10530088,22625502
X	caggcacctggtacccgataacactattgt	4163104,10530283
X	catagaaccaaacacaattgtaacctggaa	817001,4164017,10100185,10531214,14309285,18757091,20036027,22625845
X	catatcccacatacccatttacctttcact	816764,4163780,10530977,18756259,20035790
X	catatttaagatatgtatcatttaaaccat	817321,4164337,10100505,10531534,18757411,20036347,22626165
X	catcaatcccagcccaagtataggcttctc	817450,4164466,10100634,10531663,14309734,18757540,20036476,22626294
X	catccacttggattaactacaatgataacc	816724,4163740,10530937,18756219,20035750
X	catcctaaagcctgacctaagcagatttga	812445,817618,4158083,4164647,10095354,10100815,10525262,10531844,11240688,18754528,18757721,20033507,20036657,22620678,22626475,812445,817618,4158083,4164647,10095354,10100815,10525262,10531844,11240688,18754528,18757721,20033507,20036657,22620678,22626475
X	cattcgtttatctttggcagcgcagccgtt	812407,817580,4158045,4164609,10095316,10100777,10525224,10531806,11240650,18754490,18757683,20033469,20036619,22620640,22626437,812407,817580,4158045,4164609,10095316,10100777,10525224,10531806,11240650,18754490,18757683,20033469,20036619,22620640,22626437
X	catttcccacactatatccatcaatcccag	817432,4164448,10100616,10531645,18757522,20036458,22626276
X	ccaaacacaattgtaacctggaacttaacc	817008,4164024,10100192,10531221,18757098,20036034,22625852
X	ccaaagaataaagtcgtgaaactatttctc	812605,817778,4158243,4164807,10095514,10525422,10532004,11240848,18754688,18757881,20033667,20036817,22620838,22626635,812605,817778,4158243,4164807,10095514,10525422,10532004,11240848,18754688,18757881,20033667,20036817,22620838,22626635
X	ccaaattactaaactacgacaaacttgaaa	4163677,10530874
X	ccaacggctatcagctagattacacagaca	816829,4163845,10531042,18756324,20035855
X	ccaagagcgaggctctcccgaaatacaaat	812509,817682,4158147,4164711,10095418,10100879,10525326,10531908,11240752,18754592,18757785,20033571,20036721,22620742,22626539,812509,817682,4158147,4164711,10095418,10100879,10525326,10531908,11240752,18754592,18757785,20033571,20036721,22620742,22626539
X	ccaagtataggcttctctttaagggaaggg	817463,4164479,10100647,10531676,14309747,18757553,20036489,22626307
X	ccaagtattaatcatatcccacatacccat	816752,4163768,10530965,18756247,20035778
X	ccacactatatccatcaatcccagcccaag	817438,4164454,10100622,10531651,18757528,20036464,22626282
X	ccacttggattaactacaatgataaccaag	816727,4163743,10530940,18756222,20035753
X	ccagactccaacggctatcagctagattac	816822,4163838,10531035,18756317,20035848
X	ccagcccaagtataggcttctctttaaggg	817458,4164474,10100642,10531671,14309742,18757548,20036484,22626302
X	ccatacgattgataaatgacggaatgcaaa	10530718
X	ccatcaatcccagcccaagtataggcttct	817449,4164465,10100633,10531662,14309733,18757539,20036475,22626293
X	ccatttcccacactatatccatcaatccca	817431,4164447,10100615,10531644,18757521,20036457,22626275
X	cccaaattactaaactacgacaaacttgaa	4163676,10530873
X	cccaagagcgaggctctcccgaaatacaaa	812508,817681,4158146,4164710,10095417,10100878,10525325,10531907,11240751,18754591,18757784,20033570,20036720,22620741,22626538,812508,817681,4158146,4164710,10095417,10100878,10525325,10531907,11240751,18754591,18757784,20033570,20036720,22620741,22626538
X	cccaagtataggcttctctttaagggaagg	817462,4164478,10100646,10531675,14309746,18757552,20036488,22626306
X	cccacactatatccatcaatcccagcccaa	817437,4164453,10100621,10531650,18757527,20036463,22626281
X	cccagactccaacggctatcagctagatta	816821,4163837,10531034,18756316,20035847
X	cccagcccaagtataggcttctctttaagg	817457,4164473,10100641,10531670,14309741,18757547,20036483,22626301
X	cccgaaatacaaatattgttcaaatactga	812525,817698,4158163,4164727,10095434,10100895,10525342,10531924,11240768,18754608,18757801,20033587,20036737,22620758,22626555,812525,817698,4158163,4164727,10095434,10100895,10525342,10531924,11240768,18754608,18757801,20033587,20036737,22620758,22626555
X	cccgataacactattgtttatactgatcac	4163117,10530296
X	ccctctttcaacgctacctaatcttaagaa	812478,817651,4158116,4164680,10095387,10100848,10525295,10531877,11240721,18754561,18757754,20033540,20036690,22620711,22626508,812478,817651,4158116,4164680,10095387,10100848,10525295,10531877,11240721,18754561,18757754,20033540,20036690,22620711,22626508
X	ccgaaatacaaatattgttcaaatactgag	812526,817699,4158164,4164728,10095435,10100896,10525343,10531925,11240769,18754609,18757802,20033588,20036738,22620759,22626556,812526,817699,4158164,4164728,10095435,10100896,10525343,10531925,11240769,18754609,18757802,20033588,20036738,22620759,22626556
X	ccgataacactattgtttatactgatcaca	4163118,10530297
X	ccgccaacgccgacgccgactgcgacgtcg	19165387
X	ccggaataaccctgaaacatagaaacaaac	4163373,10530553
X	ccgttcttgtaaacatcctaaagcctgacc	812432,817605,4158070,4164634,10095341,10100802,10525249,10531831,11240675,18754515,18757708,20033494,20036644,22620665,22626462,812432,817605,4158070,4164634,10095341,10100802,10525249,10531831,11240675,18754515,18757708,20033494,20036644,22620665,22626462
X	cctaaagcctgacctaagcagatttgactg	812448,817621,4158086,4164650,10095357,10100818,10525265,10531847,11240691,18754531,18757724,20033510,20036660,22620681,22626478,812448,817621,4158086,4164650,10095357,10100818,10525265,10531847,11240691,18754531,18757724,20033510,20036660,22620681,22626478
X	cctaagcagatttgactgccctctttcaac	812460,817633,4158098,4164662,10095369,10100830,10525277,10531859,11240703,18754543,18757736,20033522,20036672,22620693,22626490,812460,817633,4158098,4164662,10095369,10100830,10525277,10531859,11240703,18754543,18757736,20033522,20036672,22620693,22626490
X	cctaatcttaagaacccaagagcgaggctc	812494,817667,4158132,4164696,10095403,10100864,10525311,10531893,11240737,18754577,18757770,20033556,20036706,22620727,22626524,812494,817667,4158132,4164696,10095403,10100864,10525311,10531893,11240737,18754577,18757770,20033556,20036706,22620727,22626524
X	cctctttcaacgctacctaatcttaagaac	812479,817652,4158117,4164681,10095388,10100849,10525296,10531878,11240722,18754562,18757755,20033541,20036691,22620712,22626509,812479,817652,4158117,4164681,10095388,10100849,10525296,10531878,11240722,18754562,18757755,20033541,20036691,22620712,22626509
X	cctgacctaagcagatttgactgccctctt	812455,817628,4158093,4164657,10095364,10100825,10525272,10531854,11240698,18754538,18757731,20033517,20036667,22620688,22626485,812455,817628,4158093,4164657,10095364,10100825,10525272,10531854,11240698,18754538,18757731,20033517,20036667,22620688,22626485
X	cctggaacttaacccaaacaattcttaacc	817024,4164040,10100208,10531237,18757114,20036050,22625868
X	cctggtacccgataacactattgtttatac	4163110,10530289
X	ccttacccagactccaacggctatcagcta	816816,4163832,10531029,18756311,20035842
X	ccttagtcaactgacgggacattagttcga	812666,817839,4158304,4164868,10095575,10101036,10525483,10532065,11240909,18754750,18757943,20033728,20036877,22620899,22626696,812666,817839,4158304,4164868,10095575,10101036,10525483,10532065,11240909,18754750,18757943,20033728,20036877,22620899,22626696
X	cgaaatacaaatattgttcaaatactgagg	812527,817700,4158165,4164729,10095436,10100897,10525344,10531926,11240770,18754610,18757803,20033589,20036739,22620760,22626557,812527,817700,4158165,4164729,10095436,10100897,10525344,10531926,11240770,18754610,18757803,20033589,20036739,22620760,22626557
X	cgaactaatgcagtttacggaatacataga	4163600,10530797
X	cgacgccatacgattgataaatgacggaat	10530713
X	cgaggctctcccgaaatacaaatattgttc	812516,817689,4158154,4164718,10095425,10100886,10525333,10531915,11240759,18754599,18757792,20033578,20036728,22620749,22626546,812516,817689,4158154,4164718,10095425,10100886,10525333,10531915,11240759,18754599,18757792,20033578,20036728,22620749,22626546
X	cgataacactattgtttatactgatcacag	4163119,10530298
X	cgcagccgttcttgtaaacatcctaaagcc	812427,817600,4158065,4164629,10095336,10100797,10525244,10531826,11240670,18754510,18757703,20033489,20036639,22620660,22626457,812427,817600,4158065,4164629,10095336,10100797,10525244,10531826,11240670,18754510,18757703,20033489,20036639,22620660,22626457
X	cgccatacgattgataaatgacggaatgca	10530716
X	cgctacctaatcttaagaacccaagagcga	812489,817662,4158127,4164691,10095398,10100859,10525306,10531888,11240732,18754572,18757765,20033551,20036701,22620722,22626519,812489,817662,4158127,4164691,10095398,10100859,10525306,10531888,11240732,18754572,18757765,20033551,20036701,22620722,22626519
X	cggaataaccctgaaacatagaaacaaacg	4163374,10530554
X	cgttcttgtaaacatcctaaagcctgacct	812433,817606,4158071,4164635,10095342,10100803,10525250,10531832,11240676,18754516,18757709,20033495,20036645,22620666,22626463,812433,817606,4158071,4164635,10095342,10100803,10525250,10531832,11240676,18754516,18757709,20033495,20036645,22620666,22626463
X	cgttgtccttagtcaactgacgggacatta	812660,817833,4158298,4164862,10095569,10101030,10525477,10532059,11240903,18754744,18757937,20033722,20036871,22620893,22626690,812660,817833,4158298,4164862,10095569,10101030,10525477,10532059,11240903,18754744,18757937,20033722,20036871,22620893,22626690
X	cgtttatctttggcagcgcagccgttcttg	812411,817584,4158049,4164613,10095320,10100781,10525228,10531810,11240654,18754494,18757687,20033473,20036623,22620644,22626441,812411,817584,4158049,4164613,10095320,10100781,10525228,10531810,11240654,18754494,18757687,20033473,20036623,22620644,22626441
X	ctaaagcctgacctaagcagatttgactgc	812449,817622,4158087,4164651,10095358,10100819,10525266,10531848,11240692,18754532,18757725,20033511,20036661,22620682,22626479,812449,817622,4158087,4164651,10095358,10100819,10525266,10531848,11240692,18754532,18757725,20033511,20036661,22620682,22626479
X	ctaagcagatttgactgccctctttcaacg	812461,817634,4158099,4164663,10095370,10100831,10525278,10531860,11240704,18754544,18757737,20033523,20036673,22620694,22626491,812461,817634,4158099,4164663,10095370,10100831,10525278,10531860,11240704,18754544,18757737,20033523,20036673,22620694,22626491
X	ctaatcttaagaacccaagagcgaggctct	812495,817668,4158133,4164697,10095404,10100865,10525312,10531894,11240738,18754578,18757771,20033557,20036707,22620728,22626525,812495,817668,4158133,4164697,10095404,10100865,10525312,10531894,11240738,18754578,18757771,20033557,20036707,22620728,22626525
X	ctacaatgataaccaagtattaatcatatc	816740,4163756,10530953,18756235,20035766
X	ctacctaatcttaagaacccaagagcgagg	812491,817664,4158129,4164693,10095400,10100861,10525308,10531890,11240734,18754574,18757767,20033553,20036703,22620724,22626521,812491,817664,4158129,4164693,10095400,10100861,10525308,10531890,11240734,18754574,18757767,20033553,20036703,22620724,22626521
X	ctagccggaataaccctgaaacatagaaac	4163369,10530549
X	ctatatccatcaatcccagcccaagtatag	817443,4164459,10100627,10531656,14309727,18757533,20036469,22626287
X	ctatgcagctttccagacttggactgttta	4163644,10530841
X	ctattgtttatactgatcacagctgttcat	4163127,10530306
X	ctcaatttcacaggcacctggtacccgata	4163094,10530273
X	ctcatatttaagatatgtatcatttaaacc	817319,4164335,10100503,10531532,18757409,20036345,22626163
X	ctccaacggctatcagctagattacacaga	816827,4163843,10531040,18756322,20035853
X	ctccatttcccacactatatccatcaatcc	817429,4164445,10100613,10531642,18757519,20036455,22626273
X	ctcccgaaatacaaatattgttcaaatact	812523,817696,4158161,4164725,10095432,10100893,10525340,10531922,11240766,18754606,18757799,20033585,20036735,22620756,22626553,812523,817696,4158161,4164725,10095432,10100893,10525340,10531922,11240766,18754606,18757799,20033585,20036735,22620756,22626553
X	ctctcaatttcacaggcacctggtacccga	4163092,10530271
X	ctctcccgaaatacaaatattgttcaaata	812521,817694,4158159,4164723,10095430,10100891,10525338,10531920,11240764,18754604,18757797,20033583,20036733,22620754,22626551,812521,817694,4158159,4164723,10095430,10100891,10525338,10531920,11240764,18754604,18757797,20033583,20036733,22620754,22626551
X	ctctttcaacgctacctaatcttaagaacc	812480,817653,4158118,4164682,10095389,10100850,10525297,10531879,11240723,18754563,18757756,20033542,20036692,22620713,22626510,812480,817653,4158118,4164682,10095389,10100850,10525297,10531879,11240723,18754563,18757756,20033542,20036692,22620713,22626510
X	ctgacctaagcagatttgactgccctcttt	812456,817629,4158094,4164658,10095365,10100826,10525273,10531855,11240699,18754539,18757732,20033518,20036668,22620689,22626486,812456,817629,4158094,4164658,10095365,10100826,10525273,10531855,11240699,18754539,18757732,20033518,20036668,22620689,22626486
X	ctgacgggacattagttcgactcataaata	812676,817849,4158314,4164878,10095585,10101046,10525493,10532075,11240919,20033738,20036887,22620909,22626706,812676,817849,4158314,4164878,10095585,10101046,10525493,10532075,11240919,20033738,20036887,22620909,22626706
X	ctgagatccaaagaataaagtcgtgaaact	812598,817771,4158236,4164800,10095507,10525415,10531997,11240841,18754681,18757874,20033660,20036810,22620831,22626628,812598,817771,4158236,4164800,10095507,10525415,10531997,11240841,18754681,18757874,20033660,20036810,22620831,22626628
X	ctgccctctttcaacgctacctaatcttaa	812475,817648,4158113,4164677,10095384,10100845,10525292,10531874,11240718,18754558,18757751,20033537,20036687,22620708,22626505,812475,817648,4158113,4164677,10095384,10100845,10525292,10531874,11240718,18754558,18757751,20033537,20036687,22620708,22626505
X	ctggaacttaacccaaacaattcttaacca	817025,4164041,10100209,10531238,18757115,20036051,22625869
X	ctggtacccgataacactattgtttatact	4163111,10530290
X	ctgttagaaccagaaatagatttgacacca	817158,4164174,10100342,10531371,18757248,20036184,22626002
X	cttaagaacccaagagcgaggctctcccga	812500,817673,4158138,4164702,10095409,10100870,10525317,10531899,11240743,18754583,18757776,20033562,20036712,22620733,22626530,812500,817673,4158138,4164702,10095409,10100870,10525317,10531899,11240743,18754583,18757776,20033562,20036712,22620733,22626530
X	cttaagctgagatccaaagaataaagtcgt	812592,817765,4158230,4164794,10095501,10525409,10531991,11240835,18754675,18757868,20033654,20036804,22620825,22626622,812592,817765,4158230,4164794,10095501,10525409,10531991,11240835,18754675,18757868,20033654,20036804,22620825,22626622
X	cttacccagactccaacggctatcagctag	816817,4163833,10531030,18756312,20035843
X	cttagtcaactgacgggacattagttcgac	812667,817840,4158305,4164869,10095576,10101037,10525484,10532066,11240910,18754751,18757944,20033729,20036878,22620900,22626697,812667,817840,4158305,4164869,10095576,10101037,10525484,10532066,11240910,18754751,18757944,20033729,20036878,22620900,22626697
X	cttatacgctgggcatcccatattagacac	4162833,10530012,22625426
X	cttggattaactacaatgataaccaagtat	816730,4163746,10530943,18756225,20035756
X	cttggcgttgtccttagtcaactgacggga	812655,817828,4158293,4164857,10095564,10101025,10525472,10532054,11240898,18754739,18757932,20033717,20036866,22620888,22626685,812655,817828,4158293,4164857,10095564,10101025,10525472,10532054,11240898,18754739,18757932,20033717,20036866,22620888,22626685
X	cttgtaaacatcctaaagcctgacctaagc	812437,817610,4158075,4164639,10095346,10100807,10525254,10531836,11240680,18754520,18757713,20033499,20036649,22620670,22626467,812437,817610,4158075,4164639,10095346,10100807,10525254,10531836,11240680,18754520,18757713,20033499,20036649,22620670,22626467
X	ctttcaacgctacctaatcttaagaaccca	812482,817655,4158120,4164684,10095391,10100852,10525299,10531881,11240725,18754565,18757758,20033544,20036694,22620715,22626512,812482,817655,4158120,4164684,10095391,10100852,10525299,10531881,11240725,18754565,18757758,20033544,20036694,22620715,22626512
X	ctttggcagcgcagccgttcttgtaaacat	812418,817591,4158056,4164620,10095327,10100788,10525235,10531817,11240661,18754501,18757694,20033480,20036630,22620651,22626448,812418,817591,4158056,4164620,10095327,10100788,10525235,10531817,11240661,18754501,18757694,20033480,20036630,22620651,22626448
X	gaaacaatcctctacacatacaaccataaa	4162762,10100031,10529941,22625355
X	gaaactccatttcccacactatatccatca	817425,4164441,10100609,10531638,18757515,20036451,22626269
X	gaaatacaaatattgttcaaatactgaggc	812528,817701,4158166,4164730,10095437,10100898,10525345,10531927,11240771,18754611,18757804,20033590,20036740,22620761,22626558,812528,817701,4158166,4164730,10095437,10100898,10525345,10531927,11240771,18754611,18757804,20033590,20036740,22620761,22626558
X	gaaatggctatgcagctttccagacttgga	4163637,10530834
X	gaacaatattacactttacatacaaatgat	817259,4164275,10100443,10531472,18757349,20036285,22626103
X	gaaccaaacacaattgtaacctggaactta	817005,4164021,10100189,10531218,18757095,20036031,22625849
X	gaacccaagagcgaggctctcccgaaatac	812505,817678,4158143,4164707,10095414,10100875,10525322,10531904,11240748,18754588,18757781,20033567,20036717,22620738,22626535,812505,817678,4158143,4164707,10095414,10100875,10525322,10531904,11240748,18754588,18757781,20033567,20036717,22620738,22626535
X	gaactaatgcagtttacggaatacatagaa	4163601,10530798
X	gaactagccggaataaccctgaaacataga	4163366,10530546
X	gaagacagacaggaatttaatattgacact	4162900,10530079,22625493
X	gaagatttggaaatggctatgcagctttcc	4163628,10530825
X	gaataaagtcgtgaaactatttctcctaaa	812610,817783,4158248,4164812,10095519,10525427,10532009,11240853,18754693,18757886,20033672,20036822,22620843,22626640,812610,817783,4158248,4164812,10095519,10525427,10532009,11240853,18754693,18757886,20033672,20036822,22620843,22626640
X	gaataaccctgaaacatagaaacaaacggg	4163376,10530556
X	gaatatttgtcattagagtattcagcttgc	22050012,22086229
X	gacagacaggaatttaatattgacactaat	4162903,10530082,22625496
X	gacaggaatttaatattgacactaattaca	4162907,10530086,22625500
X	gacctaagcagatttgactgccctctttca	812458,817631,4158096,4164660,10095367,10100828,10525275,10531857,11240701,18754541,18757734,20033520,20036670,22620691,22626488,812458,817631,4158096,4164660,10095367,10100828,10525275,10531857,11240701,18754541,18757734,20033520,20036670,22620691,22626488
X	gacgccatacgattgataaatgacggaatg	10530714
X	gacgggacattagttcgactcataaataaa	812678,817851,4158316,4164880,10095587,10101048,10525495,10532077,11240921,20033740,20036889,22620911,22626708,812678,817851,4158316,4164880,10095587,10101048,10525495,10532077,11240921,20033740,20036889,22620911,22626708
X	gactccaacggctatcagctagattacaca	816825,4163841,10531038,18756320,20035851
X	gactgccctctttcaacgctacctaatctt	812473,817646,4158111,4164675,10095382,10100843,10525290,10531872,11240716,18754556,18757749,20033535,20036685,22620706,22626503,812473,817646,4158111,4164675,10095382,10100843,10525290,10531872,11240716,18754556,18757749,20033535,20036685,22620706,22626503
X	gagaacaatattacactttacatacaaatg	817257,4164273,10100441,10531470,18757347,20036283,22626101
X	gagaactagccggaataaccctgaaacata	4163364,10530544
X	gagatccaaagaataaagtcgtgaaactat	812600,817773,4158238,4164802,10095509,10525417,10531999,11240843,18754683,18757876,20033662,20036812,22620833,22626630,812600,817773,4158238,4164802,10095509,10525417,10531999,11240843,18754683,18757876,20033662,20036812,22620833,22626630
X	gagcaaagactacgaaccgattaccatgca	4163300,10530480
X	gagcgaggctctcccgaaatacaaatattg	812513,817686,4158151,4164715,10095422,10100883,10525330,10531912,11240756,18754596,18757789,20033575,20036725,22620746,22626543,22738828,812513,817686,4158151,4164715,10095422,10100883,10525330,10531912,11240756,18754596,18757789,20033575,20036725,22620746,22626543,22738828
X	gaggctctcccgaaatacaaatattgttca	812517,817690,4158155,4164719,10095426,10100887,10525334,10531916,11240760,18754600,18757793,20033579,20036729,22620750,22626547,812517,817690,4158155,4164719,10095426,10100887,10525334,10531916,11240760,18754600,18757793,20033579,20036729,22620750,22626547
X	gataacactattgtttatactgatcacagc	4163120,10530299
X	gataaccaagtattaatcatatcccacata	816747,4163763,10530960,18756242,20035773
X	gatagaaacaatcctctacacatacaacca	4162758,10100027,10529937,22625351
X	gatccaaagaataaagtcgtgaaactattt	812602,817775,4158240,4164804,10095511,10525419,10532001,11240845,18754685,18757878,20033664,20036814,22620835,22626632,812602,817775,4158240,4164804,10095511,10525419,10532001,11240845,18754685,18757878,20033664,20036814,22620835,22626632
X	gatgtggatgtgaatgtgaatgtgaatgtg	12191070
X	gattaactacaatgataaccaagtattaat	816734,4163750,10530947,18756229,20035760
X	gattagaaatagccaaatctatgtacatat	21976081,22389335,22394631
X	gatttcagagaacaatattacactttacat	817250,4164266,10100434,10531463,18757340,20036276,22626094
X	gatttgactgccctctttcaacgctaccta	812468,817641,4158106,4164670,10095377,10100838,10525285,10531867,11240711,18754551,18757744,20033530,20036680,22620701,22626498,812468,817641,4158106,4164670,10095377,10100838,10525285,10531867,11240711,18754551,18757744,20033530,20036680,22620701,22626498
X	gatttggaaatggctatgcagctttccaga	4163631,10530828
X	gcaaagactacgaaccgattaccatgcacc	4163302,10530482
X	gcaagatagaaacaatcctctacacataca	4162754,10100023,10529933,22625347
X	gcacctggtacccgataacactattgttta	4163107,10530286
X	gcagatttgactgccctctttcaacgctac	812465,817638,4158103,4164667,10095374,10100835,10525282,10531864,11240708,18754548,18757741,20033527,20036677,22620698,22626495,812465,817638,4158103,4164667,10095374,10100835,10525282,10531864,11240708,18754548,18757741,20033527,20036677,22620698,22626495
X	gcagccgttcttgtaaacatcctaaagcct	812428,817601,4158066,4164630,10095337,10100798,10525245,10531827,11240671,18754511,18757704,20033490,20036640,22620661,22626458,812428,817601,4158066,4164630,10095337,10100798,10525245,10531827,11240671,18754511,18757704,20033490,20036640,22620661,22626458
X	gcagcgcagccgttcttgtaaacatcctaa	812423,817596,4158061,4164625,10095332,10100793,10525240,10531822,11240666,18754506,18757699,20033485,20036635,22620656,22626453,812423,817596,4158061,4164625,10095332,10100793,10525240,10531822,11240666,18754506,18757699,20033485,20036635,22620656,22626453
X	gcagctttccagacttggactgtttaaccc	4163648,10530845
X	gccatacgattgataaatgacggaatgcaa	10530717
X	gcccaagtataggcttctctttaagggaag	817461,4164477,10100645,10531674,14309745,18757551,20036487,22626305
X	gccctctttcaacgctacctaatcttaaga	812477,817650,4158115,4164679,10095386,10100847,10525294,10531876,11240720,18754560,18757753,20033539,20036689,22620710,22626507,812477,817650,4158115,4164679,10095386,10100847,10525294,10531876,11240720,18754560,18757753,20033539,20036689,22620710,22626507
X	gccggaataaccctgaaacatagaaacaaa	4163372,10530552
X	gccgttcttgtaaacatcctaaagcctgac	812431,817604,4158069,4164633,10095340,10100801,10525248,10531830,11240674,18754514,18757707,20033493,20036643,22620664,22626461,812431,817604,4158069,4164633,10095340,10100801,10525248,10531830,11240674,18754514,18757707,20033493,20036643,22620664,22626461
X	gcctgacctaagcagatttgactgccctct	812454,817627,4158092,4164656,10095363,10100824,10525271,10531853,11240697,18754537,18757730,20033516,20036666,22620687,22626484,812454,817627,4158092,4164656,10095363,10100824,10525271,10531853,11240697,18754537,18757730,20033516,20036666,22620687,22626484
X	gcgaggctctcccgaaatacaaatattgtt	812515,817688,4158153,4164717,10095424,10100885,10525332,10531914,11240758,18754598,18757791,20033577,20036727,22620748,22626545,22738830,812515,817688,4158153,4164717,10095424,10100885,10525332,10531914,11240758,18754598,18757791,20033577,20036727,22620748,22626545,22738830
X	gcgcagccgttcttgtaaacatcctaaagc	812426,817599,4158064,4164628,10095335,10100796,10525243,10531825,11240669,18754509,18757702,20033488,20036638,22620659,22626456,812426,817599,4158064,4164628,10095335,10100796,10525243,10531825,11240669,18754509,18757702,20033488,20036638,22620659,22626456
X	gcgttgtccttagtcaactgacgggacatt	812659,817832,4158297,4164861,10095568,10101029,10525476,10532058,11240902,18754743,18757936,20033721,20036870,22620892,22626689,812659,817832,4158297,4164861,10095568,10101029,10525476,10532058,11240902,18754743,18757936,20033721,20036870,22620892,22626689
X	gctacctaatcttaagaacccaagagcgag	812490,817663,4158128,4164692,10095399,10100860,10525307,10531889,11240733,18754573,18757766,20033552,20036702,22620723,22626520,812490,817663,4158128,4164692,10095399,10100860,10525307,10531889,11240733,18754573,18757766,20033552,20036702,22620723,22626520
X	gctatgcagctttccagacttggactgttt	4163643,10530840
X	gctctcccgaaatacaaatattgttcaaat	812520,817693,4158158,4164722,10095429,10100890,10525337,10531919,11240763,18754603,18757796,20033582,20036732,22620753,22626550,812520,817693,4158158,4164722,10095429,10100890,10525337,10531919,11240763,18754603,18757796,20033582,20036732,22620753,22626550
X	gctgagatccaaagaataaagtcgtgaaac	812597,817770,4158235,4164799,10095506,10525414,10531996,11240840,18754680,18757873,20033659,20036809,22620830,22626627,812597,817770,4158235,4164799,10095506,10525414,10531996,11240840,18754680,18757873,20033659,20036809,22620830,22626627
X	ggaaatggctatgcagctttccagacttgg	4163636,10530833
X	ggaacttaacccaaacaattcttaaccaaa	817027,4164043,10100211,10531240,18757117,20036053,22625871
X	ggaataaccctgaaacatagaaacaaacgg	4163375,10530555
X	ggaatttaatattgacactaattacagaaa	4162911,10530090,22625504
X	ggatgtggatgtgaatgtgaatgtgaatgt	12191069
X	ggattaactacaatgataaccaagtattaa	816733,4163749,10530946,18756228,20035759
X	ggcacctggtacccgataacactattgttt	4163106,10530285
X	ggcagcgcagccgttcttgtaaacatccta	812422,817595,4158060,4164624,10095331,10100792,10525239,10531821,11240665,18754505,18757698,20033484,20036634,22620655,22626452,812422,817595,4158060,4164624,10095331,10100792,10525239,10531821,11240665,18754505,18757698,20033484,20036634,22620655,22626452
X	ggcgttgtccttagtcaactgacgggacat	812658,817831,4158296,4164860,10095567,10101028,10525475,10532057,11240901,18754742,18757935,20033720,20036869,22620891,22626688,812658,817831,4158296,4164860,10095567,10101028,10525475,10532057,11240901,18754742,18757935,20033720,20036869,22620891,22626688
X	ggctatgcagctttccagacttggactgtt	4163642,10530839
X	ggctctcccgaaatacaaatattgttcaaa	812519,817692,4158157,4164721,10095428,10100889,10525336,10531918,11240762,18754602,18757795,20033581,20036731,22620752,22626549,812519,817692,4158157,4164721,10095428,10100889,10525336,10531918,11240762,18754602,18757795,20033581,20036731,22620752,22626549
X	ggtacccgataacactattgtttatactga	4163113,10530292
X	gtaaacatcctaaagcctgacctaagcaga	812440,817613,4158078,4164642,10095349,10100810,10525257,10531839,11240683,18754523,18757716,20033502,20036652,22620673,22626470,812440,817613,4158078,4164642,10095349,10100810,10525257,10531839,11240683,18754523,18757716,20033502,20036652,22620673,22626470
X	gtaacctggaacttaacccaaacaattctt	817020,4164036,10100204,10531233,18757110,20036046,22625864
X	gtacatatgtacatatgtatgtatgtacat	18129341
X	gtacccgataacactattgtttatactgat	4163114,10530293
X	gtactcatatttaagatatgtatcatttaa	817316,4164332,10100500,10531529,18757406,20036342,22626160
X	gtattaatcatatcccacatacccatttac	816756,4163772,10530969,18756251,20035782
X	gtcaactgacgggacattagttcgactcat	812671,817844,4158309,4164873,10095580,10101041,10525488,10532070,11240914,20033733,20036882,22620904,22626701,812671,817844,4158309,4164873,10095580,10101041,10525488,10532070,11240914,20033733,20036882,22620904,22626701
X	gtccttagtcaactgacgggacattagttc	812664,817837,4158302,4164866,10095573,10101034,10525481,10532063,11240907,18754748,18757941,20033726,20036875,22620897,22626694,812664,817837,4158302,4164866,10095573,10101034,10525481,10532063,11240907,18754748,18757941,20033726,20036875,22620897,22626694
X	gtcttaagctgagatccaaagaataaagtc	812590,817763,4158228,4164792,10095499,10525407,10531989,11240833,18754673,18757866,20033652,20036802,22620823,22626620,812590,817763,4158228,4164792,10095499,10525407,10531989,11240833,18754673,18757866,20033652,20036802,22620823,22626620
X	gtggatgtggatgtgaatgtgaatgtgaat	12191067
X	gttcgaactaatgcagtttacggaatacat	4163597,10530794
X	gttcttgtaaacatcctaaagcctgaccta	812434,817607,4158072,4164636,10095343,10100804,10525251,10531833,11240677,18754517,18757710,20033496,20036646,22620667,22626464,812434,817607,4158072,4164636,10095343,10100804,10525251,10531833,11240677,18754517,18757710,20033496,20036646,22620667,22626464
X	gttgtactcatatttaagatatgtatcatt	817313,4164329,10100497,10531526,18757403,20036339,22626157
X	gttgtccttagtcaactgacgggacattag	812661,817834,4158299,4164863,10095570,10101031,10525478,10532060,11240904,18754745,18757938,20033723,20036872,22620894,22626691,812661,817834,4158299,4164863,10095570,10101031,10525478,10532060,11240904,18754745,18757938,20033723,20036872,22620894,22626691
X	gtttatactgatcacagctgttcatggaca	4163132,10530311
X	gtttatctttggcagcgcagccgttcttgt	812412,817585,4158050,4164614,10095321,10100782,10525229,10531811,11240655,18754495,18757688,20033474,20036624,22620645,22626442,812412,817585,4158050,4164614,10095321,10100782,10525229,10531811,11240655,18754495,18757688,20033474,20036624,22620645,22626442
X	taaacatcctaaagcctgacctaagcagat	812441,817614,4158079,4164643,10095350,10100811,10525258,10531840,11240684,18754524,18757717,20033503,20036653,22620674,22626471,812441,817614,4158079,4164643,10095350,10100811,10525258,10531840,11240684,18754524,18757717,20033503,20036653,22620674,22626471
X	taaactctcaatttcacaggcacctggtac	4163088,10530267
X	taaagcctgacctaagcagatttgactgcc	812450,817623,4158088,4164652,10095359,10100820,10525267,10531849,11240693,18754533,18757726,20033512,20036662,22620683,22626480,812450,817623,4158088,4164652,10095359,10100820,10525267,10531849,11240693,18754533,18757726,20033512,20036662,22620683,22626480
X	taaatgaagacagacaggaatttaatattg	4162895,10530074,22625488
X	taacactattgtttatactgatcacagctg	4163122,10530301
X	taaccaagtattaatcatatcccacatacc	816749,4163765,10530962,18756244,20035775
X	taacctggaacttaacccaaacaattctta	817021,4164037,10100205,10531234,18757111,20036047,22625865
X	taacgggtatctgatagtcgagaaactcga	16255098
X	taactacaatgataaccaagtattaatcat	816737,4163753,10530950,18756232,20035763
X	taactgaaatagacatcgtggttgactatt	4163268
X	taagaacccaagagcgaggctctcccgaaa	812502,817675,4158140,4164704,10095411,10100872,10525319,10531901,11240745,18754585,18757778,20033564,20036714,22620735,22626532,812502,817675,4158140,4164704,10095411,10100872,10525319,10531901,11240745,18754585,18757778,20033564,20036714,22620735,22626532
X	taagatatgtatcatttaaaccatttatga	817327,4164343,10100511,10531540,18757417,20036353,22626171
X	taagcaagatagaaacaatcctctacacat	4162751,10100020,10529930,22625344
X	taagcagatttgactgccctctttcaacgc	812462,817635,4158100,4164664,10095371,10100832,10525279,10531861,11240705,18754545,18757738,20033524,20036674,22620695,22626492,812462,817635,4158100,4164664,10095371,10100832,10525279,10531861,11240705,18754545,18757738,20033524,20036674,22620695,22626492
X	taagctgagatccaaagaataaagtcgtga	812594,817767,4158232,4164796,10095503,10525411,10531993,11240837,18754677,18757870,20033656,20036806,22620827,22626624,812594,817767,4158232,4164796,10095503,10525411,10531993,11240837,18754677,18757870,20033656,20036806,22620827,22626624
X	taatattgacaccaaccacggatatctcct	4163177
X	taatcatatcccacatacccatttaccttt	816760,4163776,10530973,18756255,20035786
X	taatcttaagaacccaagagcgaggctctc	812496,817669,4158134,4164698,10095405,10100866,10525313,10531895,11240739,18754579,18757772,20033558,20036708,22620729,22626526,812496,817669,4158134,4164698,10095405,10100866,10525313,10531895,11240739,18754579,18757772,20033558,20036708,22620729,22626526
X	taattccttacccagactccaacggctatc	816811,4163827,10531024,18756306,20035837
X	tacaaatattgttcaaatactgaggcttct	812532,817705,4158170,4164734,10095441,10100902,10525349,10531931,11240775,18754615,18757808,20033594,20036744,22620765,22626562,812532,817705,4158170,4164734,10095441,10100902,10525349,10531931,11240775,18754615,18757808,20033594,20036744,22620765,22626562
X	tacaatgataaccaagtattaatcatatcc	816741,4163757,10530954,18756236,20035767
X	tacactttacatacaaatgatcattgtaat	817268,4164284,10100452,10531481,18757358,20036294,22626112
X	tacatagaaccaaacacaattgtaacctgg	816999,4164015,10100183,10531212,14309283,18757089,20036025,22625843
X	tacccagactccaacggctatcagctagat	816819,4163835,10531032,18756314,20035845
X	tacccgataacactattgtttatactgatc	4163115,10530294
X	tacctaatcttaagaacccaagagcgaggc	812492,817665,4158130,4164694,10095401,10100862,10525309,10531891,11240735,18754575,18757768,20033554,20036704,22620725,22626522,812492,817665,4158130,4164694,10095401,10100862,10525309,10531891,11240735,18754575,18757768,20033554,20036704,22620725,22626522
X	tacgctgggcatcccatattagacactcaa	4162837,10530016,22625430
X	tactcatatttaagatatgtatcatttaaa	817317,4164333,10100501,10531530,18757407,20036343,22626161
X	tagaaacaatcctctacacatacaaccata	4162760,10100029,10529939,22625353
X	tagaaccaaacacaattgtaacctggaact	817003,4164019,10100187,10531216,18757093,20036029,22625847
X	tagaatatttgtcattagagtattcagctt	22050010,22086227
X	tagattagaaatagccaaatctatgtacat	21976079,22049944,22086161,22389333,22394629,22439210
X	tagccggaataaccctgaaacatagaaaca	4163370,10530550
X	tagtcaactgacgggacattagttcgactc	812669,817842,4158307,4164871,10095578,10101039,10525486,10532068,11240912,18754753,18757946,20033731,20036880,22620902,22626699,812669,817842,4158307,4164871,10095578,10101039,10525486,10532068,11240912,18754753,18757946,20033731,20036880,22620902,22626699
X	tagtcttaagctgagatccaaagaataaag	812588,817761,4158226,4164790,10095497,10525405,10531987,11240831,18754671,18757864,20033650,20036800,22620821,22626618,812588,817761,4158226,4164790,10095497,10525405,10531987,11240831,18754671,18757864,20033650,20036800,22620821,22626618
X	tatacgctgggcatcccatattagacactc	4162835,10530014,22625428
X	tatatccatcaatcccagcccaagtatagg	817444,4164460,10100628,10531657,14309728,18757534,20036470,22626288
X	tatccatcaatcccagcccaagtataggct	817446,4164462,10100630,10531659,14309730,18757536,20036472,22626290
X	tatcccacatacccatttacctttcactaa	816766,4163782,10530979,18756261,20035792
X	tatctttggcagcgcagccgttcttgtaaa	812415,817588,4158053,4164617,10095324,10100785,10525232,10531814,11240658,18754498,18757691,20033477,20036627,22620648,22626445,812415,817588,4158053,4164617,10095324,10100785,10525232,10531814,11240658,18754498,18757691,20033477,20036627,22620648,22626445
X	tatgcagctttccagacttggactgtttaa	4163645,10530842
X	tatgtacatatgtacatatgtatgtatgta	6720145,19290906
X	tattaaacacttaaatccaatttgtaattt	816938,4163954,10100122,10531151,20035964,22625782
X	tattaatcatatcccacatacccatttacc	816757,4163773,10530970,18756252,20035783
X	tattacactttacatacaaatgatcattgt	817265,4164281,10100449,10531478,18757355,20036291,22626109
X	tattagaatatttgtcattagagtattcag	22050007,22086224
X	tattgtttatactgatcacagctgttcatg	4163128,10530307
X	tatttaagatatgtatcatttaaaccattt	817323,4164339,10100507,10531536,18757413,20036349,22626167
X	tatttcaaagaaatcagtaatgcactctag	4157984,4164548,10095255,10100716,10525163,10531745,11240589,18754429,18757622,20033408,20036558,22620579,22626376,4157984,4164548,10095255,10100716,10525163,10531745,11240589,18754429,18757622,20033408,20036558,22620579,22626376
X	tatttcttggcgttgtccttagtcaactga	812650,817823,4158288,4164852,10095559,10101020,10525467,10532049,11240893,18754734,18757927,20033712,20036861,22620883,22626680,812650,817823,4158288,4164852,10095559,10101020,10525467,10532049,11240893,18754734,18757927,20033712,20036861,22620883,22626680
X	tatttgtcattagagtattcagcttgcggc	22050015,22086232
X	tcaaagaaatcagtaatgcactctagtaat	4157988,4164552,10095259,10100720,10525167,10531749,11240593,18754433,18757626,20033412,20036562,22620583,22626380,4157988,4164552,10095259,10100720,10525167,10531749,11240593,18754433,18757626,20033412,20036562,22620583,22626380
X	tcaacgctacctaatcttaagaacccaaga	812485,817658,4158123,4164687,10095394,10100855,10525302,10531884,11240728,18754568,18757761,20033547,20036697,22620718,22626515,812485,817658,4158123,4164687,10095394,10100855,10525302,10531884,11240728,18754568,18757761,20033547,20036697,22620718,22626515
X	tcaactgacgggacattagttcgactcata	812672,817845,4158310,4164874,10095581,10101042,10525489,10532071,11240915,20033734,20036883,22620905,22626702,812672,817845,4158310,4164874,10095581,10101042,10525489,10532071,11240915,20033734,20036883,22620905,22626702
X	tcaatcccagcccaagtataggcttctctt	817452,4164468,10100636,10531665,14309736,18757542,20036478,22626296
X	tcaatttaactgaaatagacatcgtggttg	4163262
X	tcaatttcacaggcacctggtacccgataa	4163095,10530274
X	tcacaggcacctggtacccgataacactat	4163101,10530280
X	tcagagaacaatattacactttacatacaa	817254,4164270,10100438,10531467,18757344,20036280,22626098
X	tcatatcccacatacccatttacctttcac	816763,4163779,10530976,18756258,20035789
X	tcatatttaagatatgtatcatttaaacca	817320,4164336,10100504,10531533,18757410,20036346,22626164
X	tccaaagaataaagtcgtgaaactatttct	812604,817777,4158242,4164806,10095513,10525421,10532003,11240847,18754687,18757880,20033666,20036816,22620837,22626634,812604,817777,4158242,4164806,10095513,10525421,10532003,11240847,18754687,18757880,20033666,20036816,22620837,22626634
X	tccaacggctatcagctagattacacagac	816828,4163844,10531041,18756323,20035854
X	tccacttggattaactacaatgataaccaa	816726,4163742,10530939,18756221,20035752
X	tccatcaatcccagcccaagtataggcttc	817448,4164464,10100632,10531661,14309732,18757538,20036474,22626292
X	tccatttcccacactatatccatcaatccc	817430,4164446,10100614,10531643,18757520,20036456,22626274
X	tcccacactatatccatcaatcccagccca	817436,4164452,10100620,10531649,18757526,20036462,22626280
X	tcccacatacccatttacctttcactaata	816768,4163784,10530981,18756263,20035794
X	tcccagcccaagtataggcttctctttaag	817456,4164472,10100640,10531669,14309740,18757546,20036482,22626300
X	tcccgaaatacaaatattgttcaaatactg	812524,817697,4158162,4164726,10095433,10100894,10525341,10531923,11240767,18754607,18757800,20033586,20036736,22620757,22626554,812524,817697,4158162,4164726,10095433,10100894,10525341,10531923,11240767,18754607,18757800,20033586,20036736,22620757,22626554
X	tcctaaagcctgacctaagcagatttgact	812447,817620,4158085,4164649,10095356,10100817,10525264,10531846,11240690,18754530,18757723,20033509,20036659,22620680,22626477,812447,817620,4158085,4164649,10095356,10100817,10525264,10531846,11240690,18754530,18757723,20033509,20036659,22620680,22626477
X	tccttacccagactccaacggctatcagct	816815,4163831,10531028,18756310,20035841
X	tccttagtcaactgacgggacattagttcg	812665,817838,4158303,4164867,10095574,10101035,10525482,10532064,11240908,18754749,18757942,20033727,20036876,22620898,22626695,812665,817838,4158303,4164867,10095574,10101035,10525482,10532064,11240908,18754749,18757942,20033727,20036876,22620898,22626695
X	tcgaactaatgcagtttacggaatacatag	4163599,10530796
X	tcgtttatctttggcagcgcagccgttctt	812410,817583,4158048,4164612,10095319,10100780,10525227,10531809,11240653,18754493,18757686,20033472,20036622,22620643,22626440,812410,817583,4158048,4164612,10095319,10100780,10525227,10531809,11240653,18754493,18757686,20033472,20036622,22620643,22626440
X	tctcaatttcacaggcacctggtacccgat	4163093,10530272
X	tctcccgaaatacaaatattgttcaaatac	812522,817695,4158160,4164724,10095431,10100892,10525339,10531921,11240765,18754605,18757798,20033584,20036734,22620755,22626552,812522,817695,4158160,4164724,10095431,10100892,10525339,10531921,11240765,18754605,18757798,20033584,20036734,22620755,22626552
X	tctgttagaaccagaaatagatttgacacc	817157,4164173,10100341,10531370,18757247,20036183,22626001
X	tcttaagaacccaagagcgaggctctcccg	812499,817672,4158137,4164701,10095408,10100869,10525316,10531898,11240742,18754582,18757775,20033561,20036711,22620732,22626529,812499,817672,4158137,4164701,10095408,10100869,10525316,10531898,11240742,18754582,18757775,20033561,20036711,22620732,22626529
X	tcttaagctgagatccaaagaataaagtcg	812591,817764,4158229,4164793,10095500,10525408,10531990,11240834,18754674,18757867,20033653,20036803,22620824,22626621,812591,817764,4158229,4164793,10095500,10525408,10531990,11240834,18754674,18757867,20033653,20036803,22620824,22626621
X	tcttatacgctgggcatcccatattagaca	4162832,10530011,22625425
X	tcttggcgttgtccttagtcaactgacggg	812654,817827,4158292,4164856,10095563,10101024,10525471,10532053,11240897,18754738,18757931,20033716,20036865,22620887,22626684,812654,817827,4158292,4164856,10095563,10101024,10525471,10532053,11240897,18754738,18757931,20033716,20036865,22620887,22626684
X	tcttgtaaacatcctaaagcctgacctaag	812436,817609,4158074,4164638,10095345,10100806,10525253,10531835,11240679,18754519,18757712,20033498,20036648,22620669,22626466,812436,817609,4158074,4164638,10095345,10100806,10525253,10531835,11240679,18754519,18757712,20033498,20036648,22620669,22626466
X	tctttcaacgctacctaatcttaagaaccc	812481,817654,4158119,4164683,10095390,10100851,10525298,10531880,11240724,18754564,18757757,20033543,20036693,22620714,22626511,812481,817654,4158119,4164683,10095390,10100851,10525298,10531880,11240724,18754564,18757757,20033543,20036693,22620714,22626511
X	tctttggcagcgcagccgttcttgtaaaca	812417,817590,4158055,4164619,10095326,10100787,10525234,10531816,11240660,18754500,18757693,20033479,20036629,22620650,22626447,812417,817590,4158055,4164619,10095326,10100787,10525234,10531816,11240660,18754500,18757693,20033479,20036629,22620650,22626447
X	tgaagacagacaggaatttaatattgacac	4162899,10530078,22625492
X	tgacctaagcagatttgactgccctctttc	812457,817630,4158095,4164659,10095366,10100827,10525274,10531856,11240700,18754540,18757733,20033519,20036669,22620690,22626487,812457,817630,4158095,4164659,10095366,10100827,10525274,10531856,11240700,18754540,18757733,20033519,20036669,22620690,22626487
X	tgacgggacattagttcgactcataaataa	812677,817850,4158315,4164879,10095586,10101047,10525494,10532076,11240920,20033739,20036888,22620910,22626707,812677,817850,4158315,4164879,10095586,10101047,10525494,10532076,11240920,20033739,20036888,22620910,22626707
X	tgactgccctctttcaacgctacctaatct	812472,817645,4158110,4164674,10095381,10100842,10525289,10531871,11240715,18754555,18757748,20033534,20036684,22620705,22626502,812472,817645,4158110,4164674,10095381,10100842,10525289,10531871,11240715,18754555,18757748,20033534,20036684,22620705,22626502
X	tgagatccaaagaataaagtcgtgaaacta	812599,817772,4158237,4164801,10095508,10525416,10531998,11240842,18754682,18757875,20033661,20036811,22620832,22626629,812599,817772,4158237,4164801,10095508,10525416,10531998,11240842,18754682,18757875,20033661,20036811,22620832,22626629
X	tgagcaaagactacgaaccgattaccatgc	4163299,10530479
X	tgataaccaagtattaatcatatcccacat	816746,4163762,10530959,18756241,20035772
X	tgatttcagagaacaatattacactttaca	817249,4164265,10100433,10531462,18757339,20036275,22626093
X	tgcagctttccagacttggactgtttaacc	4163647,10530844
X	tgccctctttcaacgctacctaatcttaag	812476,817649,4158114,4164678,10095385,10100846,10525293,10531875,11240719,18754559,18757752,20033538,20036688,22620709,22626506,812476,817649,4158114,4164678,10095385,10100846,10525293,10531875,11240719,18754559,18757752,20033538,20036688,22620709,22626506
X	tggaaatggctatgcagctttccagacttg	4163635,10530832
X	tggaacttaacccaaacaattcttaaccaa	817026,4164042,10100210,10531239,18757116,20036052,22625870
X	tggatgtggatgtgaatgtgaatgtgaatg	12191068
X	tggattaactacaatgataaccaagtatta	816732,4163748,10530945,18756227,20035758
X	tggcagcgcagccgttcttgtaaacatcct	812421,817594,4158059,4164623,10095330,10100791,10525238,10531820,11240664,18754504,18757697,20033483,20036633,22620654,22626451,812421,817594,4158059,4164623,10095330,10100791,10525238,10531820,11240664,18754504,18757697,20033483,20036633,22620654,22626451
X	tggcgttgtccttagtcaactgacgggaca	812657,817830,4158295,4164859,10095566,10101027,10525474,10532056,11240900,18754741,18757934,20033719,20036868,22620890,22626687,812657,817830,4158295,4164859,10095566,10101027,10525474,10532056,11240900,18754741,18757934,20033719,20036868,22620890,22626687
X	tggctatgcagctttccagacttggactgt	4163641,10530838
X	tggtacccgataacactattgtttatactg	4163112,10530291
X	tgtaaacatcctaaagcctgacctaagcag	812439,817612,4158077,4164641,10095348,10100809,10525256,10531838,11240682,18754522,18757715,20033501,20036651,22620672,22626469,812439,817612,4158077,4164641,10095348,10100809,10525256,10531838,11240682,18754522,18757715,20033501,20036651,22620672,22626469
X	tgtaacctggaacttaacccaaacaattct	817019,4164035,10100203,10531232,18757109,20036045,22625863
X	tgtactcatatttaagatatgtatcattta	817315,4164331,10100499,10531528,18757405,20036341,22626159
X	tgtccttagtcaactgacgggacattagtt	812663,817836,4158301,4164865,10095572,10101033,10525480,10532062,11240906,18754747,18757940,20033725,20036874,22620896,22626693,812663,817836,4158301,4164865,10095572,10101033,10525480,10532062,11240906,18754747,18757940,20033725,20036874,22620896,22626693
X	tgttcgaactaatgcagtttacggaataca	4163596,10530793
X	tgtttatactgatcacagctgttcatggac	4163131,10530310
X	ttaaatacctatttggaacactagatgaaa	4163433,10530613
X	ttaactacaatgataaccaagtattaatca	816736,4163752,10530949,18756231,20035762
X	ttaactgaaatagacatcgtggttgactat	4163267
X	ttaagaacccaagagcgaggctctcccgaa	812501,817674,4158139,4164703,10095410,10100871,10525318,10531900,11240744,18754584,18757777,20033563,20036713,22620734,22626531,812501,817674,4158139,4164703,10095410,10100871,10525318,10531900,11240744,18754584,18757777,20033563,20036713,22620734,22626531
X	ttaagatatgtatcatttaaaccatttatg	817326,4164342,10100510,10531539,18757416,20036352,22626170
X	ttaagcaagatagaaacaatcctctacaca	4162750,10100019,10529929,22625343
X	ttaagctgagatccaaagaataaagtcgtg	812593,817766,4158231,4164795,10095502,10525410,10531992,11240836,18754676,18757869,20033655,20036805,22620826,22626623,812593,817766,4158231,4164795,10095502,10525410,10531992,11240836,18754676,18757869,20033655,20036805,22620826,22626623
X	ttaatcatatcccacatacccatttacctt	816759,4163775,10530972,18756254,20035785
X	ttacactttacatacaaatgatcattgtaa	817267,4164283,10100451,10531480,18757357,20036293,22626111
X	ttacccagactccaacggctatcagctaga	816818,4163834,10531031,18756313,20035844
X	ttagaaatagccaaatctatgtacatatta	21976083,22389337,22394633
X	ttagaatatttgtcattagagtattcagct	22050009,22086226
X	ttagtcaactgacgggacattagttcgact	812668,817841,4158306,4164870,10095577,10101038,10525485,10532067,11240911,18754752,18757945,20033730,20036879,22620901,22626698,812668,817841,4158306,4164870,10095577,10101038,10525485,10532067,11240911,18754752,18757945,20033730,20036879,22620901,22626698
X	ttagtcttaagctgagatccaaagaataaa	812587,817760,4158225,4164789,10095496,10525404,10531986,11240830,18754670,18757863,20033649,20036799,22620820,22626617,812587,817760,4158225,4164789,10095496,10525404,10531986,11240830,18754670,18757863,20033649,20036799,22620820,22626617
X	ttatacgctgggcatcccatattagacact	4162834,10530013,22625427
X	ttatactgatcacagctgttcatggacaac	4163134,10530313
X	ttatctttggcagcgcagccgttcttgtaa	812414,817587,4158052,4164616,10095323,10100784,10525231,10531813,11240657,18754497,18757690,20033476,20036626,22620647,22626444,812414,817587,4158052,4164616,10095323,10100784,10525231,10531813,11240657,18754497,18757690,20033476,20036626,22620647,22626444
X	ttatttcaaagaaatcagtaatgcactcta	4157983,4164547,10095254,10100715,10525162,10531744,11240588,18754428,18757621,20033407,20036557,22620578,22626375,4157983,4164547,10095254,10100715,10525162,10531744,11240588,18754428,18757621,20033407,20036557,22620578,22626375
X	ttatttcttggcgttgtccttagtcaactg	812649,817822,4158287,4164851,10095558,10101019,10525466,10532048,11240892,18754733,18757926,20033711,20036860,22620882,22626679,812649,817822,4158287,4164851,10095558,10101019,10525466,10532048,11240892,18754733,18757926,20033711,20036860,22620882,22626679
X	ttcaaagaaatcagtaatgcactctagtaa	4157987,4164551,10095258,10100719,10525166,10531748,11240592,18754432,18757625,20033411,20036561,22620582,22626379,4157987,4164551,10095258,10100719,10525166,10531748,11240592,18754432,18757625,20033411,20036561,22620582,22626379
X	ttcaacgctacctaatcttaagaacccaag	812484,817657,4158122,4164686,10095393,10100854,10525301,10531883,11240727,18754567,18757760,20033546,20036696,22620717,22626514,812484,817657,4158122,4164686,10095393,10100854,10525301,10531883,11240727,18754567,18757760,20033546,20036696,22620717,22626514
X	ttcacaggcacctggtacccgataacacta	4163100,10530279
X	ttcagagaacaatattacactttacataca	817253,4164269,10100437,10531466,18757343,20036279,22626097
X	ttcccacactatatccatcaatcccagccc	817435,4164451,10100619,10531648,18757525,20036461,22626279
X	ttccttacccagactccaacggctatcagc	816814,4163830,10531027,18756309,20035840
X	ttcgaactaatgcagtttacggaatacata	4163598,10530795
X	ttcgtttatctttggcagcgcagccgttct	812409,817582,4158047,4164611,10095318,10100779,10525226,10531808,11240652,18754492,18757685,20033471,20036621,22620642,22626439,812409,817582,4158047,4164611,10095318,10100779,10525226,10531808,11240652,18754492,18757685,20033471,20036621,22620642,22626439
X	ttctgataagccagtacagataccatcctc	4163209,10530389
X	ttcttatacgctgggcatcccatattagac	4162831,10530010,22625424
X	ttcttggcgttgtccttagtcaactgacgg	812653,817826,4158291,4164855,10095562,10101023,10525470,10532052,11240896,18754737,18757930,20033715,20036864,22620886,22626683,812653,817826,4158291,4164855,10095562,10101023,10525470,10532052,11240896,18754737,18757930,20033715,20036864,22620886,22626683
X	ttcttgtaaacatcctaaagcctgacctaa	812435,817608,4158073,4164637,10095344,10100805,10525252,10531834,11240678,18754518,18757711,20033497,20036647,22620668,22626465,812435,817608,4158073,4164637,10095344,10100805,10525252,10531834,11240678,18754518,18757711,20033497,20036647,22620668,22626465
X	ttgactgccctctttcaacgctacctaatc	812471,817644,4158109,4164673,10095380,10100841,10525288,10531870,11240714,18754554,18757747,20033533,20036683,22620704,22626501,812471,817644,4158109,4164673,10095380,10100841,10525288,10531870,11240714,18754554,18757747,20033533,20036683,22620704,22626501
X	ttgagcaaagactacgaaccgattaccatg	4163298,10530478
X	ttggaaatggctatgcagctttccagactt	4163634,10530831
X	ttggattaactacaatgataaccaagtatt	816731,4163747,10530944,18756226,20035757
X	ttggcagcgcagccgttcttgtaaacatcc	812420,817593,4158058,4164622,10095329,10100790,10525237,10531819,11240663,18754503,18757696,20033482,20036632,22620653,22626450,812420,817593,4158058,4164622,10095329,10100790,10525237,10531819,11240663,18754503,18757696,20033482,20036632,22620653,22626450
X	ttggcgttgtccttagtcaactgacgggac	812656,817829,4158294,4164858,10095565,10101026,10525473,10532055,11240899,18754740,18757933,20033718,20036867,22620889,22626686,812656,817829,4158294,4164858,10095565,10101026,10525473,10532055,11240899,18754740,18757933,20033718,20036867,22620889,22626686
X	ttgtaaacatcctaaagcctgacctaagca	812438,817611,4158076,4164640,10095347,10100808,10525255,10531837,11240681,18754521,18757714,20033500,20036650,22620671,22626468,812438,817611,4158076,4164640,10095347,10100808,10525255,10531837,11240681,18754521,18757714,20033500,20036650,22620671,22626468
X	ttgtaacctggaacttaacccaaacaattc	817018,4164034,10100202,10531231,18757108,20036044,22625862
X	ttgtactcatatttaagatatgtatcattt	817314,4164330,10100498,10531527,18757404,20036340,22626158
X	ttgtccttagtcaactgacgggacattagt	812662,817835,4158300,4164864,10095571,10101032,10525479,10532061,11240905,18754746,18757939,20033724,20036873,22620895,22626692,812662,817835,4158300,4164864,10095571,10101032,10525479,10532061,11240905,18754746,18757939,20033724,20036873,22620895,22626692
X	ttgttcgaactaatgcagtttacggaatac	4163595,10530792
X	ttgtttatactgatcacagctgttcatgga	4163130,10530309
X	tttaaatacctatttggaacactagatgaa	4163432,10530612
X	tttaactgaaatagacatcgtggttgacta	4163266
X	tttaagatatgtatcatttaaaccatttat	817325,4164341,10100509,10531538,18757415,20036351,22626169
X	tttagtcttaagctgagatccaaagaataa	812586,817759,4158224,4164788,10095495,10525403,10531985,11240829,18754669,18757862,20033648,20036798,22620819,22626616,812586,817759,4158224,4164788,10095495,10525403,10531985,11240829,18754669,18757862,20033648,20036798,22620819,22626616
X	tttatactgatcacagctgttcatggacaa	4163133,10530312
X	tttatctttggcagcgcagccgttcttgta	812413,817586,4158051,4164615,10095322,10100783,10525230,10531812,11240656,18754496,18757689,20033475,20036625,22620646,22626443,812413,817586,4158051,4164615,10095322,10100783,10525230,10531812,11240656,18754496,18757689,20033475,20036625,22620646,22626443
X	tttatttcttggcgttgtccttagtcaact	812648,817821,4158286,4164850,10095557,10101018,10525465,10532047,11240891,18754732,18757925,20033710,20036859,22620881,22626678,812648,817821,4158286,4164850,10095557,10101018,10525465,10532047,11240891,18754732,18757925,20033710,20036859,22620881,22626678
X	tttcaaagaaatcagtaatgcactctagta	4157986,4164550,10095257,10100718,10525165,10531747,11240591,18754431,18757624,20033410,20036560,22620581,22626378,4157986,4164550,10095257,10100718,10525165,10531747,11240591,18754431,18757624,20033410,20036560,22620581,22626378
X	tttcaacgctacctaatcttaagaacccaa	812483,817656,4158121,4164685,10095392,10100853,10525300,10531882,11240726,18754566,18757759,20033545,20036695,22620716,22626513,812483,817656,4158121,4164685,10095392,10100853,10525300,10531882,11240726,18754566,18757759,20033545,20036695,22620716,22626513
X	tttcacaggcacctggtacccgataacact	4163099,10530278
X	tttcagagaacaatattacactttacatac	817252,4164268,10100436,10531465,18757342,20036278,22626096
X	tttcccacactatatccatcaatcccagcc	817434,4164450,10100618,10531647,18757524,20036460,22626278
X	tttctgataagccagtacagataccatcct	4163208,10530388
X	tttcttatacgctgggcatcccatattaga	4162830,10530009,22625423
X	tttcttggcgttgtccttagtcaactgacg	812652,817825,4158290,4164854,10095561,10101022,10525469,10532051,11240895,18754736,18757929,20033714,20036863,22620885,22626682,812652,817825,4158290,4164854,10095561,10101022,10525469,10532051,11240895,18754736,18757929,20033714,20036863,22620885,22626682
X	tttgactgccctctttcaacgctacctaat	812470,817643,4158108,4164672,10095379,10100840,10525287,10531869,11240713,18754553,18757746,20033532,20036682,22620703,22626500,812470,817643,4158108,4164672,10095379,10100840,10525287,10531869,11240713,18754553,18757746,20033532,20036682,22620703,22626500
X	tttgagcaaagactacgaaccgattaccat	4163297,10530477
X	tttggaaatggctatgcagctttccagact	4163633,10530830
X	tttggcagcgcagccgttcttgtaaacatc	812419,817592,4158057,4164621,10095328,10100789,10525236,10531818,11240662,18754502,18757695,20033481,20036631,22620652,22626449,812419,817592,4158057,4164621,10095328,10100789,10525236,10531818,11240662,18754502,18757695,20033481,20036631,22620652,22626449
X	tttgttcgaactaatgcagtttacggaata	4163594,10530791
