X	aaacgtgggcaaacgatgttattgcgattt	2133325,3073115,3729928,8929624,11648050,19358198,21173707,22525215
X	aaagaggtgggctaacgaaattgggtgtat	2133077,19357950,22524967
X	aaagggtgggcaaacgtgggcaaacgatgt	2133314,3073104,3729917,8929613,11648039,19358187,21173696,22525204
X	aaatacacccaatttcgttagcccacctct	2132545,22523123
X	aaatcgcaataacatcgtttgcccacgttt	2132299,3070464,8927835,11645362,19357239,21173057,22522877
X	aaatgggcaaacgattccagctttcaaatt	2133481,3073271,3730084,8929780,11648206,19358354,21173854,22525371
X	aaattctaaagggtgggcaaacgtgggcaa	2133307,3073097,3729910,8929606,11648032,19358180,21173689,22525197
X	aaatttgaaagctggaatcgtttgcccatt	2132142,3070307,3726856,8927679,11645205,19357082,21172899,22522720
X	aacatcgtttgcccacgtttgcccaccctt	2132309,3070474,3727023,8927845,11645372,19357249,21173067,22522887
X	aacgtgggcaaacgatgttattgcgattta	2133326,3073116,3729929,8929625,11648051,19358199,21173708,22525216
X	aagaggtgggctaacgaaattgggtgtatt	2133078,19357951,22524968
X	aagggtgggcaaacgtgggcaaacgatgtt	2133315,3073105,3729918,8929614,11648040,19358188,21173697,22525205
X	aataacatcgtttgcccacgtttgcccacc	2132306,3070471,3727020,8927842,11645369,19357246,21173064,22522884
X	aatacacccaatttcgttagcccacctctt	2132546,22523124
X	aatcgcaataacatcgtttgcccacgtttg	2132300,3070465,3727014,8927836,11645363,19357240,21173058,22522878
X	aatgggcaaacgattccagctttcaaattt	2133482,3073272,3730085,8929781,11648207,19358355,21173855,22525372
X	aattctaaagggtgggcaaacgtgggcaaa	2133308,3073098,3729911,8929607,11648033,19358181,21173690,22525198
X	aatttgaaagctggaatcgtttgcccattt	2132143,3070308,3726857,8927680,11645206,19357083,21172900,22522721
X	acacccaatttcgttagcccacctctttaa	2132549,22523127
X	acatcgtttgcccacgtttgcccacccttt	2132310,3070475,3727024,8927846,11645373,19357250,21173068,22522888
X	acgtgggcaaacgatgttattgcgatttaa	2133327,3073117,3729930,8929626,11648052,19358200,21173709,22525217
X	agaggtgggctaacgaaattgggtgtattt	2133079,19357952,22524969
X	agggtgggcaaacgtgggcaaacgatgtta	2133316,3073106,3729919,8929615,11648041,19358189,21173698,22525206
X	ataacatcgtttgcccacgtttgcccaccc	2132307,3070472,3727021,8927843,11645370,19357247,21173065,22522885
X	atacacccaatttcgttagcccacctcttt	2132547,22523125
X	atcgcaataacatcgtttgcccacgtttgc	2132301,3070466,3727015,8927837,11645364,19357241,21173059,22522879
X	atcgtttgcccacgtttgcccaccctttag	2132312,3070477,3727026,8927848,11645375,19357252,22522890
X	atgggcaaacgattccagctttcaaatttc	2133483,3073273,3730086,8929782,11648208,19358356,21173856,22490292,22525373
X	attctaaagggtgggcaaacgtgggcaaac	2133309,3073099,3729912,8929608,11648034,19358182,21173691,22525199
X	caaacgtgggcaaacgatgttattgcgatt	2133324,3073114,3729927,8929623,11648049,19358197,21173706,22525214
X	caataacatcgtttgcccacgtttgcccac	2132305,3070470,3727019,8927841,11645368,19357245,21173063,22522883
X	cacccaatttcgttagcccacctctttaaa	2132550,22523128
X	catcgtttgcccacgtttgcccacccttta	2132311,3070476,3727025,8927847,11645374,19357251,22522889
X	cgcaataacatcgtttgcccacgtttgccc	2132303,3070468,3727017,8927839,11645366,19357243,21173061,22522881
X	cgtgggcaaacgatgttattgcgatttaaa	2133328,3073118,3729931,8929627,11648053,19358201,21173710,22525218
X	cgtttgcccacgtttgcccaccctttagaa	2132314,3070479,3727028,8927850,11645377,19357254,22522892
X	ctaaagggtgggcaaacgtgggcaaacgat	2133312,3073102,3729915,8929611,11648037,19358185,21173694,22525202
X	gaaatatacatatgtacatatgtatatttc	2164289
X	gaaatttgaaagctggaatcgtttgcccat	2132141,3070306,3726855,8927678,11645204,19357081,21172898,22522719
X	gcaaacgtgggcaaacgatgttattgcgat	2133323,3073113,3729926,8929622,11648048,19358196,21173705,22525213
X	gcaataacatcgtttgcccacgtttgccca	2132304,3070469,3727018,8927840,11645367,19357244,21173062,22522882
X	ggcaaacgattccagctttcaaatttcaaa	2133486,3073276,3730089,8929785,11648211,19358359,21173859,22490295,22525376
X	ggcaaacgtgggcaaacgatgttattgcga	2133322,3073112,3729925,8929621,11648047,19358195,21173704,22525212
X	gggcaaacgattccagctttcaaatttcaa	2133485,3073275,3730088,8929784,11648210,19358358,21173858,22490294,22525375
X	gggcaaacgtgggcaaacgatgttattgcg	2133321,3073111,3729924,8929620,11648046,19358194,21173703,22525211
X	gggtgggcaaacgtgggcaaacgatgttat	2133317,3073107,3729920,8929616,11648042,19358190,21173699,22525207
X	ggtgggcaaacgtgggcaaacgatgttatt	2133318,3073108,3729921,8929617,11648043,19358191,21173700,22525208
X	gtgggcaaacgtgggcaaacgatgttattg	2133319,3073109,3729922,8929618,11648044,19358192,21173701,22525209
X	gtttgcccacgtttgcccaccctttagaat	2132315,3070480,3727029,8927851,11645378,19357255,22522893
X	taaagaggtgggctaacgaaattgggtgta	2133076,19357949,22524966
X	taaagggtgggcaaacgtgggcaaacgatg	2133313,3073103,3729916,8929612,11648038,19358186,21173695,22525203
X	taaatcgcaataacatcgtttgcccacgtt	2132298,3070463,8927834,11645361,19357238,21173056,22522876
X	taacatcgtttgcccacgtttgcccaccct	2132308,3070473,3727022,8927844,11645371,19357248,21173066,22522886
X	tacacccaatttcgttagcccacctcttta	2132548,22523126
X	tcgcaataacatcgtttgcccacgtttgcc	2132302,3070467,3727016,8927838,11645365,19357242,21173060,22522880
X	tcgtttgcccacgtttgcccaccctttaga	2132313,3070478,3727027,8927849,11645376,19357253,22522891
X	tctaaagggtgggcaaacgtgggcaaacga	2133311,3073101,3729914,8929610,11648036,19358184,21173693,22525201
X	tgaaatttgaaagctggaatcgtttgccca	2132140,3070305,3726854,8927677,11645203,19357080,21172897,22522718
X	tgggcaaacgattccagctttcaaatttca	2133484,3073274,3730087,8929783,11648209,19358357,21173857,22490293,22525374
X	tgggcaaacgtgggcaaacgatgttattgc	2133320,3073110,3729923,8929619,11648045,19358193,21173702,22525210
X	ttaaagaggtgggctaacgaaattgggtgt	2133075,19357948,22524965
X	ttaaatcgcaataacatcgtttgcccacgt	2132297,3070462,8927833,11645360,19357237,21173055,22522875
X	ttctaaagggtgggcaaacgtgggcaaacg	2133310,3073100,3729913,8929609,11648035,19358183,21173692,22525200
X	ttgaaatttgaaagctggaatcgtttgccc	2132139,3070304,3726853,8927676,11645202,19357079,21172896,22522717
X	ttgcccacgtttgcccaccctttagaattt	2132317,3070482,3727031,8927853,11645380,19357257,22522895
X	tttaaagaggtgggctaacgaaattgggtg	2133074,19357947,22524964
X	tttaaatcgcaataacatcgtttgcccacg	2132296,3070461,8927832,11645359,19357236,21173054,22522874
X	tttgaaatttgaaagctggaatcgtttgcc	2132138,3070303,3726852,8927675,11645201,19357078,21172895,22522716
X	tttgcccacgtttgcccaccctttagaatt	2132316,3070481,3727030,8927852,11645379,19357256,22522894
