X	aaatgaagacgcacagatacgaaacatact	6953107,6953107,6953107
X	aatgaagacgcacagatacgaaacatactg	6953108,6953108,6953108
X	aatgccactggataggaaattaagctacga	6953292,6953650,6954009,6954367,6954726,6955085,6955443,6955801,6956159,6956520,6956878,6957231,7441921,6953292,6953650,6954009,6954367,6954726,6955085,6955443,6955801,6956159,6956520,6956878,6957231,7441921,6953292,6953650,6954009,6954367,6954726,6955085,6955443,6955801,6956159,6956520,6956878,6957231,7441921
X	actggataggaaattaagctacgaattcaa	6953298,6953656,6954015,6954373,6954732,6955449,6955807,6956165,6956526,6956884,6953298,6953656,6954015,6954373,6954732,6955449,6955807,6956165,6956526,6956884,6953298,6953656,6954015,6954373,6954732,6955449,6955807,6956165,6956526,6956884
X	agctgggaatgccactggataggaaattaa	6953285,6953643,6954002,6954360,6954719,6955078,6955436,6955794,6956152,6956513,6956871,6957224,7441914,6953285,6953643,6954002,6954360,6954719,6955078,6955436,6955794,6956152,6956513,6956871,6957224,7441914,6953285,6953643,6954002,6954360,6954719,6955078,6955436,6955794,6956152,6956513,6956871,6957224,7441914
X	atgaagacgcacagatacgaaacatactgt	6953109,6953109,6953109,6953109
X	atgccactggataggaaattaagctacgaa	6953293,6953651,6954010,6954368,6954727,6955086,6955444,6955802,6956160,6956521,6956879,6957232,6953293,6953651,6954010,6954368,6954727,6955086,6955444,6955802,6956160,6956521,6956879,6957232,6953293,6953651,6954010,6954368,6954727,6955086,6955444,6955802,6956160,6956521,6956879,6957232
X	cactggataggaaattaagctacgaattca	6953297,6953655,6954014,6954372,6954731,6955448,6955806,6956164,6956525,6956883,6953297,6953655,6954014,6954372,6954731,6955448,6955806,6956164,6956525,6956883,6953297,6953655,6954014,6954372,6954731,6955448,6955806,6956164,6956525,6956883
X	ccactggataggaaattaagctacgaattc	6953296,6953654,6954013,6954371,6954730,6955447,6955805,6956163,6956524,6956882,6953296,6953654,6954013,6954371,6954730,6955447,6955805,6956163,6956524,6956882,6953296,6953654,6954013,6954371,6954730,6955447,6955805,6956163,6956524,6956882
X	ctggataggaaattaagctacgaattcaac	6953299,6953657,6954016,6954374,6954733,6955450,6955808,6956166,6956527,6956885,6953299,6953657,6954016,6954374,6954733,6955450,6955808,6956166,6956527,6956885,6953299,6953657,6954016,6954374,6954733,6955450,6955808,6956166,6956527,6956885
X	ctgggaatgccactggataggaaattaagc	6953287,6953645,6954004,6954362,6954721,6955080,6955438,6955796,6956154,6956515,6956873,6957226,7441916,6953287,6953645,6954004,6954362,6954721,6955080,6955438,6955796,6956154,6956515,6956873,6957226,7441916,6953287,6953645,6954004,6954362,6954721,6955080,6955438,6955796,6956154,6956515,6956873,6957226,7441916
X	gaagacgcacagatacgaaacatactgttt	6953111,6953111,6953111,6953111
X	gaatgccactggataggaaattaagctacg	6953291,6953649,6954008,6954366,6954725,6955084,6955442,6955800,6956158,6956519,6956877,6957230,7441920,6953291,6953649,6954008,6954366,6954725,6955084,6955442,6955800,6956158,6956519,6956877,6957230,7441920,6953291,6953649,6954008,6954366,6954725,6955084,6955442,6955800,6956158,6956519,6956877,6957230,7441920
X	gccactggataggaaattaagctacgaatt	6953295,6953653,6954012,6954370,6954729,6955446,6955804,6956162,6956523,6956881,6953295,6953653,6954012,6954370,6954729,6955446,6955804,6956162,6956523,6956881,6953295,6953653,6954012,6954370,6954729,6955446,6955804,6956162,6956523,6956881
X	gctgggaatgccactggataggaaattaag	6953286,6953644,6954003,6954361,6954720,6955079,6955437,6955795,6956153,6956514,6956872,6957225,7441915,6953286,6953644,6954003,6954361,6954720,6955079,6955437,6955795,6956153,6956514,6956872,6957225,7441915,6953286,6953644,6954003,6954361,6954720,6955079,6955437,6955795,6956153,6956514,6956872,6957225,7441915
X	ggaatgccactggataggaaattaagctac	6953290,6953648,6954007,6954365,6954724,6955083,6955441,6955799,6956157,6956518,6956876,6957229,7441919,6953290,6953648,6954007,6954365,6954724,6955083,6955441,6955799,6956157,6956518,6956876,6957229,7441919,6953290,6953648,6954007,6954365,6954724,6955083,6955441,6955799,6956157,6956518,6956876,6957229,7441919
X	gggaatgccactggataggaaattaagcta	6953289,6953647,6954006,6954364,6954723,6955082,6955440,6955798,6956156,6956517,6956875,6957228,7441918,6953289,6953647,6954006,6954364,6954723,6955082,6955440,6955798,6956156,6956517,6956875,6957228,7441918,6953289,6953647,6954006,6954364,6954723,6955082,6955440,6955798,6956156,6956517,6956875,6957228,7441918
X	tagctgggaatgccactggataggaaatta	6953284,6953642,6954001,6954359,6954718,6955077,6955435,6955793,6956151,6956512,6956870,6957223,7441913,6953284,6953642,6954001,6954359,6954718,6955077,6955435,6955793,6956151,6956512,6956870,6957223,7441913,6953284,6953642,6954001,6954359,6954718,6955077,6955435,6955793,6956151,6956512,6956870,6957223,7441913,6953284,6953642,6954001,6954359,6954718,6955077,6955435,6955793,6956151,6956512,6956870,6957223,7441913
X	tgaagacgcacagatacgaaacatactgtt	6953110,6953110,6953110,6953110
X	tgccactggataggaaattaagctacgaat	6953294,6953652,6954011,6954369,6954728,6955087,6955445,6955803,6956161,6956522,6956880,6957233,6953294,6953652,6954011,6954369,6954728,6955087,6955445,6955803,6956161,6956522,6956880,6957233,6953294,6953652,6954011,6954369,6954728,6955087,6955445,6955803,6956161,6956522,6956880,6957233
X	tggataggaaattaagctacgaattcaaca	6953300,6953658,6954017,6954375,6954734,6955451,6955809,6956167,6956528,6956886,6953300,6953658,6954017,6954375,6954734,6955451,6955809,6956167,6956528,6956886,6953300,6953658,6954017,6954375,6954734,6955451,6955809,6956167,6956528,6956886
X	tgggaatgccactggataggaaattaagct	6953288,6953646,6954005,6954363,6954722,6955081,6955439,6955797,6956155,6956516,6956874,6957227,7441917,6953288,6953646,6954005,6954363,6954722,6955081,6955439,6955797,6956155,6956516,6956874,6957227,7441917,6953288,6953646,6954005,6954363,6954722,6955081,6955439,6955797,6956155,6956516,6956874,6957227,7441917
X	ttagctgggaatgccactggataggaaatt	6953283,6953641,6954000,6954358,6954717,6955076,6955434,6955792,6956150,6956511,6956869,6957222,7441912,6953283,6953641,6954000,6954358,6954717,6955076,6955434,6955792,6956150,6956511,6956869,6957222,7441912,6953283,6953641,6954000,6954358,6954717,6955076,6955434,6955792,6956150,6956511,6956869,6957222,7441912,6953283,6953641,6954000,6954358,6954717,6955076,6955434,6955792,6956150,6956511,6956869,6957222,7441912
X	tttagctgggaatgccactggataggaaat	6953282,6953640,6953999,6954357,6954716,6955075,6955433,6955791,6956149,6956510,6956868,6957221,7441911,6953282,6953640,6953999,6954357,6954716,6955075,6955433,6955791,6956149,6956510,6956868,6957221,7441911,6953282,6953640,6953999,6954357,6954716,6955075,6955433,6955791,6956149,6956510,6956868,6957221,7441911,6953282,6953640,6953999,6954357,6954716,6955075,6955433,6955791,6956149,6956510,6956868,6957221,7441911
