X	aaacacataaagtaattgcaattaaagacg	20941164
X	aaacacccatgtgtttaacggtatacccac	20941927
X	aaaccaaacctctcactaatcatgtgagga	18194217
X	aaacctagaattcccaaatttgaatgcaaa	8296741,16269783
X	aaacctctcactaatcatgtgaggacttac	18194222
X	aaacggccgacaatcttggacaacccattg	20941397,22385597,22408096
X	aaagtaattgcaattaaagacggcatttgt	20941172
X	aaagtgatagggatggttagtattggtaat	8022164,13242098,13242458,8022164,13242098,13242458
X	aaatatggaatgtcatacctcgttgaattc	8256339
X	aaatatggaatgtcatacctcgttgagttt	8577521,8751210,8751930,8827914,10439145,11040569,12093216,12189234,12371095,12371455,12371815,13113487,13113847,13195299,13474452,14697515,8577521,8751210,8751930,8827914,10439145,11040569,12093216,12189234,12371095,12371455,12371815,13113487,13113847,13195299,13474452,14697515,8577521,8751210,8751930,8827914,10439145,11040569,12093216,12189234,12371095,12371455,12371815,13113487,13113847,13195299,13474452,14697515
X	aaatcgattgggatttaagaaacaaactca	8369688,8369688
X	aaatctagaattcccaaatttgaatgcaaa	8318089,14605509,14605871,14606233
X	aaatttgaatgcaaatcgattgggatttaa	9072627,9072627
X	aaatttgagcactttctggcattgcctgca	20941544
X	aaatttgtatgggtggaagcgtgacgggta	20941044
X	aaattttgatgatgttaccccttacaaaaa	1812491,5490220,5490946,5502797,5712270,5979624,6207180,6351225,6351587,8531032,8577615,8750584,8750944,8751304,8751664,8752024,8752384,8827648,8909061,9005814,9137759,9138121,9138482,9138843,9203995,9204354,9296852,9313758,9534694,9556948,9597539,9597898,9711051,9772399,9880809,9881166,9920127,9941761,9971586,9984039,10048829,10049190,10103247,10120513,10120872,10261909,10262268,10262627,10439239,11230716,11231078,12093310,12093658,12187888,12189328,12493997,12833095,13056717,13057077,13113221,13113581,13113941,13195034,13423524,14914995,15597862,17348115,1812491,5490220,5490946,5502797,5712270,5979624,6207180,6351225,6351587,8531032,8577615,8750584,8750944,8751304,8751664,8752024,8752384,8827648,8909061,9005814,9137759,9138121,9138482,9138843,9203995,9204354,9296852,9313758,9534694,9556948,9597539,9597898,9711051,9772399,9880809,9881166,9920127,9941761,9971586,9984039,10048829,10049190,10103247,10120513,10120872,10261909,10262268,10262627,10439239,11230716,11231078,12093310,12093658,12187888,12189328,12493997,12833095,13056717,13057077,13113221,13113581,13113941,13195034,13423524,14914995,15597862,17348115
X	aacaatcattatgtatggcgccatttgact	20941844
X	aacacataaagtaattgcaattaaagacgg	20941165
X	aacacccatgtgtttaacggtatacccaca	20941928
X	aacagccatccgtccagaacagtttcatct	20941575,22385774,22408273
X	aacagccgagacactggaccaaagacacaa	20941808
X	aacagtaacataacagcgcaattaacatat	18194179
X	aacatttatggcgggataaattggaggtgt	20941504,22385701,22408200
X	aaccaaacctctcactaatcatgtgaggac	18194218
X	aacctagaattcccaaatttgaatgcaaat	8296742,16269784
X	aacctctcactaatcatgtgaggacttaca	18194223
X	aacggccgacaatcttggacaacccattgg	20941398,22385598,22408097
X	aactgcagcccgccactcgcactctacgtc	20940782
X	aagagccgtatgggtgagtggacgcacagt	20940947
X	aagcgatgaatcaatacaatgcaataacag	18194154
X	aagcgtgacgggtataagaaatgaagggta	20941060
X	aagtaattgcaattaaagacggcatttgtt	20941173
X	aagtacccgcgatgtgcgtggcgagtagca	20942089
X	aagtgatagggatggttagtattggtaatt	8022165,8022165
X	aataacagtaacataacagcgcaattaaca	18194176
X	aatacaatgcaataacagtaacataacagc	18194166
X	aatactgaatcctaacaagctagtaattgc	20941751
X	aatatggaatgtcatacctcgttgaattcg	8256340
X	aatatggaatgtcatacctcgttgagtttg	8577522,8751211,8751931,8827915,10439146,11040570,12093217,12189235,12371096,12371456,12371816,13113488,13113848,13195300,13474453,14697516,8577522,8751211,8751931,8827915,10439146,11040570,12093217,12189235,12371096,12371456,12371816,13113488,13113848,13195300,13474453,14697516,8577522,8751211,8751931,8827915,10439146,11040570,12093217,12189235,12371096,12371456,12371816,13113488,13113848,13195300,13474453,14697516
X	aatcaatacaatgcaataacagtaacataa	18194162
X	aatcagagaactgcagcccgccactcgcac	20940774
X	aatcatgtgaggacttacaactttgtctca	18194234
X	aatcattatgtatggcgccatttgactcga	20941847
X	aatcctaacaagctagtaattgcatcgtaa	20941758
X	aatcgattgggatttaagaaacaaactcaa	8369689,8369689
X	aatcgatttgcattcaaatttgggaattct	8256705,8257066,8256705,8257066
X	aatctagaattcccaaatttgaatgcaaat	8318090,14605510,14605872,14606234
X	aatctccttagaggcctagcagggagtaag	18194320
X	aatgcaataacagtaacataacagcgcaat	18194171
X	aatgctatagtcgagtttcccgactatcag	10445603
X	aatggcccaaatatggaatgtcatacctcg	11040561,13474444,14915613,14915958
X	aatgggtgcctcccatttcaaacacataaa	20941145
X	aatggtccaaatatggaatgtcatacctcg	6418194,6418194
X	aatgtcatacctcgttgagtttgtttctta	8256669,8256669,8256669
X	aattaacagccgagacactggaccaaagac	20941804
X	aattcaacgaggtatgacattccatatttg	8267337
X	aattcccaaatttgaatgcaaatcgattgg	8296749,8318097,9072620,13360967,13361327,8296749,8318097,9072620,13360967,13361327
X	aatttgagcactttctggcattgcctgcag	20941545
X	aatttgtatgggtggaagcgtgacgggtat	20941045
X	aattttgatgatgttaccccttacaaaaaa	1812492,5490221,5490947,5502798,5712271,5979625,6207181,6351226,6351588,8531033,8577616,8750585,8750945,8751305,8751665,8752025,8752385,8827649,8909062,9005815,9137760,9138122,9138483,9138844,9203996,9204355,9296853,9313759,9534695,9556949,9597540,9597899,9711052,9772400,9880810,9881167,9920128,9941762,9971587,10048830,10049191,10103248,10120514,10120873,10261910,10262269,10439240,11230717,11231079,12093311,12093659,12187889,12188969,12189329,12493998,12833096,13056718,13057078,13113222,13113582,13113942,13195035,13423525,14914996,15597863,17348116,1812492,5490221,5490947,5502798,5712271,5979625,6207181,6351226,6351588,8531033,8577616,8750585,8750945,8751305,8751665,8752025,8752385,8827649,8909062,9005815,9137760,9138122,9138483,9138844,9203996,9204355,9296853,9313759,9534695,9556949,9597540,9597899,9711052,9772400,9880810,9881167,9920128,9941762,9971587,10048830,10049191,10103248,10120514,10120873,10261910,10262269,10439240,11230717,11231079,12093311,12093659,12187889,12188969,12189329,12493998,12833096,13056718,13057078,13113222,13113582,13113942,13195035,13423525,14914996,15597863,17348116
X	acaatcattatgtatggcgccatttgactc	20941845
X	acaatcttggacaacccattgggtgcattt	20941406,22385606,22408105
X	acaatgcaataacagtaacataacagcgca	18194169
X	acacataaagtaattgcaattaaagacggc	20941166
X	acacccatgtgtttaacggtatacccacaa	20941929
X	acactggaccaaagacacaagaactcaaca	20941818
X	acagccatccgtccagaacagtttcatctt	20941576,22385775,22408274
X	acagccgagacactggaccaaagacacaag	20941809
X	acagtaacataacagcgcaattaacatata	18194180
X	acataaagtaattgcaattaaagacggcat	20941168
X	acatatgtacatatgtacatacatacatat	3846652
X	acatttatggcgggataaattggaggtgtt	20941505,22385702,22408201
X	accaaacctctcactaatcatgtgaggact	18194219
X	acccatgtgtttaacggtatacccacaagt	20941931
X	acccgataaacactcggtactctaggcacc	20940813
X	acccgcgatgtgcgtggcgagtagcacccg	20942093
X	acctagaattcccaaatttgaatgcaaatc	8296743,16269785
X	acctcgttgagtttgtttcttaaatcccaa	8256677,8256677
X	acctctcactaatcatgtgaggacttacaa	18194224
X	acgaattcaacgaggtatgacattccatat	8267334
X	acgcacagtcaacgatcggccgcaggtcat	20940968
X	acggccgacaatcttggacaacccattggg	20941399,22385599,22408098
X	acgtccacccgataaacactcggtactcta	20940807
X	actaatcatgtgaggacttacaactttgtc	18194231
X	actcaatgggtgcctcccatttcaaacaca	20941141
X	actcgactacctacgagaccactcgagtat	20941871
X	actcgcactctacgtccacccgataaacac	20940796
X	actctacgtccacccgataaacactcggta	20940802
X	actgaatcctaacaagctagtaattgcatc	20941754
X	actgcagcccgccactcgcactctacgtcc	20940783
X	actttctggcattgcctgcagaacagccat	20941554
X	agaacagccatccgtccagaacagtttcat	20941573,22385772,22408271
X	agaactgcagcccgccactcgcactctacg	20940780
X	agaagcgatgaatcaatacaatgcaataac	18194152
X	agaattcccaaatttgaatgcaaatcgatt	8296747,8318095,13360965,13361325,14605515,14605877,14606239,16269789,8296747,8318095,13360965,13361325,14605515,14605877,14606239,16269789
X	agacactggaccaaagacacaagaactcaa	20941816
X	agagaactgcagcccgccactcgcactcta	20940778
X	agagccgtatgggtgagtggacgcacagtc	20940948
X	agaggcctagcagggagtaagcgtctagca	18194329
X	agatctgctcttccactgtatgaagattca	18194411
X	agcactttctggcattgcctgcagaacagc	20941551
X	agcagggagtaagcgtctagcaagtatact	18194337
X	agccatccgtccagaacagtttcatcttcc	20941578,22385777,22408276
X	agcccgccactcgcactctacgtccacccg	20940788
X	agccgagacactggaccaaagacacaagaa	20941811
X	agccgtatgggtgagtggacgcacagtcaa	20940950
X	agcgatgaatcaatacaatgcaataacagt	18194155
X	agcgtgacgggtataagaaatgaagggtaa	20941061
X	aggacttacaactttgtctcatatttcgag	18194243
X	aggcctagcagggagtaagcgtctagcaag	18194331
X	agggagtaagcgtctagcaagtatactgtg	18194340
X	agggatggttagtattggtaattaggagca	8022172,8256514,8022172,8256514
X	agtaacataacagcgcaattaacatataaa	18194182
X	agtacccgcgatgtgcgtggcgagtagcac	20942090
X	agtgatagggatggttagtattggtaatta	8022166,8022166
X	agtggacgcacagtcaacgatcggccgcag	20940963
X	agtttgtttcttaaatcccaatcgatttgc	8256686,8257047
X	ataaagtaattgcaattaaagacggcattt	20941170
X	ataacagtaacataacagcgcaattaacat	18194177
X	ataatggcccaaatatggaatgtcatacct	11040559,13474442,14915611,14915956
X	ataatggtccaaatatggaatgtcatacct	6418192,6418192
X	atacaatgcaataacagtaacataacagcg	18194167
X	atacctcgttgagtttgtttcttaaatccc	8256675,8256675
X	atactgaatcctaacaagctagtaattgca	20941752
X	atagggatggttagtattggtaattaggag	8022170,8022170
X	atagggttcgttagcattggtaattagctg	9919846,10262347,10302856
X	atatggaatgtcatacctcgttgaattcgt	8256341
X	atatggaatgtcatacctcgttgagtttgt	8577523,8751212,8751932,8827916,10439147,11040571,12093218,12189236,12371097,12371457,12371817,13113489,13113849,13195301,13474454,14697517,8577523,8751212,8751932,8827916,10439147,11040571,12093218,12189236,12371097,12371457,12371817,13113489,13113849,13195301,13474454,14697517,8577523,8751212,8751932,8827916,10439147,11040571,12093218,12189236,12371097,12371457,12371817,13113489,13113849,13195301,13474454,14697517
X	atatttatttatttagaagcgatgaatcaa	18194138
X	atcaatacaatgcaataacagtaacataac	18194163
X	atcagagaactgcagcccgccactcgcact	20940775
X	atcatgtgaggacttacaactttgtctcat	18194235
X	atcattatgtatggcgccatttgactcgac	20941848
X	atccgtccagaacagtttcatcttccttta	20941582,22385781,22408280
X	atcctaacaagctagtaattgcatcgtaaa	20941759
X	atcgattgggatttaagaaacaaactcaac	8369329,8369690,8369329,8369690
X	atcgatttgcattcaaatttgggaattcta	8256706,8257067,8256706,8257067
X	atctagaattcccaaatttgaatgcaaatc	8318091,14605511,14605873,14606235
X	atctccttagaggcctagcagggagtaagc	18194321
X	atctgctcttccactgtatgaagattcaga	18194413
X	atgaatcaatacaatgcaataacagtaaca	18194159
X	atgatgttaccccttacaaaaaatgcgaaa	2769025,2769384,5490228,5490954,5502805,5712278,6207188,6351233,8577623,8750592,8750952,8751312,8751672,8752032,8752392,8827656,8909069,8909428,9005461,9005822,9137767,9138129,9138490,9138851,9204003,9204362,9296860,9313766,9534702,9556956,9597547,9597906,9711059,9772407,9920135,10048837,10120880,10261917,10262276,10302424,10439247,11040671,11041031,11230724,11231086,12093318,12187896,12188976,12189336,12371197,12371557,12371917,12524834,12833103,13057085,13113949,13195042,13474554,2769025,2769384,5490228,5490954,5502805,5712278,6207188,6351233,8577623,8750592,8750952,8751312,8751672,8752032,8752392,8827656,8909069,8909428,9005461,9005822,9137767,9138129,9138490,9138851,9204003,9204362,9296860,9313766,9534702,9556956,9597547,9597906,9711059,9772407,9920135,10048837,10120880,10261917,10262276,10302424,10439247,11040671,11041031,11230724,11231086,12093318,12187896,12188976,12189336,12371197,12371557,12371917,12524834,12833103,13057085,13113949,13195042,13474554
X	atgcaaatcgattgggatttaagaaacaaa	8369684,8369684
X	atgcaataacagtaacataacagcgcaatt	18194172
X	atgctatagtcgagtttcccgactatcaga	10445604
X	atggaatgtcatacctcgttgaattcgtaa	8256343
X	atggaatgtcatacctcgttgagtttgttt	8577525,8751214,8751934,8827918,10439149,11040573,12093220,12189238,12371099,12371459,12371819,13113491,13113851,13474456,13474816,14697519,8577525,8751214,8751934,8827918,10439149,11040573,12093220,12189238,12371099,12371459,12371819,13113491,13113851,13474456,13474816,14697519,8577525,8751214,8751934,8827918,10439149,11040573,12093220,12189238,12371099,12371459,12371819,13113491,13113851,13474456,13474816,14697519
X	atggactcaatgggtgcctcccatttcaaa	20941137
X	atggcccaaatatggaatgtcatacctcgt	11040562,13474445
X	atggcgccatttgactcgactacctacgag	20941858
X	atgggtgagtggacgcacagtcaacgatcg	20940956
X	atgggtgcctcccatttcaaacacataaag	20941146
X	atgggtggaagcgtgacgggtataagaaat	20941052
X	atggtccaaatatggaatgtcatacctcgt	6418195,6418195
X	atggttagtattggtaattaggagcacaaa	8022176,8256518,8530757,8022176,8256518,8530757
X	atgtatggcgccatttgactcgactaccta	20941854
X	atgtatgtatgtatgtatgtatgtatgtat	3469755,7861041,12754858,14619925,14619929,15545132,18443190,18443194,18443198,20294385,20294389,20304292,20304296,3469755,7861041,12754858,14619925,14619929,15545132,18443190,18443194,18443198,20294385,20294389,20304292,20304296
X	atgtcatacctcgttgagtttgtttcttaa	8256670,8256670,8256670
X	atgtctttgctctttgatggactcaatggg	20941121
X	atgtgaggacttacaactttgtctcatatt	18194238
X	atgtgtttaacggtatacccacaagtgttt	20941935
X	atgttaccccttacaaaaaatgcgaaaatt	2769028,2769387,3247032,6207191,8577626,8750595,8750955,8751315,8751675,8752035,8752395,8827659,8909072,9005464,9005825,9137770,9138132,9138493,9138854,9204006,9204365,9296504,9313769,9422806,9534705,9556959,9597550,9597909,9711062,9772410,9919419,9920138,10048840,10120883,10156566,10261920,10262279,10302427,10439250,11040674,11041034,11230727,11231089,12093321,12187899,12188979,12189339,12371200,12371560,12371920,12524837,12833106,13057088,13113952,13195045,13474557,2769028,2769387,3247032,6207191,8577626,8750595,8750955,8751315,8751675,8752035,8752395,8827659,8909072,9005464,9005825,9137770,9138132,9138493,9138854,9204006,9204365,9296504,9313769,9422806,9534705,9556959,9597550,9597909,9711062,9772410,9919419,9920138,10048840,10120883,10156566,10261920,10262279,10302427,10439250,11040674,11041034,11230727,11231089,12093321,12187899,12188979,12189339,12371200,12371560,12371920,12524837,12833106,13057088,13113952,13195045,13474557
X	atgtttattggcaactgagtatgttccatt	20941652
X	attaacagccgagacactggaccaaagaca	20941805
X	attatgtatggcgccatttgactcgactac	20941851
X	attcccaaatttgaatgcaaatcgattggg	8296750,8318098,9072621,13360968,13361328,8296750,8318098,9072621,13360968,13361328
X	attcccaatcgatttgcattcaaatttggg	11040967,11040967
X	attgcctgcagaacagccatccgtccagaa	20941564
X	attggcaactgagtatgttccattgttaat	20941658
X	attgggatttaagaaacaaactcaacgagg	8369333,8369694
X	atttaagaaacaaactcaacgaggtatgac	8369339,8369700
X	atttagaagcgatgaatcaatacaatgcaa	18194148
X	atttatttagaagcgatgaatcaatacaat	18194144
X	atttatttatttagaagcgatgaatcaata	18194140
X	atttatttatttatttatttatttattgtt	7804772
X	atttcaaacacataaagtaattgcaattaa	20941159
X	atttgactcgactacctacgagaccactcg	20941866
X	atttgagcactttctggcattgcctgcaga	20941546
X	atttgcattcaaatttgggaattctagatt	8257071
X	atttgcattcaaatttgggaattctaggtt	8256710,14915310
X	atttgtatgggtggaagcgtgacgggtata	20941046
X	attttgatgatgttaccccttacaaaaaat	5490222,5490948,5502799,5712272,5979626,6207182,6351227,8531034,8577617,8750586,8750946,8751306,8751666,8752026,8752386,8827650,8909063,9005816,9137761,9138123,9138484,9138845,9203997,9204356,9296854,9313760,9534696,9556950,9597541,9597900,9711053,9772401,9880811,9881168,9920129,9941763,9971588,10048831,10103249,10120515,10120874,10261911,10262270,10439241,11230718,11231080,12093312,12093660,12187890,12188970,12189330,12493999,12833097,13056719,13057079,13113223,13113583,13113943,13195036,14914997,15597864,5490222,5490948,5502799,5712272,5979626,6207182,6351227,8531034,8577617,8750586,8750946,8751306,8751666,8752026,8752386,8827650,8909063,9005816,9137761,9138123,9138484,9138845,9203997,9204356,9296854,9313760,9534696,9556950,9597541,9597900,9711053,9772401,9880811,9881168,9920129,9941763,9971588,10048831,10103249,10120515,10120874,10261911,10262270,10439241,11230718,11231080,12093312,12093660,12187890,12188970,12189330,12493999,12833097,13056719,13057079,13113223,13113583,13113943,13195036,14914997,15597864
X	attttttgcaaattttgatgatgttacccc	5490211,5490937,5502788,5503148,5712622,6206812,6207171,6418287,6419611,6477697,6479021,8577606,8578297,8750575,8750935,8752015,8752375,8827639,9005805,9036961,9137750,9138112,9138473,9138834,9203986,9204345,9296843,9297203,9534685,9556939,9597530,9597889,9711042,9772390,9881157,9920118,9941752,9971577,9984030,10048820,10049181,10103238,10120504,10120863,10156187,10261900,10262259,10262618,11023291,11362723,11532322,11780487,11781552,12093301,12189319,13056708,13057068,13242016,13423515,13530358,13900804,13901154,15597853,17348106,5490211,5490937,5502788,5503148,5712622,6206812,6207171,6418287,6419611,6477697,6479021,8577606,8578297,8750575,8750935,8752015,8752375,8827639,9005805,9036961,9137750,9138112,9138473,9138834,9203986,9204345,9296843,9297203,9534685,9556939,9597530,9597889,9711042,9772390,9881157,9920118,9941752,9971577,9984030,10048820,10049181,10103238,10120504,10120863,10156187,10261900,10262259,10262618,11023291,11362723,11532322,11780487,11781552,12093301,12189319,13056708,13057068,13242016,13423515,13530358,13900804,13901154,15597853,17348106
X	caaacacataaagtaattgcaattaaagac	20941163
X	caaacctctcactaatcatgtgaggactta	18194221
X	caaatatggaatgtcatacctcgttgaatt	8256338
X	caaatatggaatgtcatacctcgttgagtt	8751209,8751929,8827913,10439144,11040568,12093215,12189233,12371094,12371454,12371814,13113486,13195298,13474451,14697514,8751209,8751929,8827913,10439144,11040568,12093215,12189233,12371094,12371454,12371814,13113486,13195298,13474451,14697514,8751209,8751929,8827913,10439144,11040568,12093215,12189233,12371094,12371454,12371814,13113486,13195298,13474451,14697514
X	caaatcgattgggatttaagaaacaaactc	8369687,8369687
X	caaatttgaatgcaaatcgattgggattta	9072626,9072626
X	caaattttgatgatgttaccccttacaaaa	1812490,5490219,5490945,5502796,5979623,6206820,6207179,6351224,6351586,8531031,8577614,8750583,8750943,8752023,8752383,8827647,8909060,9005813,9137758,9138120,9138481,9138842,9203994,9204353,9296851,9313757,9534693,9556947,9597538,9597897,9711050,9772398,9880808,9881165,9920126,9941760,9971585,9984038,10048828,10049189,10103246,10120512,10120871,10261908,10262267,10262626,10439238,11230715,11231077,12093309,12093657,12187887,12189327,12493996,13056716,13057076,13113220,13113580,13113940,13195033,13423523,14914994,15597861,17348114,1812490,5490219,5490945,5502796,5979623,6206820,6207179,6351224,6351586,8531031,8577614,8750583,8750943,8752023,8752383,8827647,8909060,9005813,9137758,9138120,9138481,9138842,9203994,9204353,9296851,9313757,9534693,9556947,9597538,9597897,9711050,9772398,9880808,9881165,9920126,9941760,9971585,9984038,10048828,10049189,10103246,10120512,10120871,10261908,10262267,10262626,10439238,11230715,11231077,12093309,12093657,12187887,12189327,12493996,13056716,13057076,13113220,13113580,13113940,13195033,13423523,14914994,15597861,17348114
X	caacatttatggcgggataaattggaggtg	20941503,22385700,22408199
X	caagagccgtatgggtgagtggacgcacag	20940946
X	caataacagtaacataacagcgcaattaac	18194175
X	caatacaatgcaataacagtaacataacag	18194165
X	caatcattatgtatggcgccatttgactcg	20941846
X	caatcgatttgcattcaaatttgggaattc	8256704,8257065,8256704,8257065
X	caatgcaataacagtaacataacagcgcaa	18194170
X	caatgggtgcctcccatttcaaacacataa	20941144
X	caattaacagccgagacactggaccaaaga	20941803
X	cacataaagtaattgcaattaaagacggca	20941167
X	cacccatgtgtttaacggtatacccacaag	20941930
X	cacccgataaacactcggtactctaggcac	20940812
X	cactaatcatgtgaggacttacaactttgt	18194230
X	cactcgcactctacgtccacccgataaaca	20940795
X	cactctacgtccacccgataaacactcggt	20940801
X	cactttctggcattgcctgcagaacagcca	20941553
X	cagaacagccatccgtccagaacagtttca	20941572,22385771,22408270
X	cagagaactgcagcccgccactcgcactct	20940777
X	cagccatccgtccagaacagtttcatcttc	20941577,22385776,22408275
X	cagcccgccactcgcactctacgtccaccc	20940787
X	cagccgagacactggaccaaagacacaaga	20941810
X	cagggagtaagcgtctagcaagtatactgt	18194339
X	cagtaacataacagcgcaattaacatataa	18194181
X	cataaagtaattgcaattaaagacggcatt	20941169
X	catacctcgttgagtttgtttcttaaatcc	8256674,8256674
X	catccgtccagaacagtttcatcttccttt	20941581,22385780,22408279
X	catgtctttgctctttgatggactcaatgg	20941120
X	catgtgaggacttacaactttgtctcatat	18194237
X	catgtgtttaacggtatacccacaagtgtt	20941934
X	cattatgtatggcgccatttgactcgacta	20941850
X	cattgcctgcagaacagccatccgtccaga	20941563
X	catttatggcgggataaattggaggtgttt	20941506
X	catttcaaacacataaagtaattgcaatta	20941158
X	catttgactcgactacctacgagaccactc	20941865
X	ccaaacctctcactaatcatgtgaggactt	18194220
X	ccaaatatggaatgtcatacctcgttgagt	8751208,8751928,8827912,10439143,11040567,12093214,12189232,12371093,12371453,12371813,13113485,13195297,13474450,14697513,8751208,8751928,8827912,10439143,11040567,12093214,12189232,12371093,12371453,12371813,13113485,13195297,13474450,14697513,8751208,8751928,8827912,10439143,11040567,12093214,12189232,12371093,12371453,12371813,13113485,13195297,13474450,14697513
X	ccaaatttgaatgcaaatcgattgggattt	9072625,9072625
X	ccaatcgatttgcattcaaatttgggaatt	8256703,8257064,8256703,8257064
X	ccacccgataaacactcggtactctaggca	20940811
X	ccactcgcactctacgtccacccgataaac	20940794
X	ccatccgtccagaacagtttcatcttcctt	20941580,22385779,22408278
X	ccatgtgtttaacggtatacccacaagtgt	20941933
X	ccatttcaaacacataaagtaattgcaatt	20941157
X	ccatttgactcgactacctacgagaccact	20941864
X	cccaaatatggaatgtcatacctcgttgag	8751207,8751927,8827911,10439142,11040566,12093213,12189231,13474449,14697512
X	cccaaatttgaatgcaaatcgattgggatt	9072624,13360971,13361331,9072624,13360971,13361331
X	cccaatcgatttgcattcaaatttgggaat	8256702,8257063,8256702,8257063
X	cccatgtgtttaacggtatacccacaagtg	20941932
X	cccatttcaaacacataaagtaattgcaat	20941156
X	cccgataaacactcggtactctaggcaccc	20940814
X	cccgccactcgcactctacgtccacccgat	20940790
X	cccgcgatgtgcgtggcgagtagcacccgc	20942094
X	ccgacaatcttggacaacccattgggtgca	20941403,22385603,22408102
X	ccgagacactggaccaaagacacaagaact	20941813
X	ccgccactcgcactctacgtccacccgata	20940791
X	ccgcgatgtgcgtggcgagtagcacccgca	20942095
X	ccgtatgggtgagtggacgcacagtcaacg	20940952
X	ccgtccagaacagtttcatcttcctttaaa	20941584,22385783,22408282
X	cctagaattcccaaatttgaatgcaaatcg	8296744,13360962,13361322,16269786
X	cctagcagggagtaagcgtctagcaagtat	18194334
X	cctcccatttcaaacacataaagtaattgc	20941153
X	cctcgttgagtttgtttcttaaatcccaat	8256678,8256678
X	cctctcactaatcatgtgaggacttacaac	18194225
X	cctgcagaacagccatccgtccagaacagt	20941568
X	cctggagatctgctcttccactgtatgaag	18194406
X	ccttagaggcctagcagggagtaagcgtct	18194325
X	cctttatgtttattggcaactgagtatgtt	20941647
X	cgaattcaacgaggtatgacattccatatt	8267335
X	cgacaatcttggacaacccattgggtgcat	20941404,22385604,22408103
X	cgagacactggaccaaagacacaagaactc	20941814
X	cgatgaatcaatacaatgcaataacagtaa	18194157
X	cgatgtgcgtggcgagtagcacccgcacac	20942098
X	cgattgggatttaagaaacaaactcaacga	8369331,8369692
X	cgatttgcattcaaatttgggaattctaga	8257069
X	cgatttgcattcaaatttgggaattctagg	8256708,14915308
X	cgcaagagccgtatgggtgagtggacgcac	20940944
X	cgcacagtcaacgatcggccgcaggtcatt	20940969
X	cgcactctacgtccacccgataaacactcg	20940799
X	cgccactcgcactctacgtccacccgataa	20940792
X	cgccatttgactcgactacctacgagacca	20941862
X	cgcgatgtgcgtggcgagtagcacccgcac	20942096
X	cggccgacaatcttggacaacccattgggt	20941400,22385600,22408099
X	cgtatgggtgagtggacgcacagtcaacga	20940953
X	cgtccacccgataaacactcggtactctag	20940808
X	cgttgagtttgtttcttaaatcccaatcga	8256681,8257042,8256681,8257042
X	ctaatcatgtgaggacttacaactttgtct	18194232
X	ctacgtccacccgataaacactcggtactc	20940805
X	ctagaattcccaaatttgaatgcaaatcga	8296745,8318093,13360963,13361323,14605513,14605875,14606237,16269787,8296745,8318093,13360963,13361323,14605513,14605875,14606237,16269787
X	ctagcagggagtaagcgtctagcaagtata	18194335
X	ctcaatgggtgcctcccatttcaaacacat	20941142
X	ctcactaatcatgtgaggacttacaacttt	18194228
X	ctcatgtctttgctctttgatggactcaat	20941118
X	ctcccatttcaaacacataaagtaattgca	20941154
X	ctccttagaggcctagcagggagtaagcgt	18194323
X	ctcgactacctacgagaccactcgagtatt	20941872
X	ctcgcactctacgtccacccgataaacact	20940797
X	ctcgttgagtttgtttcttaaatcccaatc	8256679,8256679
X	ctctacgtccacccgataaacactcggtac	20940803
X	ctctcactaatcatgtgaggacttacaact	18194226
X	ctcttccactgtatgaagattcagatcacg	18194418
X	ctctttgatggactcaatgggtgcctccca	20941130
X	ctgaatcctaacaagctagtaattgcatcg	20941755
X	ctgcagaacagccatccgtccagaacagtt	20941569,22385768,22408267
X	ctgcagcccgccactcgcactctacgtcca	20940784
X	ctgcgcaagagccgtatgggtgagtggacg	20940941
X	ctgctcttccactgtatgaagattcagatc	18194415
X	ctggagatctgctcttccactgtatgaaga	18194407
X	ctggcattgcctgcagaacagccatccgtc	20941559
X	ctggtgtgcctggagatctgctcttccact	18194398
X	cttagaggcctagcagggagtaagcgtcta	18194326
X	cttgtctgcatgttcagatttatactgtgt	20942053
X	ctttatgtttattggcaactgagtatgttc	20941648
X	ctttctggcattgcctgcagaacagccatc	20941555
X	ctttgatggactcaatgggtgcctcccatt	20941132
X	ctttgctctttgatggactcaatgggtgcc	20941125
X	gaaacacccatgtgtttaacggtataccca	20941926
X	gaacagccatccgtccagaacagtttcatc	20941574,22385773,22408272
X	gaactgcagcccgccactcgcactctacgt	20940781
X	gaagcgatgaatcaatacaatgcaataaca	18194153
X	gaagcgtgacgggtataagaaatgaagggt	20941059
X	gaatcaatacaatgcaataacagtaacata	18194161
X	gaatcctaacaagctagtaattgcatcgta	20941757
X	gaatgaatgaatgaatgaatgaatgagtga	13498916
X	gaattcaacgaggtatgacattccatattt	8267336
X	gaattcccaaatttgaatgcaaatcgattg	8296748,8318096,13360966,13361326,8296748,8318096,13360966,13361326
X	gacaatcttggacaacccattgggtgcatt	20941405,22385605,22408104
X	gacactggaccaaagacacaagaactcaac	20941817
X	gacgcacagtcaacgatcggccgcaggtca	20940967
X	gactcaatgggtgcctcccatttcaaacac	20941140
X	gactcgactacctacgagaccactcgagta	20941870
X	gacttacaactttgtctcatatttcgaggg	18194245
X	gagaactgcagcccgccactcgcactctac	20940779
X	gagacactggaccaaagacacaagaactca	20941815
X	gagatctgctcttccactgtatgaagattc	18194410
X	gagcactttctggcattgcctgcagaacag	20941550
X	gagccgtatgggtgagtggacgcacagtca	20940949
X	gaggacttacaactttgtctcatatttcga	18194242
X	gaggcctagcagggagtaagcgtctagcaa	18194330
X	gagtggacgcacagtcaacgatcggccgca	20940962
X	gagtttgtttcttaaatcccaatcgatttg	8256685,8257046
X	gatagggatggttagtattggtaattagga	8022169,8022169
X	gatctgctcttccactgtatgaagattcag	18194412
X	gatgaatcaatacaatgcaataacagtaac	18194158
X	gatgatgttaccccttacaaaaaatgcgaa	5490227,5490953,5502804,5712277,6207187,6351232,8577622,8750591,8750951,8751311,8751671,8752031,8752391,8827655,8909068,9005821,9137766,9138128,9138489,9138850,9204002,9204361,9296859,9313765,9534701,9556955,9597546,9597905,9711058,9772406,9920134,10048836,10120879,10261916,10262275,10439246,11230723,11231085,12093317,12187895,12188975,12189335,12833102,13057084,13113948,13195041,5490227,5490953,5502804,5712277,6207187,6351232,8577622,8750591,8750951,8751311,8751671,8752031,8752391,8827655,8909068,9005821,9137766,9138128,9138489,9138850,9204002,9204361,9296859,9313765,9534701,9556955,9597546,9597905,9711058,9772406,9920134,10048836,10120879,10261916,10262275,10439246,11230723,11231085,12093317,12187895,12188975,12189335,12833102,13057084,13113948,13195041
X	gatggactcaatgggtgcctcccatttcaa	20941136
X	gatggttagtattggtaattaggagcacaa	8022175,8256517,8530756,8022175,8256517,8530756
X	gatgttaccccttacaaaaaatgcgaaaat	2769027,2769386,3247031,6207190,8577625,8750594,8750954,8751314,8751674,8752034,8752394,8827658,8909071,9005463,9005824,9137769,9138131,9138492,9138853,9204005,9204364,9296503,9313768,9422805,9534704,9556958,9597549,9597908,9711061,9772409,9919418,9920137,10048839,10120882,10156565,10261919,10262278,10302426,10439249,11040673,11041033,11230726,11231088,12093320,12187898,12188978,12189338,12371199,12371559,12371919,12524836,12833105,13057087,13113951,13195044,13474556,2769027,2769386,3247031,6207190,8577625,8750594,8750954,8751314,8751674,8752034,8752394,8827658,8909071,9005463,9005824,9137769,9138131,9138492,9138853,9204005,9204364,9296503,9313768,9422805,9534704,9556958,9597549,9597908,9711061,9772409,9919418,9920137,10048839,10120882,10156565,10261919,10262278,10302426,10439249,11040673,11041033,11230726,11231088,12093320,12187898,12188978,12189338,12371199,12371559,12371919,12524836,12833105,13057087,13113951,13195044,13474556
X	gattgggatttaagaaacaaactcaacgag	8369332,8369693
X	gatttaagaaacaaactcaacgaggtatga	8369338,8369699
X	gatttgcattcaaatttgggaattctagat	8257070
X	gatttgcattcaaatttgggaattctaggt	8256709,14915309
X	gcaaatcgattgggatttaagaaacaaact	8369686,8369686
X	gcaaattttgatgatgttaccccttacaaa	1812489,5490218,5490944,5502795,5979622,6206819,6207178,6351223,6351585,8531030,8577613,8750582,8750942,8752022,8752382,8827646,9005812,9137757,9138119,9138480,9138841,9203993,9204352,9296850,9534692,9556946,9597537,9597896,9711049,9772397,9880807,9881164,9920125,9941759,9971584,9984037,10048827,10049188,10103245,10120511,10120870,10261907,10262266,10262625,10439237,11230714,11231076,12093308,12187886,12189326,13056715,13057075,13113219,13113579,13113939,13195032,13423522,15597860,17348113,1812489,5490218,5490944,5502795,5979622,6206819,6207178,6351223,6351585,8531030,8577613,8750582,8750942,8752022,8752382,8827646,9005812,9137757,9138119,9138480,9138841,9203993,9204352,9296850,9534692,9556946,9597537,9597896,9711049,9772397,9880807,9881164,9920125,9941759,9971584,9984037,10048827,10049188,10103245,10120511,10120870,10261907,10262266,10262625,10439237,11230714,11231076,12093308,12187886,12189326,13056715,13057075,13113219,13113579,13113939,13195032,13423522,15597860,17348113
X	gcaagagccgtatgggtgagtggacgcaca	20940945
X	gcaataacagtaacataacagcgcaattaa	18194174
X	gcaattaacagccgagacactggaccaaag	20941802
X	gcacagtcaacgatcggccgcaggtcattt	20940970
X	gcactctacgtccacccgataaacactcgg	20940800
X	gcactttctggcattgcctgcagaacagcc	20941552
X	gcagaacagccatccgtccagaacagtttc	20941571,22385770,22408269
X	gcagcccgccactcgcactctacgtccacc	20940786
X	gcagggagtaagcgtctagcaagtatactg	18194338
X	gcattgcctgcagaacagccatccgtccag	20941562
X	gccactcgcactctacgtccacccgataaa	20940793
X	gccatccgtccagaacagtttcatcttcct	20941579,22385778,22408277
X	gccatttgactcgactacctacgagaccac	20941863
X	gcccaaatatggaatgtcatacctcgttga	11040565,12093212,13474448
X	gcccgccactcgcactctacgtccacccga	20940789
X	gccgacaatcttggacaacccattgggtgc	20941402,22385602,22408101
X	gccgagacactggaccaaagacacaagaac	20941812
X	gccgtatgggtgagtggacgcacagtcaac	20940951
X	gcctagcagggagtaagcgtctagcaagta	18194333
X	gcctcccatttcaaacacataaagtaattg	20941152
X	gcctgcagaacagccatccgtccagaacag	20941567
X	gcctggagatctgctcttccactgtatgaa	18194405
X	gcgatgaatcaatacaatgcaataacagta	18194156
X	gcgatgtgcgtggcgagtagcacccgcaca	20942097
X	gcgcaagagccgtatgggtgagtggacgca	20940943
X	gcgccatttgactcgactacctacgagacc	20941861
X	gcgtgacgggtataagaaatgaagggtaaa	20941062
X	gctcatgtctttgctctttgatggactcaa	20941117
X	gctcttccactgtatgaagattcagatcac	18194417
X	gctctttgatggactcaatgggtgcctccc	20941129
X	gctgcgcaagagccgtatgggtgagtggac	20940940
X	gctggtgtgcctggagatctgctcttccac	18194397
X	ggaaacacccatgtgtttaacggtataccc	20941925
X	ggaagcgtgacgggtataagaaatgaaggg	20941058
X	ggacgcacagtcaacgatcggccgcaggtc	20940966
X	ggactcaatgggtgcctcccatttcaaaca	20941139
X	ggacttacaactttgtctcatatttcgagg	18194244
X	ggagatctgctcttccactgtatgaagatt	18194409
X	ggagtaagcgtctagcaagtatactgtggt	18194342
X	ggatggttagtattggtaattaggagcaca	8022174,8256516,8022174,8256516
X	ggatttaagaaacaaactcaacgaggtatg	8369337,8369698
X	ggcaattaacagccgagacactggaccaaa	20941801
X	ggcattgcctgcagaacagccatccgtcca	20941561
X	ggcccaaatatggaatgtcatacctcgttg	11040564,12093211,13474447
X	ggccgacaatcttggacaacccattgggtg	20941401,22385601,22408100
X	ggcctagcagggagtaagcgtctagcaagt	18194332
X	ggcgccatttgactcgactacctacgagac	20941860
X	gggagtaagcgtctagcaagtatactgtgg	18194341
X	gggatggttagtattggtaattaggagcac	8022173,8256515,8022173,8256515
X	gggatttaagaaacaaactcaacgaggtat	8369336,8369697
X	gggcaattaacagccgagacactggaccaa	20941800
X	gggtgagtggacgcacagtcaacgatcggc	20940958
X	gggtgcctcccatttcaaacacataaagta	20941148
X	gggtggaagcgtgacgggtataagaaatga	20941054
X	gggtgtcttgtctgcatgttcagatttata	20942047
X	ggtccaaatatggaatgtcatacctcgttg	6418197,6418197
X	ggtgagtggacgcacagtcaacgatcggcc	20940959
X	ggtgcctcccatttcaaacacataaagtaa	20941149
X	ggtggaagcgtgacgggtataagaaatgaa	20941055
X	ggtgtcttgtctgcatgttcagatttatac	20942048
X	ggtgtgcctggagatctgctcttccactgt	18194400
X	gtaagtacccgcgatgtgcgtggcgagtag	20942087
X	gtacatatgtacatatgtatgtatgtatgt	6720148
X	gtacccgcgatgtgcgtggcgagtagcacc	20942091
X	gtatggcgccatttgactcgactacctacg	20941856
X	gtatgggtgagtggacgcacagtcaacgat	20940954
X	gtatgggtggaagcgtgacgggtataagaa	20941050
X	gtatgtatgtatgtatgtatgtatgtatat	18443200
X	gtatgtatgtatgtatgtatgtatgtatgt	3469753,3469757,12754860,14619927,18443188,18443192,18443196,20294387,20304294
X	gtcatacctcgttgagtttgtttcttaaat	8256672,8256672
X	gtccaaatatggaatgtcatacctcgttga	6418198,6418198
X	gtccacccgataaacactcggtactctagg	20940809
X	gtcttgtctgcatgttcagatttatactgt	20942051
X	gtctttgctctttgatggactcaatgggtg	20941123
X	gtgaggacttacaactttgtctcatatttc	18194240
X	gtgagtggacgcacagtcaacgatcggccg	20940960
X	gtgatagggatggttagtattggtaattag	8022167,8022167
X	gtgcctcccatttcaaacacataaagtaat	20941150
X	gtgcctggagatctgctcttccactgtatg	18194403
X	gtgctcatgtctttgctctttgatggactc	20941115
X	gtgctcctaattaccaatactaaccatccc	8267160,8369535
X	gtggaagcgtgacgggtataagaaatgaag	20941056
X	gtggacgcacagtcaacgatcggccgcagg	20940964
X	gtgtcttgtctgcatgttcagatttatact	20942049
X	gtgtgcctggagatctgctcttccactgta	18194401
X	gtgtttgtaagtacccgcgatgtgcgtggc	20942081
X	gttacgaattcaacgaggtatgacattcca	2679971,8267331,10645431,15782245
X	gttgagtttgtttcttaaatcccaatcgat	8256682,8257043,8256682,8257043
X	gtttattggcaactgagtatgttccattgt	20941654
X	gtttgtaagtacccgcgatgtgcgtggcga	20942083
X	gtttgtttcttaaatcccaatcgatttgca	8256687,8257048
X	taaagtaattgcaattaaagacggcatttg	20941171
X	taacagccgagacactggaccaaagacaca	20941807
X	taacagtaacataacagcgcaattaacata	18194178
X	taagaaacaaactcaacgaggtatgacatt	8318131,8369342,8369703
X	taagtacccgcgatgtgcgtggcgagtagc	20942088
X	taatactgaatcctaacaagctagtaattg	20941750
X	taatcatgtgaggacttacaactttgtctc	18194233
X	taatctccttagaggcctagcagggagtaa	18194319
X	taatggcccaaatatggaatgtcatacctc	11040560,13474443,14915612,14915957
X	taatggtccaaatatggaatgtcatacctc	6418193,8001057,6418193,8001057
X	tacaatgcaataacagtaacataacagcgc	18194168
X	tacccgcgatgtgcgtggcgagtagcaccc	20942092
X	tacctcgttgagtttgtttcttaaatccca	8256676,8256676
X	tacgaattcaacgaggtatgacattccata	8267333
X	tacgtccacccgataaacactcggtactct	20940806
X	tactgaatcctaacaagctagtaattgcat	20941753
X	tagaagcgatgaatcaatacaatgcaataa	18194151
X	tagaattcccaaatttgaatgcaaatcgat	8296746,8318094,13360964,13361324,14605514,14605876,14606238,16269788,8296746,8318094,13360964,13361324,14605514,14605876,14606238,16269788
X	tagaggcctagcagggagtaagcgtctagc	18194328
X	tagcagggagtaagcgtctagcaagtatac	18194336
X	tagggatggttagtattggtaattaggagc	8022171,8022171
X	tagggttcgttagcattggtaattagctgc	9919847,10262348,10302857
X	tatagggttcgttagcattggtaattagct	9919845
X	tatatttatttatttagaagcgatgaatca	18194137
X	tatggaatgtcatacctcgttgaattcgta	8256342
X	tatggaatgtcatacctcgttgagtttgtt	8577524,8751213,8751933,8827917,10439148,11040572,12093219,12189237,12371098,12371458,12371818,13113490,13113850,13474455,14697518,8577524,8751213,8751933,8827917,10439148,11040572,12093219,12189237,12371098,12371458,12371818,13113490,13113850,13474455,14697518,8577524,8751213,8751933,8827917,10439148,11040572,12093219,12189237,12371098,12371458,12371818,13113490,13113850,13474455,14697518
X	tatggcgccatttgactcgactacctacga	20941857
X	tatgggtgagtggacgcacagtcaacgatc	20940955
X	tatgggtggaagcgtgacgggtataagaaa	20941051
X	tatgtatggcgccatttgactcgactacct	20941853
X	tatgtatgtatgtatgtatgtatgtatgta	2519502,3469754,7861040,12754857,12754861,14619924,14619928,15545131,16427204,18443189,18443193,18443197,20294384,20294388,20304291,20304295,2519502,3469754,7861040,12754857,12754861,14619924,14619928,15545131,16427204,18443189,18443193,18443197,20294384,20294388,20304291,20304295
X	tatgtttattggcaactgagtatgttccat	20941651
X	tattggcaactgagtatgttccattgttaa	20941657
X	tatttagaagcgatgaatcaatacaatgca	18194147
X	tatttatttagaagcgatgaatcaatacaa	18194143
X	tatttatttatttagaagcgatgaatcaat	18194139
X	tcaaacacataaagtaattgcaattaaaga	20941162
X	tcaatacaatgcaataacagtaacataaca	18194164
X	tcaatgggtgcctcccatttcaaacacata	20941143
X	tcactaatcatgtgaggacttacaactttg	18194229
X	tcagagaactgcagcccgccactcgcactc	20940776
X	tcatacctcgttgagtttgtttcttaaatc	8256673,8256673
X	tcatgtctttgctctttgatggactcaatg	20941119
X	tcatgtgaggacttacaactttgtctcata	18194236
X	tcattatgtatggcgccatttgactcgact	20941849
X	tccaaatatggaatgtcatacctcgttgag	6418199,13113484,13195296,6418199,13113484,13195296
X	tccacccgataaacactcggtactctaggc	20940810
X	tcccaaatttgaatgcaaatcgattgggat	9072623,13360970,13361330,9072623,13360970,13361330
X	tcccaatcgatttgcattcaaatttgggaa	8256701,8257062,11040969,8256701,8257062,11040969
X	tcccatttcaaacacataaagtaattgcaa	20941155
X	tccgtccagaacagtttcatcttcctttaa	20941583,22385782,22408281
X	tccttagaggcctagcagggagtaagcgtc	18194324
X	tcgactacctacgagaccactcgagtattt	20941873
X	tcgattgggatttaagaaacaaactcaacg	8369330,8369691,8369330,8369691
X	tcgatttgcattcaaatttgggaattctag	8256707,8257068,14915307,8256707,8257068,14915307
X	tcgcactctacgtccacccgataaacactc	20940798
X	tcgttgagtttgtttcttaaatcccaatcg	8256680,8256680
X	tctacgtccacccgataaacactcggtact	20940804
X	tctagaattcccaaatttgaatgcaaatcg	8318092,14605512,14605874,14606236
X	tctcactaatcatgtgaggacttacaactt	18194227
X	tctccttagaggcctagcagggagtaagcg	18194322
X	tctgctcttccactgtatgaagattcagat	18194414
X	tctggcattgcctgcagaacagccatccgt	20941558
X	tcttgtctgcatgttcagatttatactgtg	20942052
X	tctttgatggactcaatgggtgcctcccat	20941131
X	tctttgctctttgatggactcaatgggtgc	20941124
X	tgaatcaatacaatgcaataacagtaacat	18194160
X	tgaatcctaacaagctagtaattgcatcgt	20941756
X	tgaatgaatgaatgaatgaatgaatgagtg	13498915
X	tgactcgactacctacgagaccactcgagt	20941869
X	tgagcactttctggcattgcctgcagaaca	20941549
X	tgaggacttacaactttgtctcatatttcg	18194241
X	tgagtggacgcacagtcaacgatcggccgc	20940961
X	tgagtttgtttcttaaatcccaatcgattt	8256684,8257045
X	tgatagggatggttagtattggtaattagg	8022168,8022168
X	tgatgatgttaccccttacaaaaaatgcga	5490226,5490952,5502803,5712276,6207186,6351231,8577621,8750590,8750950,8751310,8751670,8752030,8752390,8827654,8909067,9005820,9137765,9138127,9138488,9138849,9204001,9204360,9296858,9313764,9534700,9556954,9597545,9597904,9711057,9772405,9920133,10048835,10120878,10261915,10262274,10439245,11230722,11231084,12093316,12187894,12188974,12189334,12833101,13057083,13113947,13195040,5490226,5490952,5502803,5712276,6207186,6351231,8577621,8750590,8750950,8751310,8751670,8752030,8752390,8827654,8909067,9005820,9137765,9138127,9138488,9138849,9204001,9204360,9296858,9313764,9534700,9556954,9597545,9597904,9711057,9772405,9920133,10048835,10120878,10261915,10262274,10439245,11230722,11231084,12093316,12187894,12188974,12189334,12833101,13057083,13113947,13195040
X	tgatggactcaatgggtgcctcccatttca	20941135
X	tgatgttaccccttacaaaaaatgcgaaaa	2769026,2769385,5490229,5490955,5502806,5712279,6207189,6351234,8577624,8750593,8750953,8751313,8751673,8752033,8752393,8827657,8909070,9005462,9005823,9137768,9138130,9138491,9138852,9204004,9204363,9313767,9534703,9556957,9597548,9597907,9711060,9772408,9920136,10048838,10120881,10261918,10262277,10302425,10439248,11040672,11041032,11230725,11231087,12093319,12187897,12188977,12189337,12371198,12371558,12371918,12524835,12833104,13057086,13113950,13195043,13474555,2769026,2769385,5490229,5490955,5502806,5712279,6207189,6351234,8577624,8750593,8750953,8751313,8751673,8752033,8752393,8827657,8909070,9005462,9005823,9137768,9138130,9138491,9138852,9204004,9204363,9313767,9534703,9556957,9597548,9597907,9711060,9772408,9920136,10048838,10120881,10261918,10262277,10302425,10439248,11040672,11041032,11230725,11231087,12093319,12187897,12188977,12189337,12371198,12371558,12371918,12524835,12833104,13057086,13113950,13195043,13474555
X	tgcaaatcgattgggatttaagaaacaaac	8369685,8369685
X	tgcaaattttgatgatgttaccccttacaa	5490217,5490943,5502794,6206818,6207177,6351584,8577612,8750581,8750941,8752021,8752381,8827645,9005811,9137756,9138118,9138479,9138840,9203992,9204351,9296849,9534691,9556945,9597536,9597895,9711048,9772396,9880806,9881163,9920124,9941758,9971583,9984036,10048826,10049187,10103244,10120510,10120869,10261906,10262265,10262624,12093307,12189325,13056714,13057074,13423521,15597859,17348112,5490217,5490943,5502794,6206818,6207177,6351584,8577612,8750581,8750941,8752021,8752381,8827645,9005811,9137756,9138118,9138479,9138840,9203992,9204351,9296849,9534691,9556945,9597536,9597895,9711048,9772396,9880806,9881163,9920124,9941758,9971583,9984036,10048826,10049187,10103244,10120510,10120869,10261906,10262265,10262624,12093307,12189325,13056714,13057074,13423521,15597859,17348112
X	tgcaataacagtaacataacagcgcaatta	18194173
X	tgcagaacagccatccgtccagaacagttt	20941570,22385769,22408268
X	tgcagcccgccactcgcactctacgtccac	20940785
X	tgcctcccatttcaaacacataaagtaatt	20941151
X	tgcctgcagaacagccatccgtccagaaca	20941566
X	tgcctggagatctgctcttccactgtatga	18194404
X	tgcgcaagagccgtatgggtgagtggacgc	20940942
X	tgctatagtcgagtttcccgactatcagat	10445605
X	tgctcatgtctttgctctttgatggactca	20941116
X	tgctcctaattaccaatactaaccatccct	8267161,8369536
X	tgctcttccactgtatgaagattcagatca	18194416
X	tgctctttgatggactcaatgggtgcctcc	20941128
X	tgctggtgtgcctggagatctgctcttcca	18194396
X	tggaaacacccatgtgtttaacggtatacc	20941924
X	tggaagcgtgacgggtataagaaatgaagg	20941057
X	tggaatgtcatacctcgttgaattcgtaac	8256344
X	tggacgcacagtcaacgatcggccgcaggt	20940965
X	tggactcaatgggtgcctcccatttcaaac	20941138
X	tggagatctgctcttccactgtatgaagat	18194408
X	tggcaactgagtatgttccattgttaattt	20941660
X	tggcattgcctgcagaacagccatccgtcc	20941560
X	tggcccaaatatggaatgtcatacctcgtt	11040563,12093210,13474446
X	tggcgccatttgactcgactacctacgaga	20941859
X	tgggatttaagaaacaaactcaacgaggta	8369335,8369696
X	tgggtgagtggacgcacagtcaacgatcgg	20940957
X	tgggtgcctcccatttcaaacacataaagt	20941147
X	tgggtggaagcgtgacgggtataagaaatg	20941053
X	tggtccaaatatggaatgtcatacctcgtt	6418196,6418196
X	tggtgtgcctggagatctgctcttccactg	18194399
X	tgtaagtacccgcgatgtgcgtggcgagta	20942086
X	tgtatggcgccatttgactcgactacctac	20941855
X	tgtatgggtggaagcgtgacgggtataaga	20941049
X	tgtatgtatgtatgtatgtatgtatgtata	18443199
X	tgtatgtatgtatgtatgtatgtatgtatg	3469752,3469756,7861042,12754859,14619926,15545133,18443191,18443195,20294386,20304293
X	tgtcatacctcgttgagtttgtttcttaaa	8256671,8256671
X	tgtcttgtctgcatgttcagatttatactg	20942050
X	tgtctttgctctttgatggactcaatgggt	20941122
X	tgtgaggacttacaactttgtctcatattt	18194239
X	tgtgcctggagatctgctcttccactgtat	18194402
X	tgtgctcatgtctttgctctttgatggact	20941114
X	tgtgctcctaattaccaatactaaccatcc	8267159,8369534
X	tgtgtttgtaagtacccgcgatgtgcgtgg	20942080
X	tgtttattggcaactgagtatgttccattg	20941653
X	tgtttgtaagtacccgcgatgtgcgtggcg	20942082
X	ttaacagccgagacactggaccaaagacac	20941806
X	ttaagaaacaaactcaacgaggtatgacat	8318130,8369341,8369702
X	ttaatctccttagaggcctagcagggagta	18194318
X	ttacgaattcaacgaggtatgacattccat	8267332
X	ttagaagcgatgaatcaatacaatgcaata	18194150
X	ttagaggcctagcagggagtaagcgtctag	18194327
X	ttatagggttcgttagcattggtaattagc	9919844
X	ttatgtatggcgccatttgactcgactacc	20941852
X	ttatgtatgtatgtatgtatgtatgtatgt	2519501
X	ttatgtttattggcaactgagtatgttcca	20941650
X	ttattggcaactgagtatgttccattgtta	20941656
X	ttatttagaagcgatgaatcaatacaatgc	18194146
X	ttatttatttagaagcgatgaatcaataca	18194142
X	ttcaaacacataaagtaattgcaattaaag	20941161
X	ttcccaaatttgaatgcaaatcgattggga	8296751,8318099,9072622,10990161,10990521,10990882,10991242,13360969,13361329,8296751,8318099,9072622,10990161,10990521,10990882,10991242,13360969,13361329
X	ttcccaatcgatttgcattcaaatttggga	11040968,11040968
X	ttctggcattgcctgcagaacagccatccg	20941557
X	ttgactcgactacctacgagaccactcgag	20941868
X	ttgagcactttctggcattgcctgcagaac	20941548
X	ttgagtttgtttcttaaatcccaatcgatt	8256683,8257044
X	ttgatgatgttaccccttacaaaaaatgcg	5490225,5490951,5502802,5712275,6207185,6351230,8577620,8750589,8750949,8751309,8751669,8752029,8752389,8827653,8909066,9005819,9137764,9138126,9138487,9138848,9204000,9204359,9296857,9313763,9534699,9556953,9597544,9597903,9711056,9772404,9920132,10048834,10120877,10261914,10262273,10439244,11230721,11231083,12093315,12187893,12188973,12189333,12833100,13057082,13113946,13195039,5490225,5490951,5502802,5712275,6207185,6351230,8577620,8750589,8750949,8751309,8751669,8752029,8752389,8827653,8909066,9005819,9137764,9138126,9138487,9138848,9204000,9204359,9296857,9313763,9534699,9556953,9597544,9597903,9711056,9772404,9920132,10048834,10120877,10261914,10262273,10439244,11230721,11231083,12093315,12187893,12188973,12189333,12833100,13057082,13113946,13195039
X	ttgatggactcaatgggtgcctcccatttc	20941134
X	ttgcaaattttgatgatgttaccccttaca	5490216,5490942,5502793,6206817,6207176,6351583,8577611,8578302,8750580,8750940,8752020,8752380,8827644,9005810,9137755,9138117,9138478,9138839,9203991,9204350,9296848,9297208,9534690,9556944,9597535,9597894,9711047,9772395,9881162,9920123,9941757,9971582,9984035,10048825,10049186,10103243,10120509,10120868,10261905,10262264,10262623,12093306,12189324,13056713,13057073,13423520,15597858,17348111,5490216,5490942,5502793,6206817,6207176,6351583,8577611,8578302,8750580,8750940,8752020,8752380,8827644,9005810,9137755,9138117,9138478,9138839,9203991,9204350,9296848,9297208,9534690,9556944,9597535,9597894,9711047,9772395,9881162,9920123,9941757,9971582,9984035,10048825,10049186,10103243,10120509,10120868,10261905,10262264,10262623,12093306,12189324,13056713,13057073,13423520,15597858,17348111
X	ttgcctgcagaacagccatccgtccagaac	20941565
X	ttgctctttgatggactcaatgggtgcctc	20941127
X	ttggaaacacccatgtgtttaacggtatac	20941923
X	ttggcaactgagtatgttccattgttaatt	20941659
X	ttgggatttaagaaacaaactcaacgaggt	8369334,8369695
X	ttgtaagtacccgcgatgtgcgtggcgagt	20942085
X	ttgtatgggtggaagcgtgacgggtataag	20941048
X	ttgtgctcatgtctttgctctttgatggac	20941113
X	ttgtgctcctaattaccaatactaaccatc	8267158,8369533
X	tttaacgaaatcagccgcttctgccattat	20941694
X	tttaagaaacaaactcaacgaggtatgaca	8369340,8369701
X	tttaatctccttagaggcctagcagggagt	18194317
X	tttagaagcgatgaatcaatacaatgcaat	18194149
X	tttatgtttattggcaactgagtatgttcc	20941649
X	tttattggcaactgagtatgttccattgtt	20941655
X	tttatttagaagcgatgaatcaatacaatg	18194145
X	tttatttatttagaagcgatgaatcaatac	18194141
X	tttcaaacacataaagtaattgcaattaaa	20941160
X	tttctggcattgcctgcagaacagccatcc	20941556
X	tttgactcgactacctacgagaccactcga	20941867
X	tttgagcactttctggcattgcctgcagaa	20941547
X	tttgatgatgttaccccttacaaaaaatgc	5490224,5490950,5502801,5712274,5979628,6207184,6351229,8577619,8750588,8750948,8751308,8751668,8752028,8752388,8827652,8909065,9005818,9137763,9138125,9138486,9138847,9203999,9204358,9296856,9313762,9534698,9556952,9597543,9597902,9711055,9772403,9881170,9920131,9941765,10048833,10103251,10120517,10120876,10261913,10262272,10439243,11230720,11231082,12093314,12187892,12188972,12189332,12833099,13057081,13113225,13113585,13113945,13195038,5490224,5490950,5502801,5712274,5979628,6207184,6351229,8577619,8750588,8750948,8751308,8751668,8752028,8752388,8827652,8909065,9005818,9137763,9138125,9138486,9138847,9203999,9204358,9296856,9313762,9534698,9556952,9597543,9597902,9711055,9772403,9881170,9920131,9941765,10048833,10103251,10120517,10120876,10261913,10262272,10439243,11230720,11231082,12093314,12187892,12188972,12189332,12833099,13057081,13113225,13113585,13113945,13195038
X	tttgatggactcaatgggtgcctcccattt	20941133
X	tttgcaaattttgatgatgttaccccttac	5490215,5490582,5490941,5502792,5712626,6206816,6207175,6351582,8577610,8578301,8750579,8750939,8752019,8752379,8827643,8851241,9005809,9036965,9137754,9138116,9138477,9138838,9203990,9204349,9296847,9297207,9534689,9556943,9597534,9597893,9711046,9772394,9881161,9920122,9941756,9971581,9984034,10048824,10049185,10103242,10120508,10120867,10261904,10262263,10262622,11023295,11532326,11780491,11781556,12093305,12189323,13056712,13057072,13423519,13530362,15597857,17348110,5490215,5490582,5490941,5502792,5712626,6206816,6207175,6351582,8577610,8578301,8750579,8750939,8752019,8752379,8827643,8851241,9005809,9036965,9137754,9138116,9138477,9138838,9203990,9204349,9296847,9297207,9534689,9556943,9597534,9597893,9711046,9772394,9881161,9920122,9941756,9971581,9984034,10048824,10049185,10103242,10120508,10120867,10261904,10262263,10262622,11023295,11532326,11780491,11781556,12093305,12189323,13056712,13057072,13423519,13530362,15597857,17348110
X	tttgcattcaaatttgggaattctagattt	8257072
X	tttgcattcaaatttgggaattctaggttt	8256711,14915311
X	tttgctctttgatggactcaatgggtgcct	20941126
X	tttggaaacacccatgtgtttaacggtata	20941922
X	tttgtaagtacccgcgatgtgcgtggcgag	20942084
X	tttgtatgggtggaagcgtgacgggtataa	20941047
X	tttgtgctcatgtctttgctctttgatgga	20941112
X	tttgtgctcctaattaccaatactaaccat	8267157,8369532
X	tttgtttcttaaatcccaatcgatttgcat	8256688,8257049
X	ttttgatgatgttaccccttacaaaaaatg	5490223,5490949,5502800,5712273,5979627,6207183,6351228,8531035,8577618,8750587,8750947,8751307,8751667,8752027,8752387,8827651,8909064,9005817,9137762,9138124,9138485,9138846,9203998,9204357,9296855,9313761,9534697,9556951,9597542,9597901,9711054,9772402,9880812,9881169,9920130,9941764,9971589,10048832,10103250,10120516,10120875,10261912,10262271,10439242,11230719,11231081,12093313,12187891,12188971,12189331,12494000,12833098,13057080,13113224,13113584,13113944,13195037,14914998,15597865,5490223,5490949,5502800,5712273,5979627,6207183,6351228,8531035,8577618,8750587,8750947,8751307,8751667,8752027,8752387,8827651,8909064,9005817,9137762,9138124,9138485,9138846,9203998,9204357,9296855,9313761,9534697,9556951,9597542,9597901,9711054,9772402,9880812,9881169,9920130,9941764,9971589,10048832,10103250,10120516,10120875,10261912,10262271,10439242,11230719,11231081,12093313,12187891,12188971,12189331,12494000,12833098,13057080,13113224,13113584,13113944,13195037,14914998,15597865
X	ttttgcaaattttgatgatgttacccctta	4328788,4382695,5490214,5490581,5490940,5502791,5503151,5712625,6206815,6207174,6351581,6418290,6419614,6477700,6479024,8577609,8578300,8750578,8750938,8752018,8752378,8827642,8851240,9005808,9036964,9137753,9138115,9138476,9138837,9203989,9204348,9296846,9297206,9534688,9556942,9597533,9597892,9711045,9772393,9881160,9920121,9941755,9971580,9984033,10048823,10049184,10103241,10120507,10120866,10156190,10261903,10262262,10262621,11023294,11532325,11780490,11781555,12093304,12189322,13056711,13057071,13242019,13423518,13530361,15597856,17348109,4328788,4382695,5490214,5490581,5490940,5502791,5503151,5712625,6206815,6207174,6351581,6418290,6419614,6477700,6479024,8577609,8578300,8750578,8750938,8752018,8752378,8827642,8851240,9005808,9036964,9137753,9138115,9138476,9138837,9203989,9204348,9296846,9297206,9534688,9556942,9597533,9597892,9711045,9772393,9881160,9920121,9941755,9971580,9984033,10048823,10049184,10103241,10120507,10120866,10156190,10261903,10262262,10262621,11023294,11532325,11780490,11781555,12093304,12189322,13056711,13057071,13242019,13423518,13530361,15597856,17348109
X	tttttgcaaattttgatgatgttacccctt	4328787,4382694,5490213,5490580,5490939,5502790,5503150,5712624,6206814,6207173,6351580,6418289,6419613,6477699,6479023,8577608,8578299,8750577,8750937,8752017,8752377,8827641,8851239,9005807,9036963,9137752,9138114,9138475,9138836,9203988,9204347,9296845,9297205,9534687,9556941,9597532,9597891,9711044,9772392,9881159,9920120,9941754,9971579,9984032,10048822,10049183,10103240,10120506,10120865,10156189,10261902,10262261,10262620,11023293,11362725,11532324,11780489,11781554,12093303,12189321,13056710,13057070,13242018,13423517,13530360,13900806,13901156,15597855,17348108,4328787,4382694,5490213,5490580,5490939,5502790,5503150,5712624,6206814,6207173,6351580,6418289,6419613,6477699,6479023,8577608,8578299,8750577,8750937,8752017,8752377,8827641,8851239,9005807,9036963,9137752,9138114,9138475,9138836,9203988,9204347,9296845,9297205,9534687,9556941,9597532,9597891,9711044,9772392,9881159,9920120,9941754,9971579,9984032,10048822,10049183,10103240,10120506,10120865,10156189,10261902,10262261,10262620,11023293,11362725,11532324,11780489,11781554,12093303,12189321,13056710,13057070,13242018,13423517,13530360,13900806,13901156,15597855,17348108
X	ttttttgcaaattttgatgatgttacccct	5490212,5490938,5502789,5503149,5712623,6206813,6207172,6418288,6419612,6477698,6479022,8577607,8578298,8750576,8750936,8752016,8752376,8827640,8851238,9005806,9036962,9137751,9138113,9138474,9138835,9203987,9204346,9296844,9297204,9534686,9556940,9597531,9597890,9711043,9772391,9881158,9920119,9941753,9971578,9984031,10048821,10049182,10103239,10120505,10120864,10156188,10261901,10262260,10262619,11023292,11362724,11532323,11780488,11781553,12093302,12189320,13056709,13057069,13242017,13423516,13530359,13900805,13901155,15597854,17348107,5490212,5490938,5502789,5503149,5712623,6206813,6207172,6418288,6419612,6477698,6479022,8577607,8578298,8750576,8750936,8752016,8752376,8827640,8851238,9005806,9036962,9137751,9138113,9138474,9138835,9203987,9204346,9296844,9297204,9534686,9556940,9597531,9597890,9711043,9772391,9881158,9920119,9941753,9971578,9984031,10048821,10049182,10103239,10120505,10120864,10156188,10261901,10262260,10262619,11023292,11362724,11532323,11780488,11781553,12093302,12189320,13056709,13057069,13242017,13423516,13530359,13900805,13901155,15597854,17348107
