X	aaacaaactcaacgaggtatgacattccat	8318135,8369346,8369707,8699250,8700329,8700689,8701048,8701408,8701768,8735130,8735490,8840870,10488866,10489226,10830537,10830897,10831257,10918948,10991278,11889770,11890490,11890850,11891210,11891574,13361725,13362085,14606279
X	aaacaaactcaatgaggtatgacattccat	8840510
X	aaactcaacgaggtataacattccatattt	8735854,10990201,10990561,10990922
X	aaactcaacgaggtatgacattccatattt	8318139,8369350,8369711,8699254,8700333,8700693,8701052,8701412,8701772,8735134,8735494,8840874,10488870,10489230,10830541,10918952,10991282,11889774,11890494,11890854,11891214,11891578,13361729,13362089,14606283
X	aaactcaatgaggtatgacattccatattt	8840514
X	aaacttgaatgcaaatcgattggaatttaa	8699219,8699579,8699938,8700298,8700658,8701017,8701377,8701737,8702097,8702457,8735459,8735819,8840479,8840839,11889379
X	aaagtaatcgaccaaatatggaatggcata	8664500,8664500
X	aaatatggaatggcatacctcgctgaattc	8664513,8664872,8665231,8664513,8664872,8665231
X	aaatcctagaattcccaaacttaaatgcaa	13361678
X	aaatttcccatcgaactgcattcaagccta	8664549,8664908,8665267,8664549,8664908,8665267
X	aaatttgatttggctggttagtttggttaa	8664679,8665038
X	aacaaactcaacgaggtataacattccata	8735851,10990198,10990558,10990919
X	aacaaactcaacgaggtatgacattccata	8318136,8369347,8369708,8699251,8700330,8700690,8701049,8701409,8701769,8735131,8735491,8840871,10488867,10489227,10830538,10830898,10831258,10918949,10991279,11889771,11890491,11890851,11891211,11891575,13361726,13362086,14606280
X	aacaaactcaatgaggtatgacattccata	8840511
X	aactcaacgaggtataacattccatatttg	8735855,10990202,10990562,10990923
X	aactcaatgaggtatgacattccatatttg	8840515
X	aacttgaatgcaaatcgattggaatttaaa	8699220,8699580,8699939,8700299,8700659,8701018,8701378,8701738,8702098,8702458,8735460,8735820,8840480,8840840,11889380
X	aaggggtaacatcatcaaaatttgcaaaaa	5460542,5521377,5521737,5522097,5522457,5522817,5523177,5523515,5523875,5580408,5580768,5581128,5663850,5775741,5846280,6384010,6385334,8318052,8369624,8699166,8699527,8699886,8700246,8700606,8700965,8701325,8702045,8702405,8735407,8735767,8840427,8840787,9034052,9072575,9235217,9235576,9374527,9396907,9623436,9623745,9624104,9624463,9624822,9625181,9625540,9625899,9726410,9726769,9809936,9810295,9840967,9905098,9956176,10007787,10240062,10292167,10340423,10340782,11413924,11757922,11889687,11890407,12437792,12438150,12545225,12683178,12794898,12795617,12795977,12796697,12797057,12797417,12797777,12928670,12929031,13126681,13127044,13360922,13361282,13362002,13362362,13693333,5460542,5521377,5521737,5522097,5522457,5522817,5523177,5523515,5523875,5580408,5580768,5581128,5663850,5775741,5846280,6384010,6385334,8318052,8369624,8699166,8699527,8699886,8700246,8700606,8700965,8701325,8702045,8702405,8735407,8735767,8840427,8840787,9034052,9072575,9235217,9235576,9374527,9396907,9623436,9623745,9624104,9624463,9624822,9625181,9625540,9625899,9726410,9726769,9809936,9810295,9840967,9905098,9956176,10007787,10240062,10292167,10340423,10340782,11413924,11757922,11889687,11890407,12437792,12438150,12545225,12683178,12794898,12795617,12795977,12796697,12797057,12797417,12797777,12928670,12929031,13126681,13127044,13360922,13361282,13362002,13362362,13693333
X	aagtaatcgaccaaatatggaatggcatac	8664501,8664501
X	aatatggaatggcatacctcgctgaattcg	8664514,8664873,8665232,8664514,8664873,8665232
X	aatcctagaattcccaaacttaaatgcaaa	13361679
X	aatcgaccaaatatggaatggcatacctcg	8664505,8664505
X	aatgaggtatgacattccatatttgggtaa	8840520
X	aatggcatacctcgctgaattcgttacaaa	8664521,8664880,8665239,8664521,8664880,8665239,8664521,8664880,8665239
X	aattcccaaacttgaatgcaaatcgattgg	8699212,8699572,8699931,8700291,8700651,8701010,8701370,8701730,8702090,8702450,8735452,8840472,8840832,10489188,11889372,11889732,11890092,11890452,11890812,11891172,11891536,13362047,13693738,15221646,15222007
X	aatttcccatcgaactgcattcaagcctaa	8664550,8664909,8665268,8664550,8664909,8665268
X	aatttgatttggctggttagtttggttaat	8664680,8665039
X	aattttcgcattttttgtaaggggtaacat	8318034,8369606,8699509,8699868,8700228,8700588,8700947,8701307,8701667,8702027,8735389,8735749,8840409,8840769,9072557,9374509,9396889,9515615,9623418,9623727,9624086,9624445,9624804,9625163,9625522,9625881,9726392,9809918,9810277,9870372,9905080,9956158,10240044,10240403,10292149,10340405,10340764,10489125,10831156,10919567,10990096,10990456,10990817,12047093,12047450,12047807,12124176,12437774,12438132,12438492,12683506,12794880,12795599,12795959,12796679,12797039,12797399,12797759,13360904,13361264,13361624,13361984,13362344,15221583
X	acaaactcaacgaggtataacattccatat	8735852,10990199,10990559,10990920
X	acaaactcaacgaggtatgacattccatat	8318137,8369348,8369709,8699252,8700331,8700691,8701050,8701410,8701770,8735132,8735492,8840872,10488868,10489228,10830539,10830899,10831259,10918950,10991280,11889772,11890492,11890852,11891212,11891576,13361727,13362087,14606281
X	acaaactcaatgaggtatgacattccatat	8840512
X	acatatgtatgtatgtatgtacatacatca	11658886
X	accaaatatggaatggcatacctcgctgaa	8664510,8664510
X	actcaacgaggtataacattccatatttgg	8735856,10990203,10990563,10990924
X	actcaatgaggtatgacattccatatttgg	8840516
X	agaattcccaaacttaaatgcaaatcgatt	13361685
X	agaattcccaaacttgaatgcaaatcgatt	8699210,8699570,8699929,8700289,8700649,8701008,8701368,8701728,8702448,8735450,8840830,10489186,11889370,11889730,11890090,11890450,11890810,11891170,11891534,12124237,13362045,13693736,15221644,15222005
X	aggggtaacatcatcaaaatttgcaaaaaa	5460543,5521378,5521738,5522098,5522458,5522818,5523178,5523516,5523876,5580409,5580769,5581129,5775742,5846281,6384011,6385335,8318053,8369625,8699167,8699528,8699887,8700247,8700607,8700966,8701326,8702046,8702406,8735408,8735768,8840428,8840788,9034053,9072576,9235218,9235577,9374528,9396908,9623437,9623746,9624105,9624464,9624823,9625182,9625541,9625900,9726411,9726770,9809937,9810296,9840968,9905099,9956177,10007788,10240063,10292168,10340424,10340783,11413925,11757923,11889688,11890408,12437793,12438151,12545226,12683179,12794899,12795618,12795978,12796698,12797058,12797418,12797778,12928671,12929032,13126682,13127045,13360923,13361283,13362003,13362363,13693334,5460543,5521378,5521738,5522098,5522458,5522818,5523178,5523516,5523876,5580409,5580769,5581129,5775742,5846281,6384011,6385335,8318053,8369625,8699167,8699528,8699887,8700247,8700607,8700966,8701326,8702046,8702406,8735408,8735768,8840428,8840788,9034053,9072576,9235218,9235577,9374528,9396908,9623437,9623746,9624105,9624464,9624823,9625182,9625541,9625900,9726411,9726770,9809937,9810296,9840968,9905099,9956177,10007788,10240063,10292168,10340424,10340783,11413925,11757923,11889688,11890408,12437793,12438151,12545226,12683179,12794899,12795618,12795978,12796698,12797058,12797418,12797778,12928671,12929032,13126682,13127045,13360923,13361283,13362003,13362363,13693334
X	aggtatgacattccatatttgggtaattat	8700703,8701062,8735144,8735504,8840524,10488880,10489240,15221698
X	agtaatcgaccaaatatggaatggcatacc	8664502,8664502
X	atatggaatggcatacctcgctgaattcgt	8664515,8664874,8665233,8664515,8664874,8665233
X	atcctagaattcccaaacttaaatgcaaat	13361680
X	atcgaccaaatatggaatggcatacctcgc	8664506,8664506
X	atgaggtatgacattccatatttgggtaat	8840521
X	atggaatggcatacctcgctgaattcgtta	8664517,8664876,8665235,8664517,8664876,8665235
X	attcccaaacttgaatgcaaatcgattgga	8699213,8699573,8699932,8700292,8700652,8701011,8701371,8701731,8702091,8702451,8735453,8840473,8840833,11889373
X	atttcccatcgaactgcattcaagcctaaa	8664551,8664910,8665269,8664551,8664910,8665269
X	atttgatttggctggttagtttggttaata	8664681,8665040
X	attttcgcattttttgtaaggggtaacatc	8318035,8369607,8699510,8699869,8700229,8700589,8700948,8701308,8701668,8702028,8735390,8735750,8840410,8840770,9072558,9374510,9396890,9515616,9623419,9623728,9624087,9624446,9624805,9625164,9625523,9625882,9726393,9809919,9810278,9870373,9905081,9956159,10240045,10240404,10292150,10340406,10340765,10489126,10831157,10919568,10990097,10990457,10990818,12047094,12047451,12047808,12124177,12437775,12438133,12438493,12683507,12794881,12795600,12795960,12796680,12797040,12797400,12797760,13360905,13361265,13361625,13361985,13362345,15221584
X	attttttgtaaggggtaacatcatcaaaat	5460533,5523168,5523506,5580399,5580759,5581119,8318043,8369615,8699518,8699877,8700237,8700597,8700956,8701316,8702036,8735398,8735758,8840418,8840778,9017397,9072566,9093016,9235208,9374518,9396898,9623427,9623736,9624095,9624454,9624813,9625172,9625531,9625890,9726401,9727119,9809927,9810286,9840958,9905089,9956167,10240053,10292158,10340414,10340773,10489134,10919576,11889678,11890398,12124545,12124903,12437783,12438141,12438501,12683169,12683515,12794889,12795608,12795968,12796688,12797048,12797408,12797768,12928661,13126672,13360913,13361273,13361993,13362353,5460533,5523168,5523506,5580399,5580759,5581119,8318043,8369615,8699518,8699877,8700237,8700597,8700956,8701316,8702036,8735398,8735758,8840418,8840778,9017397,9072566,9093016,9235208,9374518,9396898,9623427,9623736,9624095,9624454,9624813,9625172,9625531,9625890,9726401,9727119,9809927,9810286,9840958,9905089,9956167,10240053,10292158,10340414,10340773,10489134,10919576,11889678,11890398,12124545,12124903,12437783,12438141,12438501,12683169,12683515,12794889,12795608,12795968,12796688,12797048,12797408,12797768,12928661,13126672,13360913,13361273,13361993,13362353
X	caaactcaacgaggtataacattccatatt	8735853,10990200,10990560,10990921
X	caaactcaacgaggtatgacattccatatt	8318138,8369349,8369710,8699253,8700332,8700692,8701051,8701411,8701771,8735133,8735493,8840873,10488869,10489229,10830540,10918951,10991281,11889773,11890493,11890853,11891213,11891577,13361728,13362088,14606282
X	caaactcaatgaggtatgacattccatatt	8840513
X	caaacttgaatgcaaatcgattggaattta	8699218,8699578,8699937,8700297,8700657,8701016,8701376,8701736,8702096,8702456,8735458,8840478,8840838,11889378
X	caaatatggaatggcatacctcgctgaatt	8664512,8664871,8665230,8664512,8664871,8665230
X	caaatcgattggaatttaaataacaagctc	11989630,11989630
X	caatgaggtatgacattccatatttgggta	8840519
X	cattttttgtaaggggtaacatcatcaaaa	5460532,5523167,5523505,5580398,5580758,5581118,8318042,8369614,8699517,8699876,8700236,8700596,8700955,8701315,8702035,8735397,8735757,8840417,8840777,9017396,9072565,9093015,9235207,9374517,9396897,9623426,9623735,9624094,9624453,9624812,9625171,9625530,9625889,9726400,9727118,9809926,9810285,9840957,9905088,9956166,10008136,10240052,10292157,10340413,10340772,10489133,10919575,11889677,11890397,12124544,12124902,12437782,12438140,12438500,12683514,12794888,12795607,12795967,12796687,12797047,12797407,12797767,12928660,13126671,13360912,13361272,13361992,13362352,5460532,5523167,5523505,5580398,5580758,5581118,8318042,8369614,8699517,8699876,8700236,8700596,8700955,8701315,8702035,8735397,8735757,8840417,8840777,9017396,9072565,9093015,9235207,9374517,9396897,9623426,9623735,9624094,9624453,9624812,9625171,9625530,9625889,9726400,9727118,9809926,9810285,9840957,9905088,9956166,10008136,10240052,10292157,10340413,10340772,10489133,10919575,11889677,11890397,12124544,12124902,12437782,12438140,12438500,12683514,12794888,12795607,12795967,12796687,12797047,12797407,12797767,12928660,13126671,13360912,13361272,13361992,13362352
X	ccaaacttgaatgcaaatcgattggaattt	8699217,8699577,8699936,8700296,8700656,8701015,8701375,8701735,8702095,8702455,8735457,8840477,8840837,11889377
X	ccaaatatggaatggcatacctcgctgaat	8664511,8664870,8665229,8664511,8664870,8665229
X	cccaaacttgaatgcaaatcgattggaatt	8699216,8699576,8699935,8700295,8700655,8701014,8701374,8701734,8702094,8702454,8735456,8840476,8840836,11889376
X	cctagaattcccaaacttaaatgcaaatcg	13361682
X	cgaccaaatatggaatggcatacctcgctg	8664508,8664508
X	cgcattttttgtaaggggtaacatcatcaa	5460530,5523165,5523503,5580396,5580756,5581116,8318040,8369612,8699515,8699874,8700234,8700594,8700953,8701313,8702033,8735395,8735755,8840415,8840775,9072563,9374515,9396895,9623424,9623733,9624092,9624451,9624810,9625169,9625528,9625887,9726398,9809924,9810283,9905086,9956164,10240050,10292155,10340411,10340770,10489131,10919573,12437780,12438138,12438498,12683512,12794886,12795605,12795965,12796685,12797045,12797405,12797765,12928658,13360910,13361270,13361990,13362350
X	ctagaattcccaaacttaaatgcaaatcga	13361683
X	ctcaatgaggtatgacattccatatttggg	8840517
X	ctggttctggttctggttctggttctggat	21514282
X	cttagaattcccaaacttgaatgcaaatcg	8702445
X	gaatggcatacctcgctgaattcgttacaa	8664520,8664879,8665238,8664520,8664879,8665238
X	gaattcccaaacttgaatgcaaatcgattg	8699211,8699571,8699930,8700290,8700650,8701009,8701369,8701729,8702089,8702449,8735451,8840831,10489187,11889371,11889731,11890091,11890451,11890811,11891171,11891535,12124238,13362046,13693737,15221645,15222006
X	gaccaaatatggaatggcatacctcgctga	8664509,8664509
X	gaggtatgacattccatatttgggtaatta	8700702,8701061,8735143,8735503,8840523,10488879,10489239,15221697
X	gcattttttgtaaggggtaacatcatcaaa	5460531,5523166,5523504,5580397,5580757,5581117,8318041,8369613,8699516,8699875,8700235,8700595,8700954,8701314,8702034,8735396,8735756,8840416,8840776,9017395,9072564,9235206,9374516,9396896,9623425,9623734,9624093,9624452,9624811,9625170,9625529,9625888,9726399,9727117,9809925,9810284,9840956,9905087,9956165,10008135,10240051,10292156,10340412,10340771,10489132,10919574,12124901,12437781,12438139,12438499,12683513,12794887,12795606,12795966,12796686,12797046,12797406,12797766,12928659,13126670,13360911,13361271,13361991,13362351
X	ggaatggcatacctcgctgaattcgttaca	8664519,8664878,8665237,8664519,8664878,8665237
X	ggggtaacatcatcaaaatttgcaaaaaat	5460544,5521379,5521739,5522099,5522459,5522819,5523179,5523517,5523877,5580410,5580770,5581130,5775743,5846282,6384012,6385336,8318054,8369626,8699529,8699888,8700248,8700608,8700967,8701327,8702047,8702407,8735409,8735769,8840429,8840789,9034054,9235219,9235578,9374529,9396909,9623438,9623747,9624106,9624465,9624824,9625183,9625542,9625901,9726412,9726771,9809938,9810297,9840969,9905100,9956178,10007789,10240064,10292169,10340425,10340784,11413926,11757924,12437794,12438152,12545227,12683180,12794900,12795619,12795979,12796699,12797059,12797419,12797779,12928672,12929033,13127046,13360924,13361284,13362004,13362364,13693335,5460544,5521379,5521739,5522099,5522459,5522819,5523179,5523517,5523877,5580410,5580770,5581130,5775743,5846282,6384012,6385336,8318054,8369626,8699529,8699888,8700248,8700608,8700967,8701327,8702047,8702407,8735409,8735769,8840429,8840789,9034054,9235219,9235578,9374529,9396909,9623438,9623747,9624106,9624465,9624824,9625183,9625542,9625901,9726412,9726771,9809938,9810297,9840969,9905100,9956178,10007789,10240064,10292169,10340425,10340784,11413926,11757924,12437794,12438152,12545227,12683180,12794900,12795619,12795979,12796699,12797059,12797419,12797779,12928672,12929033,13127046,13360924,13361284,13362004,13362364,13693335
X	gtaaggggtaacatcatcaaaatttgcaaa	5460540,5521375,5521735,5522095,5522455,5522815,5523175,5523513,5523873,5580406,5580766,5581126,5663848,5775739,5846278,8318050,8369622,8699164,8699525,8699884,8700244,8700604,8700963,8701323,8702043,8702403,8735405,8735765,8840425,8840785,9034050,9072573,9235215,9235574,9374525,9396905,9623434,9623743,9624102,9624461,9624820,9625179,9625538,9625897,9726408,9726767,9809934,9810293,9840965,9905096,9956174,10007785,10240060,10292165,10340421,10340780,11413922,11757920,11889685,11890405,12437790,12438148,12545223,12683176,12794896,12795615,12795975,12796695,12797055,12797415,12797775,12928668,12929029,13126679,13127042,13360920,13361280,13362000,13362360,13693331,5460540,5521375,5521735,5522095,5522455,5522815,5523175,5523513,5523873,5580406,5580766,5581126,5663848,5775739,5846278,8318050,8369622,8699164,8699525,8699884,8700244,8700604,8700963,8701323,8702043,8702403,8735405,8735765,8840425,8840785,9034050,9072573,9235215,9235574,9374525,9396905,9623434,9623743,9624102,9624461,9624820,9625179,9625538,9625897,9726408,9726767,9809934,9810293,9840965,9905096,9956174,10007785,10240060,10292165,10340421,10340780,11413922,11757920,11889685,11890405,12437790,12438148,12545223,12683176,12794896,12795615,12795975,12796695,12797055,12797415,12797775,12928668,12929029,13126679,13127042,13360920,13361280,13362000,13362360,13693331
X	gtaatcgaccaaatatggaatggcatacct	8664503,8664503
X	taaggggtaacatcatcaaaatttgcaaaa	5460541,5521376,5521736,5522096,5522456,5522816,5523176,5523514,5523874,5580407,5580767,5581127,5663849,5775740,5846279,6384009,6385333,8318051,8369623,8699165,8699526,8699885,8700245,8700605,8700964,8701324,8702044,8702404,8735406,8735766,8840426,8840786,9034051,9072574,9235216,9235575,9374526,9396906,9623435,9623744,9624103,9624462,9624821,9625180,9625539,9625898,9726409,9726768,9809935,9810294,9840966,9905097,9956175,10007786,10240061,10292166,10340422,10340781,11413923,11757921,11889686,11890406,12437791,12438149,12545224,12683177,12794897,12795616,12795976,12796696,12797056,12797416,12797776,12928669,12929030,13126680,13127043,13360921,13361281,13362001,13362361,13693332,5460541,5521376,5521736,5522096,5522456,5522816,5523176,5523514,5523874,5580407,5580767,5581127,5663849,5775740,5846279,6384009,6385333,8318051,8369623,8699165,8699526,8699885,8700245,8700605,8700964,8701324,8702044,8702404,8735406,8735766,8840426,8840786,9034051,9072574,9235216,9235575,9374526,9396906,9623435,9623744,9624103,9624462,9624821,9625180,9625539,9625898,9726409,9726768,9809935,9810294,9840966,9905097,9956175,10007786,10240061,10292166,10340422,10340781,11413923,11757921,11889686,11890406,12437791,12438149,12545224,12683177,12794897,12795616,12795976,12796696,12797056,12797416,12797776,12928669,12929030,13126680,13127043,13360921,13361281,13362001,13362361,13693332
X	taatcgaccaaatatggaatggcatacctc	8664504,8664504
X	tagaattcccaaacttaaatgcaaatcgat	13361684
X	tagaattcccaaacttgaatgcaaatcgat	8699209,8699569,8699928,8700288,8700648,8701007,8701367,8701727,8702447,8735449,8840829,10489185,11889369,11889729,11890089,11890449,11890809,11891169,11891533,12124236,13362044,13693735,15221643,15222004
X	tatggaatggcatacctcgctgaattcgtt	8664516,8664875,8665234,8664516,8664875,8665234
X	tcaatgaggtatgacattccatatttgggt	8840518
X	tcccaaacttgaatgcaaatcgattggaat	8699215,8699575,8699934,8700294,8700654,8701013,8701373,8701733,8702093,8702453,8735455,8840475,8840835,11889375
X	tcctagaattcccaaacttaaatgcaaatc	13361681
X	tcgaccaaatatggaatggcatacctcgct	8664507,8664507
X	tcgcattttttgtaaggggtaacatcatca	5460529,5523164,5523502,5580395,5580755,5581115,8318039,8369611,8699514,8699873,8700233,8700593,8700952,8701312,8702032,8735394,8735754,8840414,8840774,9072562,9374514,9396894,9623423,9623732,9624091,9624450,9624809,9625168,9625527,9625886,9726397,9809923,9810282,9905085,9956163,10240049,10292154,10340410,10340769,10489130,10919572,12437779,12438137,12438497,12683511,12794885,12795604,12795964,12796684,12797044,12797404,12797764,12928657,13360909,13361269,13361989,13362349
X	tctggttctggttctggttctggttctgga	21514281
X	tcttagaattcccaaacttgaatgcaaatc	8702444
X	tgaggtatgacattccatatttgggtaatt	8840522
X	tggaatggcatacctcgctgaattcgttac	8664518,8664877,8665236,8664518,8664877,8665236
X	tgtaaggggtaacatcatcaaaatttgcaa	5460539,5523174,5523512,5580405,5580765,5581125,8318049,8369621,8699163,8699524,8699883,8700243,8700603,8700962,8701322,8702042,8702402,8735404,8735764,8840424,8840784,9034049,9072572,9235214,9235573,9374524,9396904,9623433,9623742,9624101,9624460,9624819,9625178,9625537,9625896,9726407,9726766,9809933,9810292,9840964,9905095,9956173,10007784,10240059,10292164,10340420,10340779,11889684,11890404,12437789,12438147,12545222,12683175,12794895,12795614,12795974,12796694,12797054,12797414,12797774,12928667,12929028,13126678,13127041,13360919,13361279,13361999,13362359,13693330,5460539,5523174,5523512,5580405,5580765,5581125,8318049,8369621,8699163,8699524,8699883,8700243,8700603,8700962,8701322,8702042,8702402,8735404,8735764,8840424,8840784,9034049,9072572,9235214,9235573,9374524,9396904,9623433,9623742,9624101,9624460,9624819,9625178,9625537,9625896,9726407,9726766,9809933,9810292,9840964,9905095,9956173,10007784,10240059,10292164,10340420,10340779,11889684,11890404,12437789,12438147,12545222,12683175,12794895,12795614,12795974,12796694,12797054,12797414,12797774,12928667,12929028,13126678,13127041,13360919,13361279,13361999,13362359,13693330
X	ttagaattcccaaacttgaatgcaaatcga	8702446
X	ttcccaaacttgaatgcaaatcgattggaa	8699214,8699574,8699933,8700293,8700653,8701012,8701372,8701732,8702092,8702452,8735454,8840474,8840834,11889374
X	ttcgcattttttgtaaggggtaacatcatc	5460528,5523163,5523501,5580394,5580754,5581114,8318038,8369610,8699513,8699872,8700232,8700592,8700951,8701311,8702031,8735393,8735753,8840413,8840773,9072561,9374513,9396893,9623422,9623731,9624090,9624449,9624808,9625167,9625526,9625885,9726396,9809922,9810281,9905084,9956162,10240048,10292153,10340409,10340768,10489129,10919571,12437778,12438136,12438496,12683510,12794884,12795603,12795963,12796683,12797043,12797403,12797763,12928656,13360908,13361268,13361988,13362348
X	ttgtaaggggtaacatcatcaaaatttgca	5460538,5523173,5523511,5580404,5580764,5581124,8318048,8369620,8699523,8699882,8700242,8700602,8700961,8701321,8702041,8735403,8735763,8840423,8840783,9034048,9072571,9235213,9235572,9374523,9396903,9623432,9623741,9624100,9624459,9624818,9625177,9625536,9625895,9726406,9726765,9809932,9810291,9840963,9905094,9956172,10007783,10240058,10292163,10340419,10340778,11889683,11890403,12124550,12437788,12438146,12545221,12683174,12794894,12795613,12795973,12796693,12797053,12797413,12797773,12928666,12929027,13126677,13127040,13360918,13361278,13361998,13362358
X	ttgtgctcctaattaccaatactaaccatc	8267158,8369533
X	tttcgcattttttgtaaggggtaacatcat	5460527,5523162,5523500,5580393,5580753,5581113,8318037,8369609,8699512,8699871,8700231,8700591,8700950,8701310,8701670,8702030,8735392,8735752,8840412,8840772,9072560,9374512,9396892,9623421,9623730,9624089,9624448,9624807,9625166,9625525,9625884,9726395,9809921,9810280,9905083,9956161,10240047,10292152,10340408,10340767,10489128,10831159,10919570,10990099,10990459,10990820,12047096,12047453,12047810,12124179,12437777,12438135,12438495,12683509,12794883,12795602,12795962,12796682,12797042,12797402,12797762,12928655,13360907,13361267,13361627,13361987,13362347,15221586
X	tttgtaaggggtaacatcatcaaaatttgc	5460537,5523172,5523510,5580403,5580763,5581123,8318047,8369619,8699522,8699881,8700241,8700601,8700960,8701320,8702040,8735402,8735762,8840422,8840782,9034047,9072570,9235212,9374522,9396902,9623431,9623740,9624099,9624458,9624817,9625176,9625535,9625894,9726405,9726764,9809931,9810290,9840962,9905093,9956171,10007782,10240057,10292162,10340418,10340777,10489138,10919580,11889682,11890402,12124549,12437787,12438145,12545220,12683173,12794893,12795612,12795972,12796692,12797052,12797412,12797772,12928665,12929026,13126676,13127039,13360917,13361277,13361997,13362357,5460537,5523172,5523510,5580403,5580763,5581123,8318047,8369619,8699522,8699881,8700241,8700601,8700960,8701320,8702040,8735402,8735762,8840422,8840782,9034047,9072570,9235212,9374522,9396902,9623431,9623740,9624099,9624458,9624817,9625176,9625535,9625894,9726405,9726764,9809931,9810290,9840962,9905093,9956171,10007782,10240057,10292162,10340418,10340777,10489138,10919580,11889682,11890402,12124549,12437787,12438145,12545220,12683173,12794893,12795612,12795972,12796692,12797052,12797412,12797772,12928665,12929026,13126676,13127039,13360917,13361277,13361997,13362357
X	tttgtgctcctaattaccaatactaaccat	8267157,8369532
X	ttttcgcattttttgtaaggggtaacatca	5460526,5523161,5523499,5580392,5580752,5581112,8318036,8369608,8699511,8699870,8700230,8700590,8700949,8701309,8701669,8702029,8735391,8735751,8840411,8840771,9072559,9374511,9396891,9623420,9623729,9624088,9624447,9624806,9625165,9625524,9625883,9726394,9809920,9810279,9905082,9956160,10240046,10292151,10340407,10340766,10489127,10831158,10919569,10990098,10990458,10990819,12047095,12047452,12047809,12124178,12437776,12438134,12438494,12683508,12794882,12795601,12795961,12796681,12797041,12797401,12797761,12928654,13360906,13361266,13361626,13361986,13362346,15221585
X	ttttgtaaggggtaacatcatcaaaatttg	5460536,5523171,5523509,5580402,5580762,5581122,8318046,8369618,8699521,8699880,8700240,8700600,8700959,8701319,8702039,8735401,8735761,8840421,8840781,9034046,9072569,9235211,9374521,9396901,9623430,9623739,9624098,9624457,9624816,9625175,9625534,9625893,9726404,9726763,9809930,9810289,9840961,9905092,9956170,10007781,10240056,10292161,10340417,10340776,10489137,10919579,11889681,11890401,12124548,12437786,12438144,12545219,12683172,12683518,12794892,12795611,12795971,12796691,12797051,12797411,12797771,12928664,12929025,13126675,13127038,13360916,13361276,13361996,13362356,5460536,5523171,5523509,5580402,5580762,5581122,8318046,8369618,8699521,8699880,8700240,8700600,8700959,8701319,8702039,8735401,8735761,8840421,8840781,9034046,9072569,9235211,9374521,9396901,9623430,9623739,9624098,9624457,9624816,9625175,9625534,9625893,9726404,9726763,9809930,9810289,9840961,9905092,9956170,10007781,10240056,10292161,10340417,10340776,10489137,10919579,11889681,11890401,12124548,12437786,12438144,12545219,12683172,12683518,12794892,12795611,12795971,12796691,12797051,12797411,12797771,12928664,12929025,13126675,13127038,13360916,13361276,13361996,13362356
X	tttttgtaaggggtaacatcatcaaaattt	5460535,5523170,5523508,5580401,5580761,5581121,8318045,8369617,8699520,8699879,8700239,8700599,8700958,8701318,8702038,8735400,8735760,8840420,8840780,9034045,9072568,9093018,9235210,9374520,9396900,9623429,9623738,9624097,9624456,9624815,9625174,9625533,9625892,9726403,9726762,9727121,9809929,9810288,9840960,9905091,9956169,10007780,10240055,10292160,10340416,10340775,10489136,10919578,11889680,11890400,12124547,12437785,12438143,12545218,12683171,12683517,12794891,12795610,12795970,12796690,12797050,12797410,12797770,12928663,12929024,13126674,13127037,13360915,13361275,13361995,13362355,5460535,5523170,5523508,5580401,5580761,5581121,8318045,8369617,8699520,8699879,8700239,8700599,8700958,8701318,8702038,8735400,8735760,8840420,8840780,9034045,9072568,9093018,9235210,9374520,9396900,9623429,9623738,9624097,9624456,9624815,9625174,9625533,9625892,9726403,9726762,9727121,9809929,9810288,9840960,9905091,9956169,10007780,10240055,10292160,10340416,10340775,10489136,10919578,11889680,11890400,12124547,12437785,12438143,12545218,12683171,12683517,12794891,12795610,12795970,12796690,12797050,12797410,12797770,12928663,12929024,13126674,13127037,13360915,13361275,13361995,13362355
X	ttttttgtaaggggtaacatcatcaaaatt	5460534,5523169,5523507,5580400,5580760,5581120,8318044,8369616,8699519,8699878,8700238,8700598,8700957,8701317,8702037,8735399,8735759,8840419,8840779,9017398,9034044,9072567,9093017,9235209,9374519,9396899,9623428,9623737,9624096,9624455,9624814,9625173,9625532,9625891,9726402,9726761,9727120,9809928,9810287,9840959,9905090,9956168,10240054,10292159,10340415,10340774,10489135,10919577,11889679,11890399,12124546,12124904,12437784,12438142,12545217,12683170,12683516,12794890,12795609,12795969,12796689,12797049,12797409,12797769,12928662,12929023,13126673,13127036,13360914,13361274,13361994,13362354,5460534,5523169,5523507,5580400,5580760,5581120,8318044,8369616,8699519,8699878,8700238,8700598,8700957,8701317,8702037,8735399,8735759,8840419,8840779,9017398,9034044,9072567,9093017,9235209,9374519,9396899,9623428,9623737,9624096,9624455,9624814,9625173,9625532,9625891,9726402,9726761,9727120,9809928,9810287,9840959,9905090,9956168,10240054,10292159,10340415,10340774,10489135,10919577,11889679,11890399,12124546,12124904,12437784,12438142,12545217,12683170,12683516,12794890,12795609,12795969,12796689,12797049,12797409,12797769,12928662,12929023,13126673,13127036,13360914,13361274,13361994,13362354
