X	aaacagttattcttacatctatatgagcat	6206934,9204108,9313871,9557061,9711164,9880922,9919880,10103000,10120985,10262022,10262381
X	aaactgttattcttacatctatatgagcat	9461731
X	aaattaaatttccaatcaaactgtgttcaa	9556885,9711347,9556885,9711347,9556885,9711347
X	aaattttgatgatgttaccccttacaaaaa	1812491,5490220,5490946,5502797,5712270,5979624,6207180,6351225,6351587,8531032,8577615,8750584,8750944,8751304,8751664,8752024,8752384,8827648,8909061,9005814,9137759,9138121,9138482,9138843,9203995,9204354,9296852,9313758,9534694,9556948,9597539,9597898,9711051,9772399,9880809,9881166,9920127,9941761,9971586,9984039,10048829,10049190,10103247,10120513,10120872,10261909,10262268,10262627,10439239,11230716,11231078,12093310,12093658,12187888,12189328,12493997,12833095,13056717,13057077,13113221,13113581,13113941,13195034,13423524,14914995,15597862,17348115,1812491,5490220,5490946,5502797,5712270,5979624,6207180,6351225,6351587,8531032,8577615,8750584,8750944,8751304,8751664,8752024,8752384,8827648,8909061,9005814,9137759,9138121,9138482,9138843,9203995,9204354,9296852,9313758,9534694,9556948,9597539,9597898,9711051,9772399,9880809,9881166,9920127,9941761,9971586,9984039,10048829,10049190,10103247,10120513,10120872,10261909,10262268,10262627,10439239,11230716,11231078,12093310,12093658,12187888,12189328,12493997,12833095,13056717,13057077,13113221,13113581,13113941,13195034,13423524,14914995,15597862,17348115,1812491,5490220,5490946,5502797,5712270,5979624,6207180,6351225,6351587,8531032,8577615,8750584,8750944,8751304,8751664,8752024,8752384,8827648,8909061,9005814,9137759,9138121,9138482,9138843,9203995,9204354,9296852,9313758,9534694,9556948,9597539,9597898,9711051,9772399,9880809,9881166,9920127,9941761,9971586,9984039,10048829,10049190,10103247,10120513,10120872,10261909,10262268,10262627,10439239,11230716,11231078,12093310,12093658,12187888,12189328,12493997,12833095,13056717,13057077,13113221,13113581,13113941,13195034,13423524,14914995,15597862,17348115,1812491,5490220,5490946,5502797,5712270,5979624,6207180,6351225,6351587,8531032,8577615,8750584,8750944,8751304,8751664,8752024,8752384,8827648,8909061,9005814,9137759,9138121,9138482,9138843,9203995,9204354,9296852,9313758,9534694,9556948,9597539,9597898,9711051,9772399,9880809,9881166,9920127,9941761,9971586,9984039,10048829,10049190,10103247,10120513,10120872,10261909,10262268,10262627,10439239,11230716,11231078,12093310,12093658,12187888,12189328,12493997,12833095,13056717,13057077,13113221,13113581,13113941,13195034,13423524,14914995,15597862,17348115,1812491,5490220,5490946,5502797,5712270,5979624,6207180,6351225,6351587,8531032,8577615,8750584,8750944,8751304,8751664,8752024,8752384,8827648,8909061,9005814,9137759,9138121,9138482,9138843,9203995,9204354,9296852,9313758,9534694,9556948,9597539,9597898,9711051,9772399,9880809,9881166,9920127,9941761,9971586,9984039,10048829,10049190,10103247,10120513,10120872,10261909,10262268,10262627,10439239,11230716,11231078,12093310,12093658,12187888,12189328,12493997,12833095,13056717,13057077,13113221,13113581,13113941,13195034,13423524,14914995,15597862,17348115,1812491,5490220,5490946,5502797,5712270,5979624,6207180,6351225,6351587,8531032,8577615,8750584,8750944,8751304,8751664,8752024,8752384,8827648,8909061,9005814,9137759,9138121,9138482,9138843,9203995,9204354,9296852,9313758,9534694,9556948,9597539,9597898,9711051,9772399,9880809,9881166,9920127,9941761,9971586,9984039,10048829,10049190,10103247,10120513,10120872,10261909,10262268,10262627,10439239,11230716,11231078,12093310,12093658,12187888,12189328,12493997,12833095,13056717,13057077,13113221,13113581,13113941,13195034,13423524,14914995,15597862,17348115,1812491,5490220,5490946,5502797,5712270,5979624,6207180,6351225,6351587,8531032,8577615,8750584,8750944,8751304,8751664,8752024,8752384,8827648,8909061,9005814,9137759,9138121,9138482,9138843,9203995,9204354,9296852,9313758,9534694,9556948,9597539,9597898,9711051,9772399,9880809,9881166,9920127,9941761,9971586,9984039,10048829,10049190,10103247,10120513,10120872,10261909,10262268,10262627,10439239,11230716,11231078,12093310,12093658,12187888,12189328,12493997,12833095,13056717,13057077,13113221,13113581,13113941,13195034,13423524,14914995,15597862,17348115,1812491,5490220,5490946,5502797,5712270,5979624,6207180,6351225,6351587,8531032,8577615,8750584,8750944,8751304,8751664,8752024,8752384,8827648,8909061,9005814,9137759,9138121,9138482,9138843,9203995,9204354,9296852,9313758,9534694,9556948,9597539,9597898,9711051,9772399,9880809,9881166,9920127,9941761,9971586,9984039,10048829,10049190,10103247,10120513,10120872,10261909,10262268,10262627,10439239,11230716,11231078,12093310,12093658,12187888,12189328,12493997,12833095,13056717,13057077,13113221,13113581,13113941,13195034,13423524,14914995,15597862,17348115
X	aacagttattcttacatctatatgagcatt	6206935,9204109,9313872,9557062,9711165,9880923,9919881,10103001,10120986,10262023,10262382
X	aactgttattcttacatctatatgagcatt	9461732
X	aatagcctgaatatggaatgttatacctcg	9597796,9597796,9597796,9597796,9597796,9597796,9597796
X	aatatggaatgtcatacctcgttgagctcg	5817902,6206728,6418203,6715328,8908968,9203902,9204261,9296759,9461526,9461884,9534960,9556855,9557214,10302682,12493546,12524733,14884216
X	aattaaatttccaatcaaactgtgttcaaa	6206759,6207118,9138059,9138420,9138781,9534632,9556886,9557245,9597477,9710989,9711348,9919346,6206759,6207118,9138059,9138420,9138781,9534632,9556886,9557245,9597477,9710989,9711348,9919346,6206759,6207118,9138059,9138420,9138781,9534632,9556886,9557245,9597477,9710989,9711348,9919346
X	aattgtctgaatatggaatgtcatacctcg	5817893,6206719,9296750,9423052,9423408,9461875,9534951,9556846,9557205,10048727,10302673,17348013
X	aattttgatgatgttaccccttacaaaaaa	1812492,5490221,5490947,5502798,5712271,5979625,6207181,6351226,6351588,8531033,8577616,8750585,8750945,8751305,8751665,8752025,8752385,8827649,8909062,9005815,9137760,9138122,9138483,9138844,9203996,9204355,9296853,9313759,9534695,9556949,9597540,9597899,9711052,9772400,9880810,9881167,9920128,9941762,9971587,10048830,10049191,10103248,10120514,10120873,10261910,10262269,10439240,11230717,11231079,12093311,12093659,12187889,12188969,12189329,12493998,12833096,13056718,13057078,13113222,13113582,13113942,13195035,13423525,14914996,15597863,17348116,1812492,5490221,5490947,5502798,5712271,5979625,6207181,6351226,6351588,8531033,8577616,8750585,8750945,8751305,8751665,8752025,8752385,8827649,8909062,9005815,9137760,9138122,9138483,9138844,9203996,9204355,9296853,9313759,9534695,9556949,9597540,9597899,9711052,9772400,9880810,9881167,9920128,9941762,9971587,10048830,10049191,10103248,10120514,10120873,10261910,10262269,10439240,11230717,11231079,12093311,12093659,12187889,12188969,12189329,12493998,12833096,13056718,13057078,13113222,13113582,13113942,13195035,13423525,14914996,15597863,17348116,1812492,5490221,5490947,5502798,5712271,5979625,6207181,6351226,6351588,8531033,8577616,8750585,8750945,8751305,8751665,8752025,8752385,8827649,8909062,9005815,9137760,9138122,9138483,9138844,9203996,9204355,9296853,9313759,9534695,9556949,9597540,9597899,9711052,9772400,9880810,9881167,9920128,9941762,9971587,10048830,10049191,10103248,10120514,10120873,10261910,10262269,10439240,11230717,11231079,12093311,12093659,12187889,12188969,12189329,12493998,12833096,13056718,13057078,13113222,13113582,13113942,13195035,13423525,14914996,15597863,17348116,1812492,5490221,5490947,5502798,5712271,5979625,6207181,6351226,6351588,8531033,8577616,8750585,8750945,8751305,8751665,8752025,8752385,8827649,8909062,9005815,9137760,9138122,9138483,9138844,9203996,9204355,9296853,9313759,9534695,9556949,9597540,9597899,9711052,9772400,9880810,9881167,9920128,9941762,9971587,10048830,10049191,10103248,10120514,10120873,10261910,10262269,10439240,11230717,11231079,12093311,12093659,12187889,12188969,12189329,12493998,12833096,13056718,13057078,13113222,13113582,13113942,13195035,13423525,14914996,15597863,17348116,1812492,5490221,5490947,5502798,5712271,5979625,6207181,6351226,6351588,8531033,8577616,8750585,8750945,8751305,8751665,8752025,8752385,8827649,8909062,9005815,9137760,9138122,9138483,9138844,9203996,9204355,9296853,9313759,9534695,9556949,9597540,9597899,9711052,9772400,9880810,9881167,9920128,9941762,9971587,10048830,10049191,10103248,10120514,10120873,10261910,10262269,10439240,11230717,11231079,12093311,12093659,12187889,12188969,12189329,12493998,12833096,13056718,13057078,13113222,13113582,13113942,13195035,13423525,14914996,15597863,17348116,1812492,5490221,5490947,5502798,5712271,5979625,6207181,6351226,6351588,8531033,8577616,8750585,8750945,8751305,8751665,8752025,8752385,8827649,8909062,9005815,9137760,9138122,9138483,9138844,9203996,9204355,9296853,9313759,9534695,9556949,9597540,9597899,9711052,9772400,9880810,9881167,9920128,9941762,9971587,10048830,10049191,10103248,10120514,10120873,10261910,10262269,10439240,11230717,11231079,12093311,12093659,12187889,12188969,12189329,12493998,12833096,13056718,13057078,13113222,13113582,13113942,13195035,13423525,14914996,15597863,17348116,1812492,5490221,5490947,5502798,5712271,5979625,6207181,6351226,6351588,8531033,8577616,8750585,8750945,8751305,8751665,8752025,8752385,8827649,8909062,9005815,9137760,9138122,9138483,9138844,9203996,9204355,9296853,9313759,9534695,9556949,9597540,9597899,9711052,9772400,9880810,9881167,9920128,9941762,9971587,10048830,10049191,10103248,10120514,10120873,10261910,10262269,10439240,11230717,11231079,12093311,12093659,12187889,12188969,12189329,12493998,12833096,13056718,13057078,13113222,13113582,13113942,13195035,13423525,14914996,15597863,17348116,1812492,5490221,5490947,5502798,5712271,5979625,6207181,6351226,6351588,8531033,8577616,8750585,8750945,8751305,8751665,8752025,8752385,8827649,8909062,9005815,9137760,9138122,9138483,9138844,9203996,9204355,9296853,9313759,9534695,9556949,9597540,9597899,9711052,9772400,9880810,9881167,9920128,9941762,9971587,10048830,10049191,10103248,10120514,10120873,10261910,10262269,10439240,11230717,11231079,12093311,12093659,12187889,12188969,12189329,12493998,12833096,13056718,13057078,13113222,13113582,13113942,13195035,13423525,14914996,15597863,17348116
X	acagttattcttacatctatatgagcattt	6206936,9204110,9313873,9557063,9711166,9880924,9919882,10103002,10120987,10262024,10262383
X	acatacatatgtatgtacatatgtacatat	19883317
X	acctcgttgagctcgaaattaaatttccaa	9556870,9711332,9556870,9711332,9556870,9711332
X	actgttattcttacatctatatgagcattt	9461733
X	agctcgaaattaaatttccaatcaaactgt	9556879,9711341,9556879,9711341,9556879,9711341
X	ataattgtctgaatatggaatgtcatacct	5817891,6206717,9296748,9423050,9423406,9461873,9534949,9556844,9557203,10048725,10302671,17348011
X	atacatacatatgtatgtacatatgtacat	19883315
X	atacctcgttgagctcgaaattaaatttcc	9556868,9711330,9556868,9711330,9556868,9711330
X	atagcctgaatatggaatgttatacctcgt	9597797,9597797,9597797,9597797,9597797,9597797,9597797
X	atatggaatgtcatacctcgttgagctcgt	5817903,6418204,6715329,8908969,9203903,9204262,9296760,9461527,9461885,9534961,9557215,10302683,12493547,12524734,14884217
X	atgatgttaccccttacaaaaaatgcgaaa	2769025,2769384,5490228,5490954,5502805,5712278,6207188,6351233,8577623,8750592,8750952,8751312,8751672,8752032,8752392,8827656,8909069,8909428,9005461,9005822,9137767,9138129,9138490,9138851,9204003,9204362,9296860,9313766,9534702,9556956,9597547,9597906,9711059,9772407,9920135,10048837,10120880,10261917,10262276,10302424,10439247,11040671,11041031,11230724,11231086,12093318,12187896,12188976,12189336,12371197,12371557,12371917,12524834,12833103,13057085,13113949,13195042,13474554,2769025,2769384,5490228,5490954,5502805,5712278,6207188,6351233,8577623,8750592,8750952,8751312,8751672,8752032,8752392,8827656,8909069,8909428,9005461,9005822,9137767,9138129,9138490,9138851,9204003,9204362,9296860,9313766,9534702,9556956,9597547,9597906,9711059,9772407,9920135,10048837,10120880,10261917,10262276,10302424,10439247,11040671,11041031,11230724,11231086,12093318,12187896,12188976,12189336,12371197,12371557,12371917,12524834,12833103,13057085,13113949,13195042,13474554,2769025,2769384,5490228,5490954,5502805,5712278,6207188,6351233,8577623,8750592,8750952,8751312,8751672,8752032,8752392,8827656,8909069,8909428,9005461,9005822,9137767,9138129,9138490,9138851,9204003,9204362,9296860,9313766,9534702,9556956,9597547,9597906,9711059,9772407,9920135,10048837,10120880,10261917,10262276,10302424,10439247,11040671,11041031,11230724,11231086,12093318,12187896,12188976,12189336,12371197,12371557,12371917,12524834,12833103,13057085,13113949,13195042,13474554,2769025,2769384,5490228,5490954,5502805,5712278,6207188,6351233,8577623,8750592,8750952,8751312,8751672,8752032,8752392,8827656,8909069,8909428,9005461,9005822,9137767,9138129,9138490,9138851,9204003,9204362,9296860,9313766,9534702,9556956,9597547,9597906,9711059,9772407,9920135,10048837,10120880,10261917,10262276,10302424,10439247,11040671,11041031,11230724,11231086,12093318,12187896,12188976,12189336,12371197,12371557,12371917,12524834,12833103,13057085,13113949,13195042,13474554,2769025,2769384,5490228,5490954,5502805,5712278,6207188,6351233,8577623,8750592,8750952,8751312,8751672,8752032,8752392,8827656,8909069,8909428,9005461,9005822,9137767,9138129,9138490,9138851,9204003,9204362,9296860,9313766,9534702,9556956,9597547,9597906,9711059,9772407,9920135,10048837,10120880,10261917,10262276,10302424,10439247,11040671,11041031,11230724,11231086,12093318,12187896,12188976,12189336,12371197,12371557,12371917,12524834,12833103,13057085,13113949,13195042,13474554,2769025,2769384,5490228,5490954,5502805,5712278,6207188,6351233,8577623,8750592,8750952,8751312,8751672,8752032,8752392,8827656,8909069,8909428,9005461,9005822,9137767,9138129,9138490,9138851,9204003,9204362,9296860,9313766,9534702,9556956,9597547,9597906,9711059,9772407,9920135,10048837,10120880,10261917,10262276,10302424,10439247,11040671,11041031,11230724,11231086,12093318,12187896,12188976,12189336,12371197,12371557,12371917,12524834,12833103,13057085,13113949,13195042,13474554,2769025,2769384,5490228,5490954,5502805,5712278,6207188,6351233,8577623,8750592,8750952,8751312,8751672,8752032,8752392,8827656,8909069,8909428,9005461,9005822,9137767,9138129,9138490,9138851,9204003,9204362,9296860,9313766,9534702,9556956,9597547,9597906,9711059,9772407,9920135,10048837,10120880,10261917,10262276,10302424,10439247,11040671,11041031,11230724,11231086,12093318,12187896,12188976,12189336,12371197,12371557,12371917,12524834,12833103,13057085,13113949,13195042,13474554,2769025,2769384,5490228,5490954,5502805,5712278,6207188,6351233,8577623,8750592,8750952,8751312,8751672,8752032,8752392,8827656,8909069,8909428,9005461,9005822,9137767,9138129,9138490,9138851,9204003,9204362,9296860,9313766,9534702,9556956,9597547,9597906,9711059,9772407,9920135,10048837,10120880,10261917,10262276,10302424,10439247,11040671,11041031,11230724,11231086,12093318,12187896,12188976,12189336,12371197,12371557,12371917,12524834,12833103,13057085,13113949,13195042,13474554
X	atgcccatgcccatgcccattcccattccc	3805840
X	atggaatgtcatacctcgttgagctcgtat	5817905,6418206,6715331,10302685
X	atgttaccccttacaaaaaatgcgaaaatt	2769028,2769387,3247032,6207191,8577626,8750595,8750955,8751315,8751675,8752035,8752395,8827659,8909072,9005464,9005825,9137770,9138132,9138493,9138854,9204006,9204365,9296504,9313769,9422806,9534705,9556959,9597550,9597909,9711062,9772410,9919419,9920138,10048840,10120883,10156566,10261920,10262279,10302427,10439250,11040674,11041034,11230727,11231089,12093321,12187899,12188979,12189339,12371200,12371560,12371920,12524837,12833106,13057088,13113952,13195045,13474557,2769028,2769387,3247032,6207191,8577626,8750595,8750955,8751315,8751675,8752035,8752395,8827659,8909072,9005464,9005825,9137770,9138132,9138493,9138854,9204006,9204365,9296504,9313769,9422806,9534705,9556959,9597550,9597909,9711062,9772410,9919419,9920138,10048840,10120883,10156566,10261920,10262279,10302427,10439250,11040674,11041034,11230727,11231089,12093321,12187899,12188979,12189339,12371200,12371560,12371920,12524837,12833106,13057088,13113952,13195045,13474557,2769028,2769387,3247032,6207191,8577626,8750595,8750955,8751315,8751675,8752035,8752395,8827659,8909072,9005464,9005825,9137770,9138132,9138493,9138854,9204006,9204365,9296504,9313769,9422806,9534705,9556959,9597550,9597909,9711062,9772410,9919419,9920138,10048840,10120883,10156566,10261920,10262279,10302427,10439250,11040674,11041034,11230727,11231089,12093321,12187899,12188979,12189339,12371200,12371560,12371920,12524837,12833106,13057088,13113952,13195045,13474557,2769028,2769387,3247032,6207191,8577626,8750595,8750955,8751315,8751675,8752035,8752395,8827659,8909072,9005464,9005825,9137770,9138132,9138493,9138854,9204006,9204365,9296504,9313769,9422806,9534705,9556959,9597550,9597909,9711062,9772410,9919419,9920138,10048840,10120883,10156566,10261920,10262279,10302427,10439250,11040674,11041034,11230727,11231089,12093321,12187899,12188979,12189339,12371200,12371560,12371920,12524837,12833106,13057088,13113952,13195045,13474557,2769028,2769387,3247032,6207191,8577626,8750595,8750955,8751315,8751675,8752035,8752395,8827659,8909072,9005464,9005825,9137770,9138132,9138493,9138854,9204006,9204365,9296504,9313769,9422806,9534705,9556959,9597550,9597909,9711062,9772410,9919419,9920138,10048840,10120883,10156566,10261920,10262279,10302427,10439250,11040674,11041034,11230727,11231089,12093321,12187899,12188979,12189339,12371200,12371560,12371920,12524837,12833106,13057088,13113952,13195045,13474557,2769028,2769387,3247032,6207191,8577626,8750595,8750955,8751315,8751675,8752035,8752395,8827659,8909072,9005464,9005825,9137770,9138132,9138493,9138854,9204006,9204365,9296504,9313769,9422806,9534705,9556959,9597550,9597909,9711062,9772410,9919419,9920138,10048840,10120883,10156566,10261920,10262279,10302427,10439250,11040674,11041034,11230727,11231089,12093321,12187899,12188979,12189339,12371200,12371560,12371920,12524837,12833106,13057088,13113952,13195045,13474557,2769028,2769387,3247032,6207191,8577626,8750595,8750955,8751315,8751675,8752035,8752395,8827659,8909072,9005464,9005825,9137770,9138132,9138493,9138854,9204006,9204365,9296504,9313769,9422806,9534705,9556959,9597550,9597909,9711062,9772410,9919419,9920138,10048840,10120883,10156566,10261920,10262279,10302427,10439250,11040674,11041034,11230727,11231089,12093321,12187899,12188979,12189339,12371200,12371560,12371920,12524837,12833106,13057088,13113952,13195045,13474557,2769028,2769387,3247032,6207191,8577626,8750595,8750955,8751315,8751675,8752035,8752395,8827659,8909072,9005464,9005825,9137770,9138132,9138493,9138854,9204006,9204365,9296504,9313769,9422806,9534705,9556959,9597550,9597909,9711062,9772410,9919419,9920138,10048840,10120883,10156566,10261920,10262279,10302427,10439250,11040674,11041034,11230727,11231089,12093321,12187899,12188979,12189339,12371200,12371560,12371920,12524837,12833106,13057088,13113952,13195045,13474557
X	attgtctgaatatggaatgtcatacctcgt	5817894,6206720,9296751,9423053,9423409,9461876,9534952,9556847,9557206,10048728,10302674,17348014
X	attttgatgatgttaccccttacaaaaaat	5490222,5490948,5502799,5712272,5979626,6207182,6351227,8531034,8577617,8750586,8750946,8751306,8751666,8752026,8752386,8827650,8909063,9005816,9137761,9138123,9138484,9138845,9203997,9204356,9296854,9313760,9534696,9556950,9597541,9597900,9711053,9772401,9880811,9881168,9920129,9941763,9971588,10048831,10103249,10120515,10120874,10261911,10262270,10439241,11230718,11231080,12093312,12093660,12187890,12188970,12189330,12493999,12833097,13056719,13057079,13113223,13113583,13113943,13195036,14914997,15597864,5490222,5490948,5502799,5712272,5979626,6207182,6351227,8531034,8577617,8750586,8750946,8751306,8751666,8752026,8752386,8827650,8909063,9005816,9137761,9138123,9138484,9138845,9203997,9204356,9296854,9313760,9534696,9556950,9597541,9597900,9711053,9772401,9880811,9881168,9920129,9941763,9971588,10048831,10103249,10120515,10120874,10261911,10262270,10439241,11230718,11231080,12093312,12093660,12187890,12188970,12189330,12493999,12833097,13056719,13057079,13113223,13113583,13113943,13195036,14914997,15597864,5490222,5490948,5502799,5712272,5979626,6207182,6351227,8531034,8577617,8750586,8750946,8751306,8751666,8752026,8752386,8827650,8909063,9005816,9137761,9138123,9138484,9138845,9203997,9204356,9296854,9313760,9534696,9556950,9597541,9597900,9711053,9772401,9880811,9881168,9920129,9941763,9971588,10048831,10103249,10120515,10120874,10261911,10262270,10439241,11230718,11231080,12093312,12093660,12187890,12188970,12189330,12493999,12833097,13056719,13057079,13113223,13113583,13113943,13195036,14914997,15597864,5490222,5490948,5502799,5712272,5979626,6207182,6351227,8531034,8577617,8750586,8750946,8751306,8751666,8752026,8752386,8827650,8909063,9005816,9137761,9138123,9138484,9138845,9203997,9204356,9296854,9313760,9534696,9556950,9597541,9597900,9711053,9772401,9880811,9881168,9920129,9941763,9971588,10048831,10103249,10120515,10120874,10261911,10262270,10439241,11230718,11231080,12093312,12093660,12187890,12188970,12189330,12493999,12833097,13056719,13057079,13113223,13113583,13113943,13195036,14914997,15597864,5490222,5490948,5502799,5712272,5979626,6207182,6351227,8531034,8577617,8750586,8750946,8751306,8751666,8752026,8752386,8827650,8909063,9005816,9137761,9138123,9138484,9138845,9203997,9204356,9296854,9313760,9534696,9556950,9597541,9597900,9711053,9772401,9880811,9881168,9920129,9941763,9971588,10048831,10103249,10120515,10120874,10261911,10262270,10439241,11230718,11231080,12093312,12093660,12187890,12188970,12189330,12493999,12833097,13056719,13057079,13113223,13113583,13113943,13195036,14914997,15597864,5490222,5490948,5502799,5712272,5979626,6207182,6351227,8531034,8577617,8750586,8750946,8751306,8751666,8752026,8752386,8827650,8909063,9005816,9137761,9138123,9138484,9138845,9203997,9204356,9296854,9313760,9534696,9556950,9597541,9597900,9711053,9772401,9880811,9881168,9920129,9941763,9971588,10048831,10103249,10120515,10120874,10261911,10262270,10439241,11230718,11231080,12093312,12093660,12187890,12188970,12189330,12493999,12833097,13056719,13057079,13113223,13113583,13113943,13195036,14914997,15597864,5490222,5490948,5502799,5712272,5979626,6207182,6351227,8531034,8577617,8750586,8750946,8751306,8751666,8752026,8752386,8827650,8909063,9005816,9137761,9138123,9138484,9138845,9203997,9204356,9296854,9313760,9534696,9556950,9597541,9597900,9711053,9772401,9880811,9881168,9920129,9941763,9971588,10048831,10103249,10120515,10120874,10261911,10262270,10439241,11230718,11231080,12093312,12093660,12187890,12188970,12189330,12493999,12833097,13056719,13057079,13113223,13113583,13113943,13195036,14914997,15597864,5490222,5490948,5502799,5712272,5979626,6207182,6351227,8531034,8577617,8750586,8750946,8751306,8751666,8752026,8752386,8827650,8909063,9005816,9137761,9138123,9138484,9138845,9203997,9204356,9296854,9313760,9534696,9556950,9597541,9597900,9711053,9772401,9880811,9881168,9920129,9941763,9971588,10048831,10103249,10120515,10120874,10261911,10262270,10439241,11230718,11231080,12093312,12093660,12187890,12188970,12189330,12493999,12833097,13056719,13057079,13113223,13113583,13113943,13195036,14914997,15597864
X	attttttgcaaattttgatgatgttacccc	5490211,5490937,5502788,5503148,5712622,6206812,6207171,6418287,6419611,6477697,6479021,8577606,8578297,8750575,8750935,8752015,8752375,8827639,9005805,9036961,9137750,9138112,9138473,9138834,9203986,9204345,9296843,9297203,9534685,9556939,9597530,9597889,9711042,9772390,9881157,9920118,9941752,9971577,9984030,10048820,10049181,10103238,10120504,10120863,10156187,10261900,10262259,10262618,11023291,11362723,11532322,11780487,11781552,12093301,12189319,13056708,13057068,13242016,13423515,13530358,13900804,13901154,15597853,17348106,5490211,5490937,5502788,5503148,5712622,6206812,6207171,6418287,6419611,6477697,6479021,8577606,8578297,8750575,8750935,8752015,8752375,8827639,9005805,9036961,9137750,9138112,9138473,9138834,9203986,9204345,9296843,9297203,9534685,9556939,9597530,9597889,9711042,9772390,9881157,9920118,9941752,9971577,9984030,10048820,10049181,10103238,10120504,10120863,10156187,10261900,10262259,10262618,11023291,11362723,11532322,11780487,11781552,12093301,12189319,13056708,13057068,13242016,13423515,13530358,13900804,13901154,15597853,17348106,5490211,5490937,5502788,5503148,5712622,6206812,6207171,6418287,6419611,6477697,6479021,8577606,8578297,8750575,8750935,8752015,8752375,8827639,9005805,9036961,9137750,9138112,9138473,9138834,9203986,9204345,9296843,9297203,9534685,9556939,9597530,9597889,9711042,9772390,9881157,9920118,9941752,9971577,9984030,10048820,10049181,10103238,10120504,10120863,10156187,10261900,10262259,10262618,11023291,11362723,11532322,11780487,11781552,12093301,12189319,13056708,13057068,13242016,13423515,13530358,13900804,13901154,15597853,17348106,5490211,5490937,5502788,5503148,5712622,6206812,6207171,6418287,6419611,6477697,6479021,8577606,8578297,8750575,8750935,8752015,8752375,8827639,9005805,9036961,9137750,9138112,9138473,9138834,9203986,9204345,9296843,9297203,9534685,9556939,9597530,9597889,9711042,9772390,9881157,9920118,9941752,9971577,9984030,10048820,10049181,10103238,10120504,10120863,10156187,10261900,10262259,10262618,11023291,11362723,11532322,11780487,11781552,12093301,12189319,13056708,13057068,13242016,13423515,13530358,13900804,13901154,15597853,17348106,5490211,5490937,5502788,5503148,5712622,6206812,6207171,6418287,6419611,6477697,6479021,8577606,8578297,8750575,8750935,8752015,8752375,8827639,9005805,9036961,9137750,9138112,9138473,9138834,9203986,9204345,9296843,9297203,9534685,9556939,9597530,9597889,9711042,9772390,9881157,9920118,9941752,9971577,9984030,10048820,10049181,10103238,10120504,10120863,10156187,10261900,10262259,10262618,11023291,11362723,11532322,11780487,11781552,12093301,12189319,13056708,13057068,13242016,13423515,13530358,13900804,13901154,15597853,17348106,5490211,5490937,5502788,5503148,5712622,6206812,6207171,6418287,6419611,6477697,6479021,8577606,8578297,8750575,8750935,8752015,8752375,8827639,9005805,9036961,9137750,9138112,9138473,9138834,9203986,9204345,9296843,9297203,9534685,9556939,9597530,9597889,9711042,9772390,9881157,9920118,9941752,9971577,9984030,10048820,10049181,10103238,10120504,10120863,10156187,10261900,10262259,10262618,11023291,11362723,11532322,11780487,11781552,12093301,12189319,13056708,13057068,13242016,13423515,13530358,13900804,13901154,15597853,17348106,5490211,5490937,5502788,5503148,5712622,6206812,6207171,6418287,6419611,6477697,6479021,8577606,8578297,8750575,8750935,8752015,8752375,8827639,9005805,9036961,9137750,9138112,9138473,9138834,9203986,9204345,9296843,9297203,9534685,9556939,9597530,9597889,9711042,9772390,9881157,9920118,9941752,9971577,9984030,10048820,10049181,10103238,10120504,10120863,10156187,10261900,10262259,10262618,11023291,11362723,11532322,11780487,11781552,12093301,12189319,13056708,13057068,13242016,13423515,13530358,13900804,13901154,15597853,17348106,5490211,5490937,5502788,5503148,5712622,6206812,6207171,6418287,6419611,6477697,6479021,8577606,8578297,8750575,8750935,8752015,8752375,8827639,9005805,9036961,9137750,9138112,9138473,9138834,9203986,9204345,9296843,9297203,9534685,9556939,9597530,9597889,9711042,9772390,9881157,9920118,9941752,9971577,9984030,10048820,10049181,10103238,10120504,10120863,10156187,10261900,10262259,10262618,11023291,11362723,11532322,11780487,11781552,12093301,12189319,13056708,13057068,13242016,13423515,13530358,13900804,13901154,15597853,17348106
X	caaattttgatgatgttaccccttacaaaa	1812490,5490219,5490945,5502796,5979623,6206820,6207179,6351224,6351586,8531031,8577614,8750583,8750943,8752023,8752383,8827647,8909060,9005813,9137758,9138120,9138481,9138842,9203994,9204353,9296851,9313757,9534693,9556947,9597538,9597897,9711050,9772398,9880808,9881165,9920126,9941760,9971585,9984038,10048828,10049189,10103246,10120512,10120871,10261908,10262267,10262626,10439238,11230715,11231077,12093309,12093657,12187887,12189327,12493996,13056716,13057076,13113220,13113580,13113940,13195033,13423523,14914994,15597861,17348114,1812490,5490219,5490945,5502796,5979623,6206820,6207179,6351224,6351586,8531031,8577614,8750583,8750943,8752023,8752383,8827647,8909060,9005813,9137758,9138120,9138481,9138842,9203994,9204353,9296851,9313757,9534693,9556947,9597538,9597897,9711050,9772398,9880808,9881165,9920126,9941760,9971585,9984038,10048828,10049189,10103246,10120512,10120871,10261908,10262267,10262626,10439238,11230715,11231077,12093309,12093657,12187887,12189327,12493996,13056716,13057076,13113220,13113580,13113940,13195033,13423523,14914994,15597861,17348114,1812490,5490219,5490945,5502796,5979623,6206820,6207179,6351224,6351586,8531031,8577614,8750583,8750943,8752023,8752383,8827647,8909060,9005813,9137758,9138120,9138481,9138842,9203994,9204353,9296851,9313757,9534693,9556947,9597538,9597897,9711050,9772398,9880808,9881165,9920126,9941760,9971585,9984038,10048828,10049189,10103246,10120512,10120871,10261908,10262267,10262626,10439238,11230715,11231077,12093309,12093657,12187887,12189327,12493996,13056716,13057076,13113220,13113580,13113940,13195033,13423523,14914994,15597861,17348114,1812490,5490219,5490945,5502796,5979623,6206820,6207179,6351224,6351586,8531031,8577614,8750583,8750943,8752023,8752383,8827647,8909060,9005813,9137758,9138120,9138481,9138842,9203994,9204353,9296851,9313757,9534693,9556947,9597538,9597897,9711050,9772398,9880808,9881165,9920126,9941760,9971585,9984038,10048828,10049189,10103246,10120512,10120871,10261908,10262267,10262626,10439238,11230715,11231077,12093309,12093657,12187887,12189327,12493996,13056716,13057076,13113220,13113580,13113940,13195033,13423523,14914994,15597861,17348114,1812490,5490219,5490945,5502796,5979623,6206820,6207179,6351224,6351586,8531031,8577614,8750583,8750943,8752023,8752383,8827647,8909060,9005813,9137758,9138120,9138481,9138842,9203994,9204353,9296851,9313757,9534693,9556947,9597538,9597897,9711050,9772398,9880808,9881165,9920126,9941760,9971585,9984038,10048828,10049189,10103246,10120512,10120871,10261908,10262267,10262626,10439238,11230715,11231077,12093309,12093657,12187887,12189327,12493996,13056716,13057076,13113220,13113580,13113940,13195033,13423523,14914994,15597861,17348114,1812490,5490219,5490945,5502796,5979623,6206820,6207179,6351224,6351586,8531031,8577614,8750583,8750943,8752023,8752383,8827647,8909060,9005813,9137758,9138120,9138481,9138842,9203994,9204353,9296851,9313757,9534693,9556947,9597538,9597897,9711050,9772398,9880808,9881165,9920126,9941760,9971585,9984038,10048828,10049189,10103246,10120512,10120871,10261908,10262267,10262626,10439238,11230715,11231077,12093309,12093657,12187887,12189327,12493996,13056716,13057076,13113220,13113580,13113940,13195033,13423523,14914994,15597861,17348114,1812490,5490219,5490945,5502796,5979623,6206820,6207179,6351224,6351586,8531031,8577614,8750583,8750943,8752023,8752383,8827647,8909060,9005813,9137758,9138120,9138481,9138842,9203994,9204353,9296851,9313757,9534693,9556947,9597538,9597897,9711050,9772398,9880808,9881165,9920126,9941760,9971585,9984038,10048828,10049189,10103246,10120512,10120871,10261908,10262267,10262626,10439238,11230715,11231077,12093309,12093657,12187887,12189327,12493996,13056716,13057076,13113220,13113580,13113940,13195033,13423523,14914994,15597861,17348114,1812490,5490219,5490945,5502796,5979623,6206820,6207179,6351224,6351586,8531031,8577614,8750583,8750943,8752023,8752383,8827647,8909060,9005813,9137758,9138120,9138481,9138842,9203994,9204353,9296851,9313757,9534693,9556947,9597538,9597897,9711050,9772398,9880808,9881165,9920126,9941760,9971585,9984038,10048828,10049189,10103246,10120512,10120871,10261908,10262267,10262626,10439238,11230715,11231077,12093309,12093657,12187887,12189327,12493996,13056716,13057076,13113220,13113580,13113940,13195033,13423523,14914994,15597861,17348114
X	catgcccatgcccatgcccattcccattcc	3805839
X	ccatgcccatgcccatgcccattcccattc	3805838
X	cccatgcccatgcccatgcccattcccatt	3805837
X	cccatgcccatgcccattcccattcccatt	3805843
X	cctcgttgagctcgaaattaaatttccaat	9556871,9711333,9556871,9711333,9556871,9711333
X	cgaaattaaatttccaatcaaactgtgttc	9556883,9711345,9556883,9711345,9556883,9711345
X	cgttgagctcgaaattaaatttccaatcaa	9556874,9711336,9556874,9711336,9556874,9711336
X	ctcgaaattaaatttccaatcaaactgtgt	9556881,9711343,9556881,9711343,9556881,9711343
X	ctcgttgagctcgaaattaaatttccaatc	9556872,9711334,9556872,9711334,9556872,9711334
X	ctgaatatggaatgtcatacctcgttgagc	5817899,6206725,9204258,9296756,9461523,9461881,9534957,9556852,9557211,10302679
X	gaaattaaatttccaatcaaactgtgttca	9556884,9711346,9556884,9711346,9556884,9711346
X	gaatatggaatgtcatacctcgttgagctc	5817901,6206727,9204260,9296758,9461525,9461883,9534959,9556854,9557213,10302681
X	gagctcgaaattaaatttccaatcaaactg	9556878,9711340,9556878,9711340,9556878,9711340
X	gatgatgttaccccttacaaaaaatgcgaa	5490227,5490953,5502804,5712277,6207187,6351232,8577622,8750591,8750951,8751311,8751671,8752031,8752391,8827655,8909068,9005821,9137766,9138128,9138489,9138850,9204002,9204361,9296859,9313765,9534701,9556955,9597546,9597905,9711058,9772406,9920134,10048836,10120879,10261916,10262275,10439246,11230723,11231085,12093317,12187895,12188975,12189335,12833102,13057084,13113948,13195041,5490227,5490953,5502804,5712277,6207187,6351232,8577622,8750591,8750951,8751311,8751671,8752031,8752391,8827655,8909068,9005821,9137766,9138128,9138489,9138850,9204002,9204361,9296859,9313765,9534701,9556955,9597546,9597905,9711058,9772406,9920134,10048836,10120879,10261916,10262275,10439246,11230723,11231085,12093317,12187895,12188975,12189335,12833102,13057084,13113948,13195041,5490227,5490953,5502804,5712277,6207187,6351232,8577622,8750591,8750951,8751311,8751671,8752031,8752391,8827655,8909068,9005821,9137766,9138128,9138489,9138850,9204002,9204361,9296859,9313765,9534701,9556955,9597546,9597905,9711058,9772406,9920134,10048836,10120879,10261916,10262275,10439246,11230723,11231085,12093317,12187895,12188975,12189335,12833102,13057084,13113948,13195041,5490227,5490953,5502804,5712277,6207187,6351232,8577622,8750591,8750951,8751311,8751671,8752031,8752391,8827655,8909068,9005821,9137766,9138128,9138489,9138850,9204002,9204361,9296859,9313765,9534701,9556955,9597546,9597905,9711058,9772406,9920134,10048836,10120879,10261916,10262275,10439246,11230723,11231085,12093317,12187895,12188975,12189335,12833102,13057084,13113948,13195041,5490227,5490953,5502804,5712277,6207187,6351232,8577622,8750591,8750951,8751311,8751671,8752031,8752391,8827655,8909068,9005821,9137766,9138128,9138489,9138850,9204002,9204361,9296859,9313765,9534701,9556955,9597546,9597905,9711058,9772406,9920134,10048836,10120879,10261916,10262275,10439246,11230723,11231085,12093317,12187895,12188975,12189335,12833102,13057084,13113948,13195041,5490227,5490953,5502804,5712277,6207187,6351232,8577622,8750591,8750951,8751311,8751671,8752031,8752391,8827655,8909068,9005821,9137766,9138128,9138489,9138850,9204002,9204361,9296859,9313765,9534701,9556955,9597546,9597905,9711058,9772406,9920134,10048836,10120879,10261916,10262275,10439246,11230723,11231085,12093317,12187895,12188975,12189335,12833102,13057084,13113948,13195041,5490227,5490953,5502804,5712277,6207187,6351232,8577622,8750591,8750951,8751311,8751671,8752031,8752391,8827655,8909068,9005821,9137766,9138128,9138489,9138850,9204002,9204361,9296859,9313765,9534701,9556955,9597546,9597905,9711058,9772406,9920134,10048836,10120879,10261916,10262275,10439246,11230723,11231085,12093317,12187895,12188975,12189335,12833102,13057084,13113948,13195041,5490227,5490953,5502804,5712277,6207187,6351232,8577622,8750591,8750951,8751311,8751671,8752031,8752391,8827655,8909068,9005821,9137766,9138128,9138489,9138850,9204002,9204361,9296859,9313765,9534701,9556955,9597546,9597905,9711058,9772406,9920134,10048836,10120879,10261916,10262275,10439246,11230723,11231085,12093317,12187895,12188975,12189335,12833102,13057084,13113948,13195041
X	gatgttaccccttacaaaaaatgcgaaaat	2769027,2769386,3247031,6207190,8577625,8750594,8750954,8751314,8751674,8752034,8752394,8827658,8909071,9005463,9005824,9137769,9138131,9138492,9138853,9204005,9204364,9296503,9313768,9422805,9534704,9556958,9597549,9597908,9711061,9772409,9919418,9920137,10048839,10120882,10156565,10261919,10262278,10302426,10439249,11040673,11041033,11230726,11231088,12093320,12187898,12188978,12189338,12371199,12371559,12371919,12524836,12833105,13057087,13113951,13195044,13474556,2769027,2769386,3247031,6207190,8577625,8750594,8750954,8751314,8751674,8752034,8752394,8827658,8909071,9005463,9005824,9137769,9138131,9138492,9138853,9204005,9204364,9296503,9313768,9422805,9534704,9556958,9597549,9597908,9711061,9772409,9919418,9920137,10048839,10120882,10156565,10261919,10262278,10302426,10439249,11040673,11041033,11230726,11231088,12093320,12187898,12188978,12189338,12371199,12371559,12371919,12524836,12833105,13057087,13113951,13195044,13474556,2769027,2769386,3247031,6207190,8577625,8750594,8750954,8751314,8751674,8752034,8752394,8827658,8909071,9005463,9005824,9137769,9138131,9138492,9138853,9204005,9204364,9296503,9313768,9422805,9534704,9556958,9597549,9597908,9711061,9772409,9919418,9920137,10048839,10120882,10156565,10261919,10262278,10302426,10439249,11040673,11041033,11230726,11231088,12093320,12187898,12188978,12189338,12371199,12371559,12371919,12524836,12833105,13057087,13113951,13195044,13474556,2769027,2769386,3247031,6207190,8577625,8750594,8750954,8751314,8751674,8752034,8752394,8827658,8909071,9005463,9005824,9137769,9138131,9138492,9138853,9204005,9204364,9296503,9313768,9422805,9534704,9556958,9597549,9597908,9711061,9772409,9919418,9920137,10048839,10120882,10156565,10261919,10262278,10302426,10439249,11040673,11041033,11230726,11231088,12093320,12187898,12188978,12189338,12371199,12371559,12371919,12524836,12833105,13057087,13113951,13195044,13474556,2769027,2769386,3247031,6207190,8577625,8750594,8750954,8751314,8751674,8752034,8752394,8827658,8909071,9005463,9005824,9137769,9138131,9138492,9138853,9204005,9204364,9296503,9313768,9422805,9534704,9556958,9597549,9597908,9711061,9772409,9919418,9920137,10048839,10120882,10156565,10261919,10262278,10302426,10439249,11040673,11041033,11230726,11231088,12093320,12187898,12188978,12189338,12371199,12371559,12371919,12524836,12833105,13057087,13113951,13195044,13474556,2769027,2769386,3247031,6207190,8577625,8750594,8750954,8751314,8751674,8752034,8752394,8827658,8909071,9005463,9005824,9137769,9138131,9138492,9138853,9204005,9204364,9296503,9313768,9422805,9534704,9556958,9597549,9597908,9711061,9772409,9919418,9920137,10048839,10120882,10156565,10261919,10262278,10302426,10439249,11040673,11041033,11230726,11231088,12093320,12187898,12188978,12189338,12371199,12371559,12371919,12524836,12833105,13057087,13113951,13195044,13474556,2769027,2769386,3247031,6207190,8577625,8750594,8750954,8751314,8751674,8752034,8752394,8827658,8909071,9005463,9005824,9137769,9138131,9138492,9138853,9204005,9204364,9296503,9313768,9422805,9534704,9556958,9597549,9597908,9711061,9772409,9919418,9920137,10048839,10120882,10156565,10261919,10262278,10302426,10439249,11040673,11041033,11230726,11231088,12093320,12187898,12188978,12189338,12371199,12371559,12371919,12524836,12833105,13057087,13113951,13195044,13474556,2769027,2769386,3247031,6207190,8577625,8750594,8750954,8751314,8751674,8752034,8752394,8827658,8909071,9005463,9005824,9137769,9138131,9138492,9138853,9204005,9204364,9296503,9313768,9422805,9534704,9556958,9597549,9597908,9711061,9772409,9919418,9920137,10048839,10120882,10156565,10261919,10262278,10302426,10439249,11040673,11041033,11230726,11231088,12093320,12187898,12188978,12189338,12371199,12371559,12371919,12524836,12833105,13057087,13113951,13195044,13474556
X	gcaaattttgatgatgttaccccttacaaa	1812489,5490218,5490944,5502795,5979622,6206819,6207178,6351223,6351585,8531030,8577613,8750582,8750942,8752022,8752382,8827646,9005812,9137757,9138119,9138480,9138841,9203993,9204352,9296850,9534692,9556946,9597537,9597896,9711049,9772397,9880807,9881164,9920125,9941759,9971584,9984037,10048827,10049188,10103245,10120511,10120870,10261907,10262266,10262625,10439237,11230714,11231076,12093308,12187886,12189326,13056715,13057075,13113219,13113579,13113939,13195032,13423522,15597860,17348113,1812489,5490218,5490944,5502795,5979622,6206819,6207178,6351223,6351585,8531030,8577613,8750582,8750942,8752022,8752382,8827646,9005812,9137757,9138119,9138480,9138841,9203993,9204352,9296850,9534692,9556946,9597537,9597896,9711049,9772397,9880807,9881164,9920125,9941759,9971584,9984037,10048827,10049188,10103245,10120511,10120870,10261907,10262266,10262625,10439237,11230714,11231076,12093308,12187886,12189326,13056715,13057075,13113219,13113579,13113939,13195032,13423522,15597860,17348113,1812489,5490218,5490944,5502795,5979622,6206819,6207178,6351223,6351585,8531030,8577613,8750582,8750942,8752022,8752382,8827646,9005812,9137757,9138119,9138480,9138841,9203993,9204352,9296850,9534692,9556946,9597537,9597896,9711049,9772397,9880807,9881164,9920125,9941759,9971584,9984037,10048827,10049188,10103245,10120511,10120870,10261907,10262266,10262625,10439237,11230714,11231076,12093308,12187886,12189326,13056715,13057075,13113219,13113579,13113939,13195032,13423522,15597860,17348113,1812489,5490218,5490944,5502795,5979622,6206819,6207178,6351223,6351585,8531030,8577613,8750582,8750942,8752022,8752382,8827646,9005812,9137757,9138119,9138480,9138841,9203993,9204352,9296850,9534692,9556946,9597537,9597896,9711049,9772397,9880807,9881164,9920125,9941759,9971584,9984037,10048827,10049188,10103245,10120511,10120870,10261907,10262266,10262625,10439237,11230714,11231076,12093308,12187886,12189326,13056715,13057075,13113219,13113579,13113939,13195032,13423522,15597860,17348113,1812489,5490218,5490944,5502795,5979622,6206819,6207178,6351223,6351585,8531030,8577613,8750582,8750942,8752022,8752382,8827646,9005812,9137757,9138119,9138480,9138841,9203993,9204352,9296850,9534692,9556946,9597537,9597896,9711049,9772397,9880807,9881164,9920125,9941759,9971584,9984037,10048827,10049188,10103245,10120511,10120870,10261907,10262266,10262625,10439237,11230714,11231076,12093308,12187886,12189326,13056715,13057075,13113219,13113579,13113939,13195032,13423522,15597860,17348113,1812489,5490218,5490944,5502795,5979622,6206819,6207178,6351223,6351585,8531030,8577613,8750582,8750942,8752022,8752382,8827646,9005812,9137757,9138119,9138480,9138841,9203993,9204352,9296850,9534692,9556946,9597537,9597896,9711049,9772397,9880807,9881164,9920125,9941759,9971584,9984037,10048827,10049188,10103245,10120511,10120870,10261907,10262266,10262625,10439237,11230714,11231076,12093308,12187886,12189326,13056715,13057075,13113219,13113579,13113939,13195032,13423522,15597860,17348113,1812489,5490218,5490944,5502795,5979622,6206819,6207178,6351223,6351585,8531030,8577613,8750582,8750942,8752022,8752382,8827646,9005812,9137757,9138119,9138480,9138841,9203993,9204352,9296850,9534692,9556946,9597537,9597896,9711049,9772397,9880807,9881164,9920125,9941759,9971584,9984037,10048827,10049188,10103245,10120511,10120870,10261907,10262266,10262625,10439237,11230714,11231076,12093308,12187886,12189326,13056715,13057075,13113219,13113579,13113939,13195032,13423522,15597860,17348113,1812489,5490218,5490944,5502795,5979622,6206819,6207178,6351223,6351585,8531030,8577613,8750582,8750942,8752022,8752382,8827646,9005812,9137757,9138119,9138480,9138841,9203993,9204352,9296850,9534692,9556946,9597537,9597896,9711049,9772397,9880807,9881164,9920125,9941759,9971584,9984037,10048827,10049188,10103245,10120511,10120870,10261907,10262266,10262625,10439237,11230714,11231076,12093308,12187886,12189326,13056715,13057075,13113219,13113579,13113939,13195032,13423522,15597860,17348113
X	gcccatgcccatgcccattcccattcccat	3805842
X	gctcgaaattaaatttccaatcaaactgtg	9556880,9711342,9556880,9711342,9556880,9711342
X	gtctgaatatggaatgtcatacctcgttga	5817897,6206723,9204256,9296754,9423056,9423412,9461879,9534955,9556850,9557209,10048731,10302677
X	gttgagctcgaaattaaatttccaatcaaa	9556875,9711337,9556875,9711337,9556875,9711337
X	taatagcctgaatatggaatgttatacctc	9597795,9597795,9597795,9597795,9597795,9597795,9597795
X	taattgtctgaatatggaatgtcatacctc	5817892,6206718,9296749,9423051,9423407,9461874,9534950,9556845,9557204,10048726,10302672,17348012
X	tacatacatatgtatgtacatatgtacata	19883316
X	tacctcgttgagctcgaaattaaatttcca	9556869,9711331,9556869,9711331,9556869,9711331
X	tagcctgaatatggaatgttatacctcgtt	9597798,9597798,9597798,9597798,9597798,9597798,9597798
X	tatggaatgtcatacctcgttgagctcgta	5817904,6418205,6715330,8908970,9203904,9204263,9296761,9461528,9461886,9534962,9557216,10262177,10302684,14884218
X	tcgaaattaaatttccaatcaaactgtgtt	9556882,9711344,9556882,9711344,9556882,9711344
X	tcgttgagctcgaaattaaatttccaatca	9556873,9711335,9556873,9711335,9556873,9711335
X	tctgaatatggaatgtcatacctcgttgag	5817898,6206724,9204257,9296755,9423057,9423413,9461880,9534956,9556851,9557210,10302678
X	tgaatatggaatgtcatacctcgttgagct	5817900,6206726,9204259,9296757,9461524,9461882,9534958,9556853,9557212,10302680
X	tgagctcgaaattaaatttccaatcaaact	9556877,9711339,9556877,9711339,9556877,9711339
X	tgatgatgttaccccttacaaaaaatgcga	5490226,5490952,5502803,5712276,6207186,6351231,8577621,8750590,8750950,8751310,8751670,8752030,8752390,8827654,8909067,9005820,9137765,9138127,9138488,9138849,9204001,9204360,9296858,9313764,9534700,9556954,9597545,9597904,9711057,9772405,9920133,10048835,10120878,10261915,10262274,10439245,11230722,11231084,12093316,12187894,12188974,12189334,12833101,13057083,13113947,13195040,5490226,5490952,5502803,5712276,6207186,6351231,8577621,8750590,8750950,8751310,8751670,8752030,8752390,8827654,8909067,9005820,9137765,9138127,9138488,9138849,9204001,9204360,9296858,9313764,9534700,9556954,9597545,9597904,9711057,9772405,9920133,10048835,10120878,10261915,10262274,10439245,11230722,11231084,12093316,12187894,12188974,12189334,12833101,13057083,13113947,13195040,5490226,5490952,5502803,5712276,6207186,6351231,8577621,8750590,8750950,8751310,8751670,8752030,8752390,8827654,8909067,9005820,9137765,9138127,9138488,9138849,9204001,9204360,9296858,9313764,9534700,9556954,9597545,9597904,9711057,9772405,9920133,10048835,10120878,10261915,10262274,10439245,11230722,11231084,12093316,12187894,12188974,12189334,12833101,13057083,13113947,13195040,5490226,5490952,5502803,5712276,6207186,6351231,8577621,8750590,8750950,8751310,8751670,8752030,8752390,8827654,8909067,9005820,9137765,9138127,9138488,9138849,9204001,9204360,9296858,9313764,9534700,9556954,9597545,9597904,9711057,9772405,9920133,10048835,10120878,10261915,10262274,10439245,11230722,11231084,12093316,12187894,12188974,12189334,12833101,13057083,13113947,13195040,5490226,5490952,5502803,5712276,6207186,6351231,8577621,8750590,8750950,8751310,8751670,8752030,8752390,8827654,8909067,9005820,9137765,9138127,9138488,9138849,9204001,9204360,9296858,9313764,9534700,9556954,9597545,9597904,9711057,9772405,9920133,10048835,10120878,10261915,10262274,10439245,11230722,11231084,12093316,12187894,12188974,12189334,12833101,13057083,13113947,13195040,5490226,5490952,5502803,5712276,6207186,6351231,8577621,8750590,8750950,8751310,8751670,8752030,8752390,8827654,8909067,9005820,9137765,9138127,9138488,9138849,9204001,9204360,9296858,9313764,9534700,9556954,9597545,9597904,9711057,9772405,9920133,10048835,10120878,10261915,10262274,10439245,11230722,11231084,12093316,12187894,12188974,12189334,12833101,13057083,13113947,13195040,5490226,5490952,5502803,5712276,6207186,6351231,8577621,8750590,8750950,8751310,8751670,8752030,8752390,8827654,8909067,9005820,9137765,9138127,9138488,9138849,9204001,9204360,9296858,9313764,9534700,9556954,9597545,9597904,9711057,9772405,9920133,10048835,10120878,10261915,10262274,10439245,11230722,11231084,12093316,12187894,12188974,12189334,12833101,13057083,13113947,13195040,5490226,5490952,5502803,5712276,6207186,6351231,8577621,8750590,8750950,8751310,8751670,8752030,8752390,8827654,8909067,9005820,9137765,9138127,9138488,9138849,9204001,9204360,9296858,9313764,9534700,9556954,9597545,9597904,9711057,9772405,9920133,10048835,10120878,10261915,10262274,10439245,11230722,11231084,12093316,12187894,12188974,12189334,12833101,13057083,13113947,13195040
X	tgatgttaccccttacaaaaaatgcgaaaa	2769026,2769385,5490229,5490955,5502806,5712279,6207189,6351234,8577624,8750593,8750953,8751313,8751673,8752033,8752393,8827657,8909070,9005462,9005823,9137768,9138130,9138491,9138852,9204004,9204363,9313767,9534703,9556957,9597548,9597907,9711060,9772408,9920136,10048838,10120881,10261918,10262277,10302425,10439248,11040672,11041032,11230725,11231087,12093319,12187897,12188977,12189337,12371198,12371558,12371918,12524835,12833104,13057086,13113950,13195043,13474555,2769026,2769385,5490229,5490955,5502806,5712279,6207189,6351234,8577624,8750593,8750953,8751313,8751673,8752033,8752393,8827657,8909070,9005462,9005823,9137768,9138130,9138491,9138852,9204004,9204363,9313767,9534703,9556957,9597548,9597907,9711060,9772408,9920136,10048838,10120881,10261918,10262277,10302425,10439248,11040672,11041032,11230725,11231087,12093319,12187897,12188977,12189337,12371198,12371558,12371918,12524835,12833104,13057086,13113950,13195043,13474555,2769026,2769385,5490229,5490955,5502806,5712279,6207189,6351234,8577624,8750593,8750953,8751313,8751673,8752033,8752393,8827657,8909070,9005462,9005823,9137768,9138130,9138491,9138852,9204004,9204363,9313767,9534703,9556957,9597548,9597907,9711060,9772408,9920136,10048838,10120881,10261918,10262277,10302425,10439248,11040672,11041032,11230725,11231087,12093319,12187897,12188977,12189337,12371198,12371558,12371918,12524835,12833104,13057086,13113950,13195043,13474555,2769026,2769385,5490229,5490955,5502806,5712279,6207189,6351234,8577624,8750593,8750953,8751313,8751673,8752033,8752393,8827657,8909070,9005462,9005823,9137768,9138130,9138491,9138852,9204004,9204363,9313767,9534703,9556957,9597548,9597907,9711060,9772408,9920136,10048838,10120881,10261918,10262277,10302425,10439248,11040672,11041032,11230725,11231087,12093319,12187897,12188977,12189337,12371198,12371558,12371918,12524835,12833104,13057086,13113950,13195043,13474555,2769026,2769385,5490229,5490955,5502806,5712279,6207189,6351234,8577624,8750593,8750953,8751313,8751673,8752033,8752393,8827657,8909070,9005462,9005823,9137768,9138130,9138491,9138852,9204004,9204363,9313767,9534703,9556957,9597548,9597907,9711060,9772408,9920136,10048838,10120881,10261918,10262277,10302425,10439248,11040672,11041032,11230725,11231087,12093319,12187897,12188977,12189337,12371198,12371558,12371918,12524835,12833104,13057086,13113950,13195043,13474555,2769026,2769385,5490229,5490955,5502806,5712279,6207189,6351234,8577624,8750593,8750953,8751313,8751673,8752033,8752393,8827657,8909070,9005462,9005823,9137768,9138130,9138491,9138852,9204004,9204363,9313767,9534703,9556957,9597548,9597907,9711060,9772408,9920136,10048838,10120881,10261918,10262277,10302425,10439248,11040672,11041032,11230725,11231087,12093319,12187897,12188977,12189337,12371198,12371558,12371918,12524835,12833104,13057086,13113950,13195043,13474555,2769026,2769385,5490229,5490955,5502806,5712279,6207189,6351234,8577624,8750593,8750953,8751313,8751673,8752033,8752393,8827657,8909070,9005462,9005823,9137768,9138130,9138491,9138852,9204004,9204363,9313767,9534703,9556957,9597548,9597907,9711060,9772408,9920136,10048838,10120881,10261918,10262277,10302425,10439248,11040672,11041032,11230725,11231087,12093319,12187897,12188977,12189337,12371198,12371558,12371918,12524835,12833104,13057086,13113950,13195043,13474555,2769026,2769385,5490229,5490955,5502806,5712279,6207189,6351234,8577624,8750593,8750953,8751313,8751673,8752033,8752393,8827657,8909070,9005462,9005823,9137768,9138130,9138491,9138852,9204004,9204363,9313767,9534703,9556957,9597548,9597907,9711060,9772408,9920136,10048838,10120881,10261918,10262277,10302425,10439248,11040672,11041032,11230725,11231087,12093319,12187897,12188977,12189337,12371198,12371558,12371918,12524835,12833104,13057086,13113950,13195043,13474555
X	tgcaaattttgatgatgttaccccttacaa	5490217,5490943,5502794,6206818,6207177,6351584,8577612,8750581,8750941,8752021,8752381,8827645,9005811,9137756,9138118,9138479,9138840,9203992,9204351,9296849,9534691,9556945,9597536,9597895,9711048,9772396,9880806,9881163,9920124,9941758,9971583,9984036,10048826,10049187,10103244,10120510,10120869,10261906,10262265,10262624,12093307,12189325,13056714,13057074,13423521,15597859,17348112,5490217,5490943,5502794,6206818,6207177,6351584,8577612,8750581,8750941,8752021,8752381,8827645,9005811,9137756,9138118,9138479,9138840,9203992,9204351,9296849,9534691,9556945,9597536,9597895,9711048,9772396,9880806,9881163,9920124,9941758,9971583,9984036,10048826,10049187,10103244,10120510,10120869,10261906,10262265,10262624,12093307,12189325,13056714,13057074,13423521,15597859,17348112,5490217,5490943,5502794,6206818,6207177,6351584,8577612,8750581,8750941,8752021,8752381,8827645,9005811,9137756,9138118,9138479,9138840,9203992,9204351,9296849,9534691,9556945,9597536,9597895,9711048,9772396,9880806,9881163,9920124,9941758,9971583,9984036,10048826,10049187,10103244,10120510,10120869,10261906,10262265,10262624,12093307,12189325,13056714,13057074,13423521,15597859,17348112,5490217,5490943,5502794,6206818,6207177,6351584,8577612,8750581,8750941,8752021,8752381,8827645,9005811,9137756,9138118,9138479,9138840,9203992,9204351,9296849,9534691,9556945,9597536,9597895,9711048,9772396,9880806,9881163,9920124,9941758,9971583,9984036,10048826,10049187,10103244,10120510,10120869,10261906,10262265,10262624,12093307,12189325,13056714,13057074,13423521,15597859,17348112,5490217,5490943,5502794,6206818,6207177,6351584,8577612,8750581,8750941,8752021,8752381,8827645,9005811,9137756,9138118,9138479,9138840,9203992,9204351,9296849,9534691,9556945,9597536,9597895,9711048,9772396,9880806,9881163,9920124,9941758,9971583,9984036,10048826,10049187,10103244,10120510,10120869,10261906,10262265,10262624,12093307,12189325,13056714,13057074,13423521,15597859,17348112,5490217,5490943,5502794,6206818,6207177,6351584,8577612,8750581,8750941,8752021,8752381,8827645,9005811,9137756,9138118,9138479,9138840,9203992,9204351,9296849,9534691,9556945,9597536,9597895,9711048,9772396,9880806,9881163,9920124,9941758,9971583,9984036,10048826,10049187,10103244,10120510,10120869,10261906,10262265,10262624,12093307,12189325,13056714,13057074,13423521,15597859,17348112,5490217,5490943,5502794,6206818,6207177,6351584,8577612,8750581,8750941,8752021,8752381,8827645,9005811,9137756,9138118,9138479,9138840,9203992,9204351,9296849,9534691,9556945,9597536,9597895,9711048,9772396,9880806,9881163,9920124,9941758,9971583,9984036,10048826,10049187,10103244,10120510,10120869,10261906,10262265,10262624,12093307,12189325,13056714,13057074,13423521,15597859,17348112,5490217,5490943,5502794,6206818,6207177,6351584,8577612,8750581,8750941,8752021,8752381,8827645,9005811,9137756,9138118,9138479,9138840,9203992,9204351,9296849,9534691,9556945,9597536,9597895,9711048,9772396,9880806,9881163,9920124,9941758,9971583,9984036,10048826,10049187,10103244,10120510,10120869,10261906,10262265,10262624,12093307,12189325,13056714,13057074,13423521,15597859,17348112
X	tgcccatgcccatgcccattcccattccca	3805841
X	tggaatgtcatacctcgttgagctcgtatt	5817906,6418207,6715332,10302686
X	tgtctgaatatggaatgtcatacctcgttg	5817896,6206722,9296753,9423055,9423411,9461878,9534954,9556849,9557208,10048730,10302676,17348016
X	ttgagctcgaaattaaatttccaatcaaac	9556876,9711338,9556876,9711338,9556876,9711338
X	ttgatgatgttaccccttacaaaaaatgcg	5490225,5490951,5502802,5712275,6207185,6351230,8577620,8750589,8750949,8751309,8751669,8752029,8752389,8827653,8909066,9005819,9137764,9138126,9138487,9138848,9204000,9204359,9296857,9313763,9534699,9556953,9597544,9597903,9711056,9772404,9920132,10048834,10120877,10261914,10262273,10439244,11230721,11231083,12093315,12187893,12188973,12189333,12833100,13057082,13113946,13195039,5490225,5490951,5502802,5712275,6207185,6351230,8577620,8750589,8750949,8751309,8751669,8752029,8752389,8827653,8909066,9005819,9137764,9138126,9138487,9138848,9204000,9204359,9296857,9313763,9534699,9556953,9597544,9597903,9711056,9772404,9920132,10048834,10120877,10261914,10262273,10439244,11230721,11231083,12093315,12187893,12188973,12189333,12833100,13057082,13113946,13195039,5490225,5490951,5502802,5712275,6207185,6351230,8577620,8750589,8750949,8751309,8751669,8752029,8752389,8827653,8909066,9005819,9137764,9138126,9138487,9138848,9204000,9204359,9296857,9313763,9534699,9556953,9597544,9597903,9711056,9772404,9920132,10048834,10120877,10261914,10262273,10439244,11230721,11231083,12093315,12187893,12188973,12189333,12833100,13057082,13113946,13195039,5490225,5490951,5502802,5712275,6207185,6351230,8577620,8750589,8750949,8751309,8751669,8752029,8752389,8827653,8909066,9005819,9137764,9138126,9138487,9138848,9204000,9204359,9296857,9313763,9534699,9556953,9597544,9597903,9711056,9772404,9920132,10048834,10120877,10261914,10262273,10439244,11230721,11231083,12093315,12187893,12188973,12189333,12833100,13057082,13113946,13195039,5490225,5490951,5502802,5712275,6207185,6351230,8577620,8750589,8750949,8751309,8751669,8752029,8752389,8827653,8909066,9005819,9137764,9138126,9138487,9138848,9204000,9204359,9296857,9313763,9534699,9556953,9597544,9597903,9711056,9772404,9920132,10048834,10120877,10261914,10262273,10439244,11230721,11231083,12093315,12187893,12188973,12189333,12833100,13057082,13113946,13195039,5490225,5490951,5502802,5712275,6207185,6351230,8577620,8750589,8750949,8751309,8751669,8752029,8752389,8827653,8909066,9005819,9137764,9138126,9138487,9138848,9204000,9204359,9296857,9313763,9534699,9556953,9597544,9597903,9711056,9772404,9920132,10048834,10120877,10261914,10262273,10439244,11230721,11231083,12093315,12187893,12188973,12189333,12833100,13057082,13113946,13195039,5490225,5490951,5502802,5712275,6207185,6351230,8577620,8750589,8750949,8751309,8751669,8752029,8752389,8827653,8909066,9005819,9137764,9138126,9138487,9138848,9204000,9204359,9296857,9313763,9534699,9556953,9597544,9597903,9711056,9772404,9920132,10048834,10120877,10261914,10262273,10439244,11230721,11231083,12093315,12187893,12188973,12189333,12833100,13057082,13113946,13195039,5490225,5490951,5502802,5712275,6207185,6351230,8577620,8750589,8750949,8751309,8751669,8752029,8752389,8827653,8909066,9005819,9137764,9138126,9138487,9138848,9204000,9204359,9296857,9313763,9534699,9556953,9597544,9597903,9711056,9772404,9920132,10048834,10120877,10261914,10262273,10439244,11230721,11231083,12093315,12187893,12188973,12189333,12833100,13057082,13113946,13195039
X	ttgcaaattttgatgatgttaccccttaca	5490216,5490942,5502793,6206817,6207176,6351583,8577611,8578302,8750580,8750940,8752020,8752380,8827644,9005810,9137755,9138117,9138478,9138839,9203991,9204350,9296848,9297208,9534690,9556944,9597535,9597894,9711047,9772395,9881162,9920123,9941757,9971582,9984035,10048825,10049186,10103243,10120509,10120868,10261905,10262264,10262623,12093306,12189324,13056713,13057073,13423520,15597858,17348111,5490216,5490942,5502793,6206817,6207176,6351583,8577611,8578302,8750580,8750940,8752020,8752380,8827644,9005810,9137755,9138117,9138478,9138839,9203991,9204350,9296848,9297208,9534690,9556944,9597535,9597894,9711047,9772395,9881162,9920123,9941757,9971582,9984035,10048825,10049186,10103243,10120509,10120868,10261905,10262264,10262623,12093306,12189324,13056713,13057073,13423520,15597858,17348111,5490216,5490942,5502793,6206817,6207176,6351583,8577611,8578302,8750580,8750940,8752020,8752380,8827644,9005810,9137755,9138117,9138478,9138839,9203991,9204350,9296848,9297208,9534690,9556944,9597535,9597894,9711047,9772395,9881162,9920123,9941757,9971582,9984035,10048825,10049186,10103243,10120509,10120868,10261905,10262264,10262623,12093306,12189324,13056713,13057073,13423520,15597858,17348111,5490216,5490942,5502793,6206817,6207176,6351583,8577611,8578302,8750580,8750940,8752020,8752380,8827644,9005810,9137755,9138117,9138478,9138839,9203991,9204350,9296848,9297208,9534690,9556944,9597535,9597894,9711047,9772395,9881162,9920123,9941757,9971582,9984035,10048825,10049186,10103243,10120509,10120868,10261905,10262264,10262623,12093306,12189324,13056713,13057073,13423520,15597858,17348111,5490216,5490942,5502793,6206817,6207176,6351583,8577611,8578302,8750580,8750940,8752020,8752380,8827644,9005810,9137755,9138117,9138478,9138839,9203991,9204350,9296848,9297208,9534690,9556944,9597535,9597894,9711047,9772395,9881162,9920123,9941757,9971582,9984035,10048825,10049186,10103243,10120509,10120868,10261905,10262264,10262623,12093306,12189324,13056713,13057073,13423520,15597858,17348111,5490216,5490942,5502793,6206817,6207176,6351583,8577611,8578302,8750580,8750940,8752020,8752380,8827644,9005810,9137755,9138117,9138478,9138839,9203991,9204350,9296848,9297208,9534690,9556944,9597535,9597894,9711047,9772395,9881162,9920123,9941757,9971582,9984035,10048825,10049186,10103243,10120509,10120868,10261905,10262264,10262623,12093306,12189324,13056713,13057073,13423520,15597858,17348111,5490216,5490942,5502793,6206817,6207176,6351583,8577611,8578302,8750580,8750940,8752020,8752380,8827644,9005810,9137755,9138117,9138478,9138839,9203991,9204350,9296848,9297208,9534690,9556944,9597535,9597894,9711047,9772395,9881162,9920123,9941757,9971582,9984035,10048825,10049186,10103243,10120509,10120868,10261905,10262264,10262623,12093306,12189324,13056713,13057073,13423520,15597858,17348111,5490216,5490942,5502793,6206817,6207176,6351583,8577611,8578302,8750580,8750940,8752020,8752380,8827644,9005810,9137755,9138117,9138478,9138839,9203991,9204350,9296848,9297208,9534690,9556944,9597535,9597894,9711047,9772395,9881162,9920123,9941757,9971582,9984035,10048825,10049186,10103243,10120509,10120868,10261905,10262264,10262623,12093306,12189324,13056713,13057073,13423520,15597858,17348111
X	ttgtctgaatatggaatgtcatacctcgtt	5817895,6206721,9296752,9423054,9423410,9461877,9534953,9556848,9557207,10048729,10302675,17348015
X	tttgatgatgttaccccttacaaaaaatgc	5490224,5490950,5502801,5712274,5979628,6207184,6351229,8577619,8750588,8750948,8751308,8751668,8752028,8752388,8827652,8909065,9005818,9137763,9138125,9138486,9138847,9203999,9204358,9296856,9313762,9534698,9556952,9597543,9597902,9711055,9772403,9881170,9920131,9941765,10048833,10103251,10120517,10120876,10261913,10262272,10439243,11230720,11231082,12093314,12187892,12188972,12189332,12833099,13057081,13113225,13113585,13113945,13195038,5490224,5490950,5502801,5712274,5979628,6207184,6351229,8577619,8750588,8750948,8751308,8751668,8752028,8752388,8827652,8909065,9005818,9137763,9138125,9138486,9138847,9203999,9204358,9296856,9313762,9534698,9556952,9597543,9597902,9711055,9772403,9881170,9920131,9941765,10048833,10103251,10120517,10120876,10261913,10262272,10439243,11230720,11231082,12093314,12187892,12188972,12189332,12833099,13057081,13113225,13113585,13113945,13195038,5490224,5490950,5502801,5712274,5979628,6207184,6351229,8577619,8750588,8750948,8751308,8751668,8752028,8752388,8827652,8909065,9005818,9137763,9138125,9138486,9138847,9203999,9204358,9296856,9313762,9534698,9556952,9597543,9597902,9711055,9772403,9881170,9920131,9941765,10048833,10103251,10120517,10120876,10261913,10262272,10439243,11230720,11231082,12093314,12187892,12188972,12189332,12833099,13057081,13113225,13113585,13113945,13195038,5490224,5490950,5502801,5712274,5979628,6207184,6351229,8577619,8750588,8750948,8751308,8751668,8752028,8752388,8827652,8909065,9005818,9137763,9138125,9138486,9138847,9203999,9204358,9296856,9313762,9534698,9556952,9597543,9597902,9711055,9772403,9881170,9920131,9941765,10048833,10103251,10120517,10120876,10261913,10262272,10439243,11230720,11231082,12093314,12187892,12188972,12189332,12833099,13057081,13113225,13113585,13113945,13195038,5490224,5490950,5502801,5712274,5979628,6207184,6351229,8577619,8750588,8750948,8751308,8751668,8752028,8752388,8827652,8909065,9005818,9137763,9138125,9138486,9138847,9203999,9204358,9296856,9313762,9534698,9556952,9597543,9597902,9711055,9772403,9881170,9920131,9941765,10048833,10103251,10120517,10120876,10261913,10262272,10439243,11230720,11231082,12093314,12187892,12188972,12189332,12833099,13057081,13113225,13113585,13113945,13195038,5490224,5490950,5502801,5712274,5979628,6207184,6351229,8577619,8750588,8750948,8751308,8751668,8752028,8752388,8827652,8909065,9005818,9137763,9138125,9138486,9138847,9203999,9204358,9296856,9313762,9534698,9556952,9597543,9597902,9711055,9772403,9881170,9920131,9941765,10048833,10103251,10120517,10120876,10261913,10262272,10439243,11230720,11231082,12093314,12187892,12188972,12189332,12833099,13057081,13113225,13113585,13113945,13195038,5490224,5490950,5502801,5712274,5979628,6207184,6351229,8577619,8750588,8750948,8751308,8751668,8752028,8752388,8827652,8909065,9005818,9137763,9138125,9138486,9138847,9203999,9204358,9296856,9313762,9534698,9556952,9597543,9597902,9711055,9772403,9881170,9920131,9941765,10048833,10103251,10120517,10120876,10261913,10262272,10439243,11230720,11231082,12093314,12187892,12188972,12189332,12833099,13057081,13113225,13113585,13113945,13195038,5490224,5490950,5502801,5712274,5979628,6207184,6351229,8577619,8750588,8750948,8751308,8751668,8752028,8752388,8827652,8909065,9005818,9137763,9138125,9138486,9138847,9203999,9204358,9296856,9313762,9534698,9556952,9597543,9597902,9711055,9772403,9881170,9920131,9941765,10048833,10103251,10120517,10120876,10261913,10262272,10439243,11230720,11231082,12093314,12187892,12188972,12189332,12833099,13057081,13113225,13113585,13113945,13195038
X	tttgcaaattttgatgatgttaccccttac	5490215,5490582,5490941,5502792,5712626,6206816,6207175,6351582,8577610,8578301,8750579,8750939,8752019,8752379,8827643,8851241,9005809,9036965,9137754,9138116,9138477,9138838,9203990,9204349,9296847,9297207,9534689,9556943,9597534,9597893,9711046,9772394,9881161,9920122,9941756,9971581,9984034,10048824,10049185,10103242,10120508,10120867,10261904,10262263,10262622,11023295,11532326,11780491,11781556,12093305,12189323,13056712,13057072,13423519,13530362,15597857,17348110,5490215,5490582,5490941,5502792,5712626,6206816,6207175,6351582,8577610,8578301,8750579,8750939,8752019,8752379,8827643,8851241,9005809,9036965,9137754,9138116,9138477,9138838,9203990,9204349,9296847,9297207,9534689,9556943,9597534,9597893,9711046,9772394,9881161,9920122,9941756,9971581,9984034,10048824,10049185,10103242,10120508,10120867,10261904,10262263,10262622,11023295,11532326,11780491,11781556,12093305,12189323,13056712,13057072,13423519,13530362,15597857,17348110,5490215,5490582,5490941,5502792,5712626,6206816,6207175,6351582,8577610,8578301,8750579,8750939,8752019,8752379,8827643,8851241,9005809,9036965,9137754,9138116,9138477,9138838,9203990,9204349,9296847,9297207,9534689,9556943,9597534,9597893,9711046,9772394,9881161,9920122,9941756,9971581,9984034,10048824,10049185,10103242,10120508,10120867,10261904,10262263,10262622,11023295,11532326,11780491,11781556,12093305,12189323,13056712,13057072,13423519,13530362,15597857,17348110,5490215,5490582,5490941,5502792,5712626,6206816,6207175,6351582,8577610,8578301,8750579,8750939,8752019,8752379,8827643,8851241,9005809,9036965,9137754,9138116,9138477,9138838,9203990,9204349,9296847,9297207,9534689,9556943,9597534,9597893,9711046,9772394,9881161,9920122,9941756,9971581,9984034,10048824,10049185,10103242,10120508,10120867,10261904,10262263,10262622,11023295,11532326,11780491,11781556,12093305,12189323,13056712,13057072,13423519,13530362,15597857,17348110,5490215,5490582,5490941,5502792,5712626,6206816,6207175,6351582,8577610,8578301,8750579,8750939,8752019,8752379,8827643,8851241,9005809,9036965,9137754,9138116,9138477,9138838,9203990,9204349,9296847,9297207,9534689,9556943,9597534,9597893,9711046,9772394,9881161,9920122,9941756,9971581,9984034,10048824,10049185,10103242,10120508,10120867,10261904,10262263,10262622,11023295,11532326,11780491,11781556,12093305,12189323,13056712,13057072,13423519,13530362,15597857,17348110,5490215,5490582,5490941,5502792,5712626,6206816,6207175,6351582,8577610,8578301,8750579,8750939,8752019,8752379,8827643,8851241,9005809,9036965,9137754,9138116,9138477,9138838,9203990,9204349,9296847,9297207,9534689,9556943,9597534,9597893,9711046,9772394,9881161,9920122,9941756,9971581,9984034,10048824,10049185,10103242,10120508,10120867,10261904,10262263,10262622,11023295,11532326,11780491,11781556,12093305,12189323,13056712,13057072,13423519,13530362,15597857,17348110,5490215,5490582,5490941,5502792,5712626,6206816,6207175,6351582,8577610,8578301,8750579,8750939,8752019,8752379,8827643,8851241,9005809,9036965,9137754,9138116,9138477,9138838,9203990,9204349,9296847,9297207,9534689,9556943,9597534,9597893,9711046,9772394,9881161,9920122,9941756,9971581,9984034,10048824,10049185,10103242,10120508,10120867,10261904,10262263,10262622,11023295,11532326,11780491,11781556,12093305,12189323,13056712,13057072,13423519,13530362,15597857,17348110,5490215,5490582,5490941,5502792,5712626,6206816,6207175,6351582,8577610,8578301,8750579,8750939,8752019,8752379,8827643,8851241,9005809,9036965,9137754,9138116,9138477,9138838,9203990,9204349,9296847,9297207,9534689,9556943,9597534,9597893,9711046,9772394,9881161,9920122,9941756,9971581,9984034,10048824,10049185,10103242,10120508,10120867,10261904,10262263,10262622,11023295,11532326,11780491,11781556,12093305,12189323,13056712,13057072,13423519,13530362,15597857,17348110
X	ttttgatgatgttaccccttacaaaaaatg	5490223,5490949,5502800,5712273,5979627,6207183,6351228,8531035,8577618,8750587,8750947,8751307,8751667,8752027,8752387,8827651,8909064,9005817,9137762,9138124,9138485,9138846,9203998,9204357,9296855,9313761,9534697,9556951,9597542,9597901,9711054,9772402,9880812,9881169,9920130,9941764,9971589,10048832,10103250,10120516,10120875,10261912,10262271,10439242,11230719,11231081,12093313,12187891,12188971,12189331,12494000,12833098,13057080,13113224,13113584,13113944,13195037,14914998,15597865,5490223,5490949,5502800,5712273,5979627,6207183,6351228,8531035,8577618,8750587,8750947,8751307,8751667,8752027,8752387,8827651,8909064,9005817,9137762,9138124,9138485,9138846,9203998,9204357,9296855,9313761,9534697,9556951,9597542,9597901,9711054,9772402,9880812,9881169,9920130,9941764,9971589,10048832,10103250,10120516,10120875,10261912,10262271,10439242,11230719,11231081,12093313,12187891,12188971,12189331,12494000,12833098,13057080,13113224,13113584,13113944,13195037,14914998,15597865,5490223,5490949,5502800,5712273,5979627,6207183,6351228,8531035,8577618,8750587,8750947,8751307,8751667,8752027,8752387,8827651,8909064,9005817,9137762,9138124,9138485,9138846,9203998,9204357,9296855,9313761,9534697,9556951,9597542,9597901,9711054,9772402,9880812,9881169,9920130,9941764,9971589,10048832,10103250,10120516,10120875,10261912,10262271,10439242,11230719,11231081,12093313,12187891,12188971,12189331,12494000,12833098,13057080,13113224,13113584,13113944,13195037,14914998,15597865,5490223,5490949,5502800,5712273,5979627,6207183,6351228,8531035,8577618,8750587,8750947,8751307,8751667,8752027,8752387,8827651,8909064,9005817,9137762,9138124,9138485,9138846,9203998,9204357,9296855,9313761,9534697,9556951,9597542,9597901,9711054,9772402,9880812,9881169,9920130,9941764,9971589,10048832,10103250,10120516,10120875,10261912,10262271,10439242,11230719,11231081,12093313,12187891,12188971,12189331,12494000,12833098,13057080,13113224,13113584,13113944,13195037,14914998,15597865,5490223,5490949,5502800,5712273,5979627,6207183,6351228,8531035,8577618,8750587,8750947,8751307,8751667,8752027,8752387,8827651,8909064,9005817,9137762,9138124,9138485,9138846,9203998,9204357,9296855,9313761,9534697,9556951,9597542,9597901,9711054,9772402,9880812,9881169,9920130,9941764,9971589,10048832,10103250,10120516,10120875,10261912,10262271,10439242,11230719,11231081,12093313,12187891,12188971,12189331,12494000,12833098,13057080,13113224,13113584,13113944,13195037,14914998,15597865,5490223,5490949,5502800,5712273,5979627,6207183,6351228,8531035,8577618,8750587,8750947,8751307,8751667,8752027,8752387,8827651,8909064,9005817,9137762,9138124,9138485,9138846,9203998,9204357,9296855,9313761,9534697,9556951,9597542,9597901,9711054,9772402,9880812,9881169,9920130,9941764,9971589,10048832,10103250,10120516,10120875,10261912,10262271,10439242,11230719,11231081,12093313,12187891,12188971,12189331,12494000,12833098,13057080,13113224,13113584,13113944,13195037,14914998,15597865,5490223,5490949,5502800,5712273,5979627,6207183,6351228,8531035,8577618,8750587,8750947,8751307,8751667,8752027,8752387,8827651,8909064,9005817,9137762,9138124,9138485,9138846,9203998,9204357,9296855,9313761,9534697,9556951,9597542,9597901,9711054,9772402,9880812,9881169,9920130,9941764,9971589,10048832,10103250,10120516,10120875,10261912,10262271,10439242,11230719,11231081,12093313,12187891,12188971,12189331,12494000,12833098,13057080,13113224,13113584,13113944,13195037,14914998,15597865,5490223,5490949,5502800,5712273,5979627,6207183,6351228,8531035,8577618,8750587,8750947,8751307,8751667,8752027,8752387,8827651,8909064,9005817,9137762,9138124,9138485,9138846,9203998,9204357,9296855,9313761,9534697,9556951,9597542,9597901,9711054,9772402,9880812,9881169,9920130,9941764,9971589,10048832,10103250,10120516,10120875,10261912,10262271,10439242,11230719,11231081,12093313,12187891,12188971,12189331,12494000,12833098,13057080,13113224,13113584,13113944,13195037,14914998,15597865
X	ttttgcaaattttgatgatgttacccctta	4328788,4382695,5490214,5490581,5490940,5502791,5503151,5712625,6206815,6207174,6351581,6418290,6419614,6477700,6479024,8577609,8578300,8750578,8750938,8752018,8752378,8827642,8851240,9005808,9036964,9137753,9138115,9138476,9138837,9203989,9204348,9296846,9297206,9534688,9556942,9597533,9597892,9711045,9772393,9881160,9920121,9941755,9971580,9984033,10048823,10049184,10103241,10120507,10120866,10156190,10261903,10262262,10262621,11023294,11532325,11780490,11781555,12093304,12189322,13056711,13057071,13242019,13423518,13530361,15597856,17348109,4328788,4382695,5490214,5490581,5490940,5502791,5503151,5712625,6206815,6207174,6351581,6418290,6419614,6477700,6479024,8577609,8578300,8750578,8750938,8752018,8752378,8827642,8851240,9005808,9036964,9137753,9138115,9138476,9138837,9203989,9204348,9296846,9297206,9534688,9556942,9597533,9597892,9711045,9772393,9881160,9920121,9941755,9971580,9984033,10048823,10049184,10103241,10120507,10120866,10156190,10261903,10262262,10262621,11023294,11532325,11780490,11781555,12093304,12189322,13056711,13057071,13242019,13423518,13530361,15597856,17348109,4328788,4382695,5490214,5490581,5490940,5502791,5503151,5712625,6206815,6207174,6351581,6418290,6419614,6477700,6479024,8577609,8578300,8750578,8750938,8752018,8752378,8827642,8851240,9005808,9036964,9137753,9138115,9138476,9138837,9203989,9204348,9296846,9297206,9534688,9556942,9597533,9597892,9711045,9772393,9881160,9920121,9941755,9971580,9984033,10048823,10049184,10103241,10120507,10120866,10156190,10261903,10262262,10262621,11023294,11532325,11780490,11781555,12093304,12189322,13056711,13057071,13242019,13423518,13530361,15597856,17348109,4328788,4382695,5490214,5490581,5490940,5502791,5503151,5712625,6206815,6207174,6351581,6418290,6419614,6477700,6479024,8577609,8578300,8750578,8750938,8752018,8752378,8827642,8851240,9005808,9036964,9137753,9138115,9138476,9138837,9203989,9204348,9296846,9297206,9534688,9556942,9597533,9597892,9711045,9772393,9881160,9920121,9941755,9971580,9984033,10048823,10049184,10103241,10120507,10120866,10156190,10261903,10262262,10262621,11023294,11532325,11780490,11781555,12093304,12189322,13056711,13057071,13242019,13423518,13530361,15597856,17348109,4328788,4382695,5490214,5490581,5490940,5502791,5503151,5712625,6206815,6207174,6351581,6418290,6419614,6477700,6479024,8577609,8578300,8750578,8750938,8752018,8752378,8827642,8851240,9005808,9036964,9137753,9138115,9138476,9138837,9203989,9204348,9296846,9297206,9534688,9556942,9597533,9597892,9711045,9772393,9881160,9920121,9941755,9971580,9984033,10048823,10049184,10103241,10120507,10120866,10156190,10261903,10262262,10262621,11023294,11532325,11780490,11781555,12093304,12189322,13056711,13057071,13242019,13423518,13530361,15597856,17348109,4328788,4382695,5490214,5490581,5490940,5502791,5503151,5712625,6206815,6207174,6351581,6418290,6419614,6477700,6479024,8577609,8578300,8750578,8750938,8752018,8752378,8827642,8851240,9005808,9036964,9137753,9138115,9138476,9138837,9203989,9204348,9296846,9297206,9534688,9556942,9597533,9597892,9711045,9772393,9881160,9920121,9941755,9971580,9984033,10048823,10049184,10103241,10120507,10120866,10156190,10261903,10262262,10262621,11023294,11532325,11780490,11781555,12093304,12189322,13056711,13057071,13242019,13423518,13530361,15597856,17348109,4328788,4382695,5490214,5490581,5490940,5502791,5503151,5712625,6206815,6207174,6351581,6418290,6419614,6477700,6479024,8577609,8578300,8750578,8750938,8752018,8752378,8827642,8851240,9005808,9036964,9137753,9138115,9138476,9138837,9203989,9204348,9296846,9297206,9534688,9556942,9597533,9597892,9711045,9772393,9881160,9920121,9941755,9971580,9984033,10048823,10049184,10103241,10120507,10120866,10156190,10261903,10262262,10262621,11023294,11532325,11780490,11781555,12093304,12189322,13056711,13057071,13242019,13423518,13530361,15597856,17348109,4328788,4382695,5490214,5490581,5490940,5502791,5503151,5712625,6206815,6207174,6351581,6418290,6419614,6477700,6479024,8577609,8578300,8750578,8750938,8752018,8752378,8827642,8851240,9005808,9036964,9137753,9138115,9138476,9138837,9203989,9204348,9296846,9297206,9534688,9556942,9597533,9597892,9711045,9772393,9881160,9920121,9941755,9971580,9984033,10048823,10049184,10103241,10120507,10120866,10156190,10261903,10262262,10262621,11023294,11532325,11780490,11781555,12093304,12189322,13056711,13057071,13242019,13423518,13530361,15597856,17348109
X	tttttgcaaattttgatgatgttacccctt	4328787,4382694,5490213,5490580,5490939,5502790,5503150,5712624,6206814,6207173,6351580,6418289,6419613,6477699,6479023,8577608,8578299,8750577,8750937,8752017,8752377,8827641,8851239,9005807,9036963,9137752,9138114,9138475,9138836,9203988,9204347,9296845,9297205,9534687,9556941,9597532,9597891,9711044,9772392,9881159,9920120,9941754,9971579,9984032,10048822,10049183,10103240,10120506,10120865,10156189,10261902,10262261,10262620,11023293,11362725,11532324,11780489,11781554,12093303,12189321,13056710,13057070,13242018,13423517,13530360,13900806,13901156,15597855,17348108,4328787,4382694,5490213,5490580,5490939,5502790,5503150,5712624,6206814,6207173,6351580,6418289,6419613,6477699,6479023,8577608,8578299,8750577,8750937,8752017,8752377,8827641,8851239,9005807,9036963,9137752,9138114,9138475,9138836,9203988,9204347,9296845,9297205,9534687,9556941,9597532,9597891,9711044,9772392,9881159,9920120,9941754,9971579,9984032,10048822,10049183,10103240,10120506,10120865,10156189,10261902,10262261,10262620,11023293,11362725,11532324,11780489,11781554,12093303,12189321,13056710,13057070,13242018,13423517,13530360,13900806,13901156,15597855,17348108,4328787,4382694,5490213,5490580,5490939,5502790,5503150,5712624,6206814,6207173,6351580,6418289,6419613,6477699,6479023,8577608,8578299,8750577,8750937,8752017,8752377,8827641,8851239,9005807,9036963,9137752,9138114,9138475,9138836,9203988,9204347,9296845,9297205,9534687,9556941,9597532,9597891,9711044,9772392,9881159,9920120,9941754,9971579,9984032,10048822,10049183,10103240,10120506,10120865,10156189,10261902,10262261,10262620,11023293,11362725,11532324,11780489,11781554,12093303,12189321,13056710,13057070,13242018,13423517,13530360,13900806,13901156,15597855,17348108,4328787,4382694,5490213,5490580,5490939,5502790,5503150,5712624,6206814,6207173,6351580,6418289,6419613,6477699,6479023,8577608,8578299,8750577,8750937,8752017,8752377,8827641,8851239,9005807,9036963,9137752,9138114,9138475,9138836,9203988,9204347,9296845,9297205,9534687,9556941,9597532,9597891,9711044,9772392,9881159,9920120,9941754,9971579,9984032,10048822,10049183,10103240,10120506,10120865,10156189,10261902,10262261,10262620,11023293,11362725,11532324,11780489,11781554,12093303,12189321,13056710,13057070,13242018,13423517,13530360,13900806,13901156,15597855,17348108,4328787,4382694,5490213,5490580,5490939,5502790,5503150,5712624,6206814,6207173,6351580,6418289,6419613,6477699,6479023,8577608,8578299,8750577,8750937,8752017,8752377,8827641,8851239,9005807,9036963,9137752,9138114,9138475,9138836,9203988,9204347,9296845,9297205,9534687,9556941,9597532,9597891,9711044,9772392,9881159,9920120,9941754,9971579,9984032,10048822,10049183,10103240,10120506,10120865,10156189,10261902,10262261,10262620,11023293,11362725,11532324,11780489,11781554,12093303,12189321,13056710,13057070,13242018,13423517,13530360,13900806,13901156,15597855,17348108,4328787,4382694,5490213,5490580,5490939,5502790,5503150,5712624,6206814,6207173,6351580,6418289,6419613,6477699,6479023,8577608,8578299,8750577,8750937,8752017,8752377,8827641,8851239,9005807,9036963,9137752,9138114,9138475,9138836,9203988,9204347,9296845,9297205,9534687,9556941,9597532,9597891,9711044,9772392,9881159,9920120,9941754,9971579,9984032,10048822,10049183,10103240,10120506,10120865,10156189,10261902,10262261,10262620,11023293,11362725,11532324,11780489,11781554,12093303,12189321,13056710,13057070,13242018,13423517,13530360,13900806,13901156,15597855,17348108,4328787,4382694,5490213,5490580,5490939,5502790,5503150,5712624,6206814,6207173,6351580,6418289,6419613,6477699,6479023,8577608,8578299,8750577,8750937,8752017,8752377,8827641,8851239,9005807,9036963,9137752,9138114,9138475,9138836,9203988,9204347,9296845,9297205,9534687,9556941,9597532,9597891,9711044,9772392,9881159,9920120,9941754,9971579,9984032,10048822,10049183,10103240,10120506,10120865,10156189,10261902,10262261,10262620,11023293,11362725,11532324,11780489,11781554,12093303,12189321,13056710,13057070,13242018,13423517,13530360,13900806,13901156,15597855,17348108,4328787,4382694,5490213,5490580,5490939,5502790,5503150,5712624,6206814,6207173,6351580,6418289,6419613,6477699,6479023,8577608,8578299,8750577,8750937,8752017,8752377,8827641,8851239,9005807,9036963,9137752,9138114,9138475,9138836,9203988,9204347,9296845,9297205,9534687,9556941,9597532,9597891,9711044,9772392,9881159,9920120,9941754,9971579,9984032,10048822,10049183,10103240,10120506,10120865,10156189,10261902,10262261,10262620,11023293,11362725,11532324,11780489,11781554,12093303,12189321,13056710,13057070,13242018,13423517,13530360,13900806,13901156,15597855,17348108
X	ttttttgcaaattttgatgatgttacccct	5490212,5490938,5502789,5503149,5712623,6206813,6207172,6418288,6419612,6477698,6479022,8577607,8578298,8750576,8750936,8752016,8752376,8827640,8851238,9005806,9036962,9137751,9138113,9138474,9138835,9203987,9204346,9296844,9297204,9534686,9556940,9597531,9597890,9711043,9772391,9881158,9920119,9941753,9971578,9984031,10048821,10049182,10103239,10120505,10120864,10156188,10261901,10262260,10262619,11023292,11362724,11532323,11780488,11781553,12093302,12189320,13056709,13057069,13242017,13423516,13530359,13900805,13901155,15597854,17348107,5490212,5490938,5502789,5503149,5712623,6206813,6207172,6418288,6419612,6477698,6479022,8577607,8578298,8750576,8750936,8752016,8752376,8827640,8851238,9005806,9036962,9137751,9138113,9138474,9138835,9203987,9204346,9296844,9297204,9534686,9556940,9597531,9597890,9711043,9772391,9881158,9920119,9941753,9971578,9984031,10048821,10049182,10103239,10120505,10120864,10156188,10261901,10262260,10262619,11023292,11362724,11532323,11780488,11781553,12093302,12189320,13056709,13057069,13242017,13423516,13530359,13900805,13901155,15597854,17348107,5490212,5490938,5502789,5503149,5712623,6206813,6207172,6418288,6419612,6477698,6479022,8577607,8578298,8750576,8750936,8752016,8752376,8827640,8851238,9005806,9036962,9137751,9138113,9138474,9138835,9203987,9204346,9296844,9297204,9534686,9556940,9597531,9597890,9711043,9772391,9881158,9920119,9941753,9971578,9984031,10048821,10049182,10103239,10120505,10120864,10156188,10261901,10262260,10262619,11023292,11362724,11532323,11780488,11781553,12093302,12189320,13056709,13057069,13242017,13423516,13530359,13900805,13901155,15597854,17348107,5490212,5490938,5502789,5503149,5712623,6206813,6207172,6418288,6419612,6477698,6479022,8577607,8578298,8750576,8750936,8752016,8752376,8827640,8851238,9005806,9036962,9137751,9138113,9138474,9138835,9203987,9204346,9296844,9297204,9534686,9556940,9597531,9597890,9711043,9772391,9881158,9920119,9941753,9971578,9984031,10048821,10049182,10103239,10120505,10120864,10156188,10261901,10262260,10262619,11023292,11362724,11532323,11780488,11781553,12093302,12189320,13056709,13057069,13242017,13423516,13530359,13900805,13901155,15597854,17348107,5490212,5490938,5502789,5503149,5712623,6206813,6207172,6418288,6419612,6477698,6479022,8577607,8578298,8750576,8750936,8752016,8752376,8827640,8851238,9005806,9036962,9137751,9138113,9138474,9138835,9203987,9204346,9296844,9297204,9534686,9556940,9597531,9597890,9711043,9772391,9881158,9920119,9941753,9971578,9984031,10048821,10049182,10103239,10120505,10120864,10156188,10261901,10262260,10262619,11023292,11362724,11532323,11780488,11781553,12093302,12189320,13056709,13057069,13242017,13423516,13530359,13900805,13901155,15597854,17348107,5490212,5490938,5502789,5503149,5712623,6206813,6207172,6418288,6419612,6477698,6479022,8577607,8578298,8750576,8750936,8752016,8752376,8827640,8851238,9005806,9036962,9137751,9138113,9138474,9138835,9203987,9204346,9296844,9297204,9534686,9556940,9597531,9597890,9711043,9772391,9881158,9920119,9941753,9971578,9984031,10048821,10049182,10103239,10120505,10120864,10156188,10261901,10262260,10262619,11023292,11362724,11532323,11780488,11781553,12093302,12189320,13056709,13057069,13242017,13423516,13530359,13900805,13901155,15597854,17348107,5490212,5490938,5502789,5503149,5712623,6206813,6207172,6418288,6419612,6477698,6479022,8577607,8578298,8750576,8750936,8752016,8752376,8827640,8851238,9005806,9036962,9137751,9138113,9138474,9138835,9203987,9204346,9296844,9297204,9534686,9556940,9597531,9597890,9711043,9772391,9881158,9920119,9941753,9971578,9984031,10048821,10049182,10103239,10120505,10120864,10156188,10261901,10262260,10262619,11023292,11362724,11532323,11780488,11781553,12093302,12189320,13056709,13057069,13242017,13423516,13530359,13900805,13901155,15597854,17348107,5490212,5490938,5502789,5503149,5712623,6206813,6207172,6418288,6419612,6477698,6479022,8577607,8578298,8750576,8750936,8752016,8752376,8827640,8851238,9005806,9036962,9137751,9138113,9138474,9138835,9203987,9204346,9296844,9297204,9534686,9556940,9597531,9597890,9711043,9772391,9881158,9920119,9941753,9971578,9984031,10048821,10049182,10103239,10120505,10120864,10156188,10261901,10262260,10262619,11023292,11362724,11532323,11780488,11781553,12093302,12189320,13056709,13057069,13242017,13423516,13530359,13900805,13901155,15597854,17348107
