X	aaacaaactcaacgaggtatgacattccat	8318135,8369346,8369707,8699250,8700329,8700689,8701048,8701408,8701768,8735130,8735490,8840870,10488866,10489226,10830537,10830897,10831257,10918948,10991278,11889770,11890490,11890850,11891210,11891574,13361725,13362085,14606279
X	aaactcaacgaggtatgacattccatattt	8318139,8369350,8369711,8699254,8700333,8700693,8701052,8701412,8701772,8735134,8735494,8840874,10488870,10489230,10830541,10918952,10991282,11889774,11890494,11890854,11891214,11891578,13361729,13362089,14606283
X	aaatgtggaatgtcatacctcgttgaattc	10395747,10396096,10396445
X	aaattccctatcgacctgtattcaaagttg	10395434,10395783,10396132,10396481,10622013,10971541,10971888
X	aacaaactcaacgaggtatgacattccata	8318136,8369347,8369708,8699251,8700330,8700690,8701049,8701409,8701769,8735131,8735491,8840871,10488867,10489227,10830538,10830898,10831258,10918949,10991279,11889771,11890491,11890851,11891211,11891575,13361726,13362086,14606280
X	aacgaggtatgacattccatatttgggtaa	8699260,8700699,8701058,8701778,8735140,8735500,8840880,10488876,10489236,15221694
X	aactcaacgaggtatgacattccatatttg	8318140,8369351,8369712,8699255,8700334,8700694,8701053,8701413,8701773,8735135,8735495,8840875,10488871,10489231,10830542,10918953,10991283,11889775,11890495,11890855,11891215,11891579,13361730,13362090,14606284
X	aatgtcaaatgaagtcgagatgcttaacag	10951751
X	aatgtggaatgtcatacctcgttgaattcg	10395748,10396097,10396446
X	aattccctatcgacctgtattcaaagttgg	10395435,10395784,10396133,10396482,10622014,10971542,10971889
X	aattgtccaaatgtggaatgtcatacctcg	10395739,10396088,10396437,10662052,10949760
X	aattttcgcattttttgtaaggggtaacat	8318034,8369606,8699509,8699868,8700228,8700588,8700947,8701307,8701667,8702027,8735389,8735749,8840409,8840769,9072557,9374509,9396889,9515615,9623418,9623727,9624086,9624445,9624804,9625163,9625522,9625881,9726392,9809918,9810277,9870372,9905080,9956158,10240044,10240403,10292149,10340405,10340764,10489125,10831156,10919567,10990096,10990456,10990817,12047093,12047450,12047807,12124176,12437774,12438132,12438492,12683506,12794880,12795599,12795959,12796679,12797039,12797399,12797759,13360904,13361264,13361624,13361984,13362344,15221583
X	acaaactcaacgaggtatgacattccatat	8318137,8369348,8369709,8699252,8700331,8700691,8701050,8701410,8701770,8735132,8735492,8840872,10488868,10489228,10830539,10830899,10831259,10918950,10991280,11889772,11890492,11890852,11891212,11891576,13361727,13362087,14606281
X	acctgtattcaaagttggaaattctaattt	10395447,10395796,10396145,10396494,10951315,10971554,10971901
X	acgaggtatgacattccatatttgggtaat	8700700,8701059,8735141,8735501,8840881,10488877,10489237,15221695
X	acgttatgtcgtagacgagcagtatgccat	10622881,10661481,10950686
X	actcaacgaggtatgacattccatatttgg	8318141,8369352,8369713,8699256,8700335,8700695,8701054,8701414,8701774,8735136,8735496,8840876,10488872,10489232,10918954,10991284,13361731,13362091,14606285
X	agaaggttgagattcagcatacagattcta	150125,21002615,21421528
X	aggtatgacattccatatttgggtaattat	8700703,8701062,8735144,8735504,8840524,10488880,10489240,15221698
X	ataattgtccaaatgtggaatgtcatacct	10662050,10949758
X	atatgtccattgccaacgagctaaatatgt	10622647,10661247,10950452
X	atcgacctgtattcaaagttggaaattcta	10395443,10395792,10396141,10396490,10971550,10971897
X	atctgatagtcgggaaactcgactatagca	8313129,15934124,21133083
X	atggttagctatacttaatggcagtacaaa	10662213
X	atgtcaaatgaagtcgagatgcttaacagc	10951752
X	atgtccattgccaacgagctaaatatgtca	10622649,10661249,10950454
X	atgtcgtagacgagcagtatgccatgggca	10622886,10661486,10950691
X	atgtggaatgtcatacctcgttgaattcgt	10395749,10396098,10396447
X	attccctatcgacctgtattcaaagttgga	10395436,10395785,10396134,10396483,10622015,10971543,10971890
X	attgccaacgagctaaatatgtcatataca	10622655,10661255,10950460
X	attgtccaaatgtggaatgtcatacctcgt	10395740,10396089,10396438,10662053,10949761
X	attttcgcattttttgtaaggggtaacatc	8318035,8369607,8699510,8699869,8700229,8700589,8700948,8701308,8701668,8702028,8735390,8735750,8840410,8840770,9072558,9374510,9396890,9515616,9623419,9623728,9624087,9624446,9624805,9625164,9625523,9625882,9726393,9809919,9810278,9870373,9905081,9956159,10240045,10240404,10292150,10340406,10340765,10489126,10831157,10919568,10990097,10990457,10990818,12047094,12047451,12047808,12124177,12437775,12438133,12438493,12683507,12794881,12795600,12795960,12796680,12797040,12797400,12797760,13360905,13361265,13361625,13361985,13362345,15221584
X	attttttgtaaggggtaacatcatcaaaat	5460533,5523168,5523506,5580399,5580759,5581119,8318043,8369615,8699518,8699877,8700237,8700597,8700956,8701316,8702036,8735398,8735758,8840418,8840778,9017397,9072566,9093016,9235208,9374518,9396898,9623427,9623736,9624095,9624454,9624813,9625172,9625531,9625890,9726401,9727119,9809927,9810286,9840958,9905089,9956167,10240053,10292158,10340414,10340773,10489134,10919576,11889678,11890398,12124545,12124903,12437783,12438141,12438501,12683169,12683515,12794889,12795608,12795968,12796688,12797048,12797408,12797768,12928661,13126672,13360913,13361273,13361993,13362353
X	caaactcaacgaggtatgacattccatatt	8318138,8369349,8369710,8699253,8700332,8700692,8701051,8701411,8701771,8735133,8735493,8840873,10488869,10489229,10830540,10918951,10991281,11889773,11890493,11890853,11891213,11891577,13361728,13362088,14606282
X	caaatgtggaatgtcatacctcgttgaatt	10395746,10396095,10396444,10949767
X	caacgaggtatgacattccatatttgggta	8699259,8700698,8701057,8701777,8735139,8735499,8840879,10488875,10489235,15221693
X	cattgccaacgagctaaatatgtcatatac	10622654,10661254,10950459
X	cattttttgtaaggggtaacatcatcaaaa	5460532,5523167,5523505,5580398,5580758,5581118,8318042,8369614,8699517,8699876,8700236,8700596,8700955,8701315,8702035,8735397,8735757,8840417,8840777,9017396,9072565,9093015,9235207,9374517,9396897,9623426,9623735,9624094,9624453,9624812,9625171,9625530,9625889,9726400,9727118,9809926,9810285,9840957,9905088,9956166,10008136,10240052,10292157,10340413,10340772,10489133,10919575,11889677,11890397,12124544,12124902,12437782,12438140,12438500,12683514,12794888,12795607,12795967,12796687,12797047,12797407,12797767,12928660,13126671,13360912,13361272,13361992,13362352
X	ccaaatgtggaatgtcatacctcgttgaat	10395745,10396094,10396443,10949766
X	ccatgctcacctggcgatggttcggatcat	10622755,10661355,10950560
X	ccattgccaacgagctaaatatgtcatata	10622653,10661253,10950458
X	ccctatcgacctgtattcaaagttggaaat	10395439,10395788,10396137,10396486,10971546,10971893
X	ccgtatctccttcatccagccatcgatgtt	10622834,10661434,10950639
X	cctatcgacctgtattcaaagttggaaatt	10395440,10395789,10396138,10396487,10971547,10971894
X	cgacctgtattcaaagttggaaattctaat	10395445,10395794,10396143,10396492,10971552,10971899
X	cgacgttatgtcgtagacgagcagtatgcc	10622879,10661479,10950684
X	cgaggtatgacattccatatttgggtaatt	8700701,8701060,8735142,8735502,8840882,10488878,10489238,15221696
X	cgcattttttgtaaggggtaacatcatcaa	5460530,5523165,5523503,5580396,5580756,5581116,8318040,8369612,8699515,8699874,8700234,8700594,8700953,8701313,8702033,8735395,8735755,8840415,8840775,9072563,9374515,9396895,9623424,9623733,9624092,9624451,9624810,9625169,9625528,9625887,9726398,9809924,9810283,9905086,9956164,10240050,10292155,10340411,10340770,10489131,10919573,12437780,12438138,12438498,12683512,12794886,12795605,12795965,12796685,12797045,12797405,12797765,12928658,13360910,13361270,13361990,13362350
X	cgccgtatctccttcatccagccatcgatg	10622832,10661432,10950637
X	cggtttggtttaatatgtataacgattcga	10623166,10661766,10950971
X	cgtagacgagcagtatgccatgggcactgc	10622890,10661490,10950695
X	cgtatctccttcatccagccatcgatgttt	10622835,10661435,10950640
X	cgttatgtcgtagacgagcagtatgccatg	10622882,10661482,10950687
X	ctatcgacctgtattcaaagttggaaattc	10395441,10395790,10396139,10396488,10971548,10971895
X	ctcaacgaggtatgacattccatatttggg	8369714,8699257,8700696,8701055,8701775,8735137,8735497,8840877,10488873,10489233,10918955,10991285,13361732,14606286
X	ctgatagtcgggaaactcgactatagcatt	8313131,21133085
X	gaaggttgagattcagcatacagattctat	150126
X	gacctgtattcaaagttggaaattctaatt	10395446,10395795,10396144,10396493,10951314,10971553,10971900
X	gacgttatgtcgtagacgagcagtatgcca	10622880,10661480,10950685
X	gaggtatgacattccatatttgggtaatta	8700702,8701061,8735143,8735503,8840523,10488879,10489239,15221697
X	gatggttagctatacttaatggcagtacaa	10662212
X	gcattttttgtaaggggtaacatcatcaaa	5460531,5523166,5523504,5580397,5580757,5581117,8318041,8369613,8699516,8699875,8700235,8700595,8700954,8701314,8702034,8735396,8735756,8840416,8840776,9017395,9072564,9235206,9374516,9396896,9623425,9623734,9624093,9624452,9624811,9625170,9625529,9625888,9726399,9727117,9809925,9810284,9840956,9905087,9956165,10008135,10240051,10292156,10340412,10340771,10489132,10919574,12124901,12437781,12438139,12438499,12683513,12794887,12795606,12795966,12796686,12797046,12797406,12797766,12928659,13126670,13360911,13361271,13361991,13362351
X	gccaacgagctaaatatgtcatatacattc	10622658,10661258,10950463
X	gccgtatctccttcatccagccatcgatgt	10622833,10661433,10950638
X	gcgccgtatctccttcatccagccatcgat	10622831,10661431,10950636
X	ggaatgtcatacctcgttgaattcgtaata	10395753,10396102
X	ggatggttagctatacttaatggcagtaca	10662211
X	gggatggttagctatacttaatggcagtac	10662210
X	ggtttaatatgtataacgattcgactgaag	10623172,10661772,10950977
X	ggtttggtttaatatgtataacgattcgac	10623167,10661767,10950972
X	gtagacgagcagtatgccatgggcactgcg	10622891,10661491,10950696
X	gtccaaatgtggaatgtcatacctcgttga	10395743,10396092,10396441,10662056,10949764
X	gtccattgccaacgagctaaatatgtcata	10622651,10661251,10950456
X	gtcgtagacgagcagtatgccatgggcact	10622888,10661488,10950693
X	gtggaatgtcatacctcgttgaattcgtaa	10395751,10396100,10396449,12998600,13019971
X	gttatgtcgtagacgagcagtatgccatgg	10622883,10661483,10950688
X	gtttaatatgtataacgattcgactgaagt	10623173,10661773,10950978
X	gtttggtttaatatgtataacgattcgact	10623168,10661768,10950973
X	taattgtccaaatgtggaatgtcatacctc	10395738,10396087,10396436,10662051,10949759
X	tagaaggttgagattcagcatacagattct	150124,21421527
X	tagacgagcagtatgccatgggcactgcga	10622892,10661492,10950697
X	tatatgtccattgccaacgagctaaatatg	10622646,10661246,10950451
X	tatcgacctgtattcaaagttggaaattct	10395442,10395791,10396140,10396489,10971549,10971896
X	tatgtccattgccaacgagctaaatatgtc	10622648,10661248,10950453
X	tatgtcgtagacgagcagtatgccatgggc	10622885,10661485,10950690
X	tcaacgaggtatgacattccatatttgggt	8699258,8700697,8701056,8701776,8735138,8735498,8840878,10488874,10489234
X	tccaaatgtggaatgtcatacctcgttgaa	10395744,10396093,10396442,10662057,10949765
X	tccattgccaacgagctaaatatgtcatat	10622652,10661252,10950457
X	tccctatcgacctgtattcaaagttggaaa	10395438,10395787,10396136,10396485,10622017,10971545,10971892
X	tcgacctgtattcaaagttggaaattctaa	10395444,10395793,10396142,10396491,10971551,10971898
X	tcgcattttttgtaaggggtaacatcatca	5460529,5523164,5523502,5580395,5580755,5581115,8318039,8369611,8699514,8699873,8700233,8700593,8700952,8701312,8702032,8735394,8735754,8840414,8840774,9072562,9374514,9396894,9623423,9623732,9624091,9624450,9624809,9625168,9625527,9625886,9726397,9809923,9810282,9905085,9956163,10240049,10292154,10340410,10340769,10489130,10919572,12437779,12438137,12438497,12683511,12794885,12795604,12795964,12796684,12797044,12797404,12797764,12928657,13360909,13361269,13361989,13362349
X	tcggtttggtttaatatgtataacgattcg	10623165,10661765,10950970
X	tcgtagacgagcagtatgccatgggcactg	10622889,10661489,10950694
X	tctgatagtcgggaaactcgactatagcat	8313130,21133084
X	tgccaacgagctaaatatgtcatatacatt	10622657,10661257,10950462
X	tggaatgtcatacctcgttgaattcgtaat	10395752,10396101,10396450
X	tggtttaatatgtataacgattcgactgaa	10623171,10661771,10950976
X	tgtcaaatgaagtcgagatgcttaacagca	10951753
X	tgtccaaatgtggaatgtcatacctcgttg	10395742,10396091,10396440,10662055,10949763
X	tgtccattgccaacgagctaaatatgtcat	10622650,10661250,10950455
X	tgtcgtagacgagcagtatgccatgggcac	10622887,10661487,10950692
X	tgtggaatgtcatacctcgttgaattcgta	10395750,10396099,10396448
X	ttaatatgtataacgattcgactgaagtga	10623175,10661775,10950980
X	ttatgtcgtagacgagcagtatgccatggg	10622884,10661484,10950689
X	ttccactcttggcggaaacctcttcaaagc	10622689
X	ttccctatcgacctgtattcaaagttggaa	10395437,10395786,10396135,10396484,10622016,10971544,10971891
X	ttcgcattttttgtaaggggtaacatcatc	5460528,5523163,5523501,5580394,5580754,5581114,8318038,8369610,8699513,8699872,8700232,8700592,8700951,8701311,8702031,8735393,8735753,8840413,8840773,9072561,9374513,9396893,9623422,9623731,9624090,9624449,9624808,9625167,9625526,9625885,9726396,9809922,9810281,9905084,9956162,10240048,10292153,10340409,10340768,10489129,10919571,12437778,12438136,12438496,12683510,12794884,12795603,12795963,12796683,12797043,12797403,12797763,12928656,13360908,13361268,13361988,13362348
X	ttgccaacgagctaaatatgtcatatacat	10622656,10661256,10950461
X	ttggtttaatatgtataacgattcgactga	10623170,10661770,10950975
X	ttgtccaaatgtggaatgtcatacctcgtt	10395741,10396090,10396439,10662054,10949762
X	tttaatatgtataacgattcgactgaagtg	10623174,10661774,10950979
X	tttcgcattttttgtaaggggtaacatcat	5460527,5523162,5523500,5580393,5580753,5581113,8318037,8369609,8699512,8699871,8700231,8700591,8700950,8701310,8701670,8702030,8735392,8735752,8840412,8840772,9072560,9374512,9396892,9623421,9623730,9624089,9624448,9624807,9625166,9625525,9625884,9726395,9809921,9810280,9905083,9956161,10240047,10292152,10340408,10340767,10489128,10831159,10919570,10990099,10990459,10990820,12047096,12047453,12047810,12124179,12437777,12438135,12438495,12683509,12794883,12795602,12795962,12796682,12797042,12797402,12797762,12928655,13360907,13361267,13361627,13361987,13362347,15221586
X	tttggtttaatatgtataacgattcgactg	10623169,10661769,10950974
X	tttgtaaggggtaacatcatcaaaatttgc	5460537,5523172,5523510,5580403,5580763,5581123,8318047,8369619,8699522,8699881,8700241,8700601,8700960,8701320,8702040,8735402,8735762,8840422,8840782,9034047,9072570,9235212,9374522,9396902,9623431,9623740,9624099,9624458,9624817,9625176,9625535,9625894,9726405,9726764,9809931,9810290,9840962,9905093,9956171,10007782,10240057,10292162,10340418,10340777,10489138,10919580,11889682,11890402,12124549,12437787,12438145,12545220,12683173,12794893,12795612,12795972,12796692,12797052,12797412,12797772,12928665,12929026,13126676,13127039,13360917,13361277,13361997,13362357
X	ttttcgcattttttgtaaggggtaacatca	5460526,5523161,5523499,5580392,5580752,5581112,8318036,8369608,8699511,8699870,8700230,8700590,8700949,8701309,8701669,8702029,8735391,8735751,8840411,8840771,9072559,9374511,9396891,9623420,9623729,9624088,9624447,9624806,9625165,9625524,9625883,9726394,9809920,9810279,9905082,9956160,10240046,10292151,10340407,10340766,10489127,10831158,10919569,10990098,10990458,10990819,12047095,12047452,12047809,12124178,12437776,12438134,12438494,12683508,12794882,12795601,12795961,12796681,12797041,12797401,12797761,12928654,13360906,13361266,13361626,13361986,13362346,15221585
X	ttttgtaaggggtaacatcatcaaaatttg	5460536,5523171,5523509,5580402,5580762,5581122,8318046,8369618,8699521,8699880,8700240,8700600,8700959,8701319,8702039,8735401,8735761,8840421,8840781,9034046,9072569,9235211,9374521,9396901,9623430,9623739,9624098,9624457,9624816,9625175,9625534,9625893,9726404,9726763,9809930,9810289,9840961,9905092,9956170,10007781,10240056,10292161,10340417,10340776,10489137,10919579,11889681,11890401,12124548,12437786,12438144,12545219,12683172,12683518,12794892,12795611,12795971,12796691,12797051,12797411,12797771,12928664,12929025,13126675,13127038,13360916,13361276,13361996,13362356
X	tttttgtaaggggtaacatcatcaaaattt	5460535,5523170,5523508,5580401,5580761,5581121,8318045,8369617,8699520,8699879,8700239,8700599,8700958,8701318,8702038,8735400,8735760,8840420,8840780,9034045,9072568,9093018,9235210,9374520,9396900,9623429,9623738,9624097,9624456,9624815,9625174,9625533,9625892,9726403,9726762,9727121,9809929,9810288,9840960,9905091,9956169,10007780,10240055,10292160,10340416,10340775,10489136,10919578,11889680,11890400,12124547,12437785,12438143,12545218,12683171,12683517,12794891,12795610,12795970,12796690,12797050,12797410,12797770,12928663,12929024,13126674,13127037,13360915,13361275,13361995,13362355
X	ttttttgtaaggggtaacatcatcaaaatt	5460534,5523169,5523507,5580400,5580760,5581120,8318044,8369616,8699519,8699878,8700238,8700598,8700957,8701317,8702037,8735399,8735759,8840419,8840779,9017398,9034044,9072567,9093017,9235209,9374519,9396899,9623428,9623737,9624096,9624455,9624814,9625173,9625532,9625891,9726402,9726761,9727120,9809928,9810287,9840959,9905090,9956168,10240054,10292159,10340415,10340774,10489135,10919577,11889679,11890399,12124546,12124904,12437784,12438142,12545217,12683170,12683516,12794890,12795609,12795969,12796689,12797049,12797409,12797769,12928662,12929023,13126673,13127036,13360914,13361274,13361994,13362354
