103614	11
408583	12
660484	13
831097	14
991048	15
1254810	16
1368553	21
1475669	22
1972107	23
2083109	24
2173103	25
2223442	26
2328358	31
2666235	32
2804156	33
3312266	34
3614213	35
3765078	36
3955447	41
4115669	42
4333244	43
4749024	44
4964040	45
5107107	46
5475817	51
5697153	52
5766003	53
5955321	54
6198962	55
6315089	56
6400666	61
6516901	62
6585391	63
6779511	64
6863446	65
7033899	66
7150637	71
7286018	72
7801643	73
7947830	74
8246255	75
8465639	76
8649407	81
8768351	82
8933650	83
9194656	84
9412384	85
9600461	86
9709557	91
10055611	92
10401342	93
10466209	94
10645359	95
10781791	96
10976636	101
11198804	102
11489174	103
11607196	104
11728874	105
11829939	106
11982050	111
12525917	112
12772076	113
12836467	114
13113650	115
13346260	116
13461046	121
13646538	122
13757666	123
13903439	124
14080988	125
14510751	126
14873202	131
15131122	132
15372315	133
15522835	134
15592099	135
15795007	136
15907609	141
16113517	142
16363597	143
16456350	144
16520530	145
16574704	146
16667592	151
16838946	152
16900780	153
16969024	154
17066542	155
17157125	156
17293690	161
17472088	162
17678211	163
17776522	164
17841788	165
17883262	166
18168380	171
18419764	172
18502715	173
18653463	174
18803708	175
18858041	176
18936075	181
19200033	182
19295065	183
19555537	184
19676127	185
19747670	186
19887082	191
20068758	192
20160524	193
20413491	194
20604986	195
21086630	196
21377456	201
21675681	202
22371347	203
22597815	204
22716657	205
22835498	206
