10	11	41
10	11	45
10	11	46
10	11	82
10	11	85
10	11	91
10	11	94
10	11	95
10	11	101
10	11	102
10	11	111
10	11	121
10	11	131
10	11	132
10	12	41
10	12	45
10	12	46
10	12	74
10	12	85
10	12	91
10	12	94
10	12	95
10	12	102
10	12	111
10	12	121
10	12	131
10	13	45
10	13	46
10	13	74
10	13	82
10	13	85
10	13	91
10	13	94
10	13	95
10	13	102
10	13	111
10	13	121
10	13	131
10	13	132
10	14	41
10	14	45
10	14	46
10	14	74
10	14	82
10	14	85
10	14	86
10	14	91
10	14	94
10	14	95
10	14	102
10	14	111
10	14	121
10	14	131
10	14	132
10	14	151
10	15	41
10	15	45
10	15	46
10	15	74
10	15	82
10	15	85
10	15	91
10	15	94
10	15	95
10	15	102
10	15	111
10	15	121
10	15	131
10	15	132
10	15	151
10	16	41
10	16	45
10	16	46
10	16	74
10	16	82
10	16	85
10	16	91
10	16	94
10	16	95
10	16	102
10	16	111
10	16	121
10	16	131
10	16	132
10	16	151
10	21	41
10	21	45
10	21	46
10	21	74
10	21	82
10	21	85
10	21	91
10	21	94
10	21	95
10	21	102
10	21	111
10	21	121
10	21	131
10	21	151
10	22	41
10	22	42
10	22	43
10	22	44
10	22	45
10	22	46
10	22	74
10	22	82
10	22	85
10	22	86
10	22	91
10	22	94
10	22	95
10	22	102
10	22	111
10	22	113
10	22	121
10	22	125
10	22	131
10	22	132
10	22	151
10	23	41
10	23	44
10	23	45
10	23	46
10	23	74
10	23	82
10	23	85
10	23	91
10	23	94
10	23	95
10	23	102
10	23	111
10	23	121
10	23	131
10	23	151
10	24	41
10	24	45
10	24	46
10	24	74
10	24	82
10	24	85
10	24	91
10	24	94
10	24	95
10	24	102
10	24	111
10	24	113
10	24	121
10	24	131
10	24	132
10	24	151
10	25	41
10	25	45
10	25	46
10	25	74
10	25	82
10	25	85
10	25	91
10	25	94
10	25	95
10	25	102
10	25	111
10	25	131
10	25	151
10	26	41
10	26	42
10	26	44
10	26	45
10	26	46
10	26	74
10	26	82
10	26	85
10	26	91
10	26	94
10	26	95
10	26	102
10	26	111
10	26	113
10	26	121
10	26	131
10	26	132
10	31	41
10	31	42
10	31	43
10	31	45
10	31	46
10	31	74
10	31	82
10	31	85
10	31	91
10	31	94
10	31	95
10	31	102
10	31	111
10	31	113
10	31	121
10	31	125
10	31	131
10	31	132
10	32	41
10	32	42
10	32	44
10	32	45
10	32	46
10	32	74
10	32	82
10	32	85
10	32	91
10	32	94
10	32	95
10	32	101
10	32	102
10	32	111
10	32	113
10	32	121
10	32	125
10	32	131
10	32	132
10	33	42
10	33	43
10	33	46
10	33	74
10	33	82
10	33	85
10	33	91
10	33	94
10	33	95
10	33	101
10	33	102
10	33	111
10	33	113
10	33	121
10	33	125
10	33	131
10	33	132
10	34	43
10	34	44
10	34	45
10	34	46
10	34	74
10	34	82
10	34	85
10	34	91
10	34	94
10	34	95
10	34	101
10	34	102
10	34	111
10	34	113
10	34	121
10	34	125
10	34	131
10	34	132
10	35	41
10	35	42
10	35	43
10	35	44
10	35	45
10	35	46
10	35	74
10	35	82
10	35	85
10	35	91
10	35	94
10	35	95
10	35	102
10	35	111
10	35	113
10	35	121
10	35	125
10	35	131
10	35	132
10	36	41
10	36	44
10	36	45
10	36	46
10	36	74
10	36	82
10	36	85
10	36	91
10	36	94
10	36	95
10	36	102
10	36	111
10	36	121
10	36	131
10	36	132
10	41	23
10	41	42
10	41	45
10	41	74
10	41	82
10	41	85
10	41	86
10	41	91
10	41	94
10	41	95
10	41	102
10	41	111
10	41	113
10	41	121
10	41	125
10	41	131
10	41	132
10	41	151
10	42	41
10	42	45
10	42	74
10	42	82
10	42	85
10	42	91
10	42	94
10	42	95
10	42	102
10	42	111
10	42	113
10	42	121
10	42	131
10	42	132
10	43	36
10	43	42
10	43	74
10	43	82
10	43	85
10	43	91
10	43	94
10	43	95
10	43	101
10	43	102
10	43	111
10	43	113
10	43	121
10	43	125
10	43	131
10	43	132
10	44	45
10	44	74
10	44	82
10	44	85
10	44	91
10	44	94
10	44	95
10	44	102
10	44	111
10	44	121
10	44	125
10	44	131
10	44	132
10	45	74
10	45	82
10	45	85
10	45	91
10	45	94
10	45	95
10	45	102
10	45	111
10	45	113
10	45	121
10	45	125
10	45	131
10	45	132
10	46	82
10	46	85
10	46	91
10	46	94
10	46	95
10	46	101
10	46	102
10	46	111
10	46	113
10	46	121
10	46	125
10	46	131
10	46	132
10	51	41
10	51	45
10	51	74
10	51	82
10	51	85
10	51	91
10	51	94
10	51	95
10	51	101
10	51	102
10	51	111
10	51	113
10	51	121
10	51	125
10	51	131
10	51	132
10	51	151
10	52	41
10	52	44
10	52	45
10	52	46
10	52	74
10	52	82
10	52	85
10	52	91
10	52	94
10	52	95
10	52	102
10	52	111
10	52	121
10	52	125
10	52	131
10	52	132
10	52	151
10	53	41
10	53	42
10	53	44
10	53	45
10	53	46
10	53	74
10	53	82
10	53	85
10	53	91
10	53	94
10	53	95
10	53	102
10	53	111
10	53	113
10	53	121
10	53	125
10	53	131
10	53	132
10	53	151
10	54	41
10	54	45
10	54	46
10	54	74
10	54	82
10	54	85
10	54	91
10	54	94
10	54	95
10	54	102
10	54	111
10	54	113
10	54	121
10	54	131
10	54	132
10	55	41
10	55	42
10	55	44
10	55	45
10	55	46
10	55	74
10	55	82
10	55	85
10	55	91
10	55	94
10	55	95
10	55	101
10	55	102
10	55	111
10	55	113
10	55	121
10	55	125
10	55	131
10	55	132
10	56	41
10	56	42
10	56	44
10	56	45
10	56	46
10	56	74
10	56	82
10	56	85
10	56	91
10	56	94
10	56	95
10	56	102
10	56	111
10	56	113
10	56	121
10	56	125
10	56	131
10	56	132
10	56	151
10	61	43
10	61	44
10	61	45
10	61	46
10	61	74
10	61	82
10	61	85
10	61	86
10	61	91
10	61	94
10	61	95
10	61	101
10	61	102
10	61	111
10	61	113
10	61	121
10	61	125
10	61	131
10	61	132
10	62	41
10	62	42
10	62	44
10	62	45
10	62	46
10	62	74
10	62	82
10	62	85
10	62	91
10	62	94
10	62	95
10	62	102
10	62	111
10	62	113
10	62	121
10	62	131
10	62	132
10	62	151
10	63	42
10	63	43
10	63	45
10	63	46
10	63	74
10	63	82
10	63	85
10	63	91
10	63	94
10	63	95
10	63	102
10	63	111
10	63	113
10	63	121
10	63	125
10	63	131
10	63	132
10	63	151
10	64	41
10	64	44
10	64	45
10	64	46
10	64	74
10	64	82
10	64	85
10	64	91
10	64	94
10	64	95
10	64	102
10	64	111
10	64	121
10	64	131
10	64	132
10	64	151
10	65	41
10	65	42
10	65	43
10	65	44
10	65	45
10	65	46
10	65	74
10	65	82
10	65	85
10	65	91
10	65	94
10	65	95
10	65	102
10	65	111
10	65	113
10	65	121
10	65	125
10	65	131
10	65	132
10	66	41
10	66	42
10	66	44
10	66	45
10	66	46
10	66	74
10	66	82
10	66	85
10	66	91
10	66	94
10	66	95
10	66	102
10	66	111
10	66	113
10	66	121
10	66	131
10	66	132
10	71	41
10	71	42
10	71	43
10	71	44
10	71	45
10	71	46
10	71	85
10	71	91
10	71	94
10	71	95
10	71	102
10	71	111
10	71	113
10	71	121
10	71	125
10	71	131
10	71	132
10	72	41
10	72	42
10	72	43
10	72	44
10	72	45
10	72	46
10	72	85
10	72	91
10	72	94
10	72	95
10	72	113
10	72	121
10	72	125
10	72	131
10	72	132
10	73	41
10	73	45
10	73	46
10	73	82
10	73	85
10	73	91
10	73	94
10	73	95
10	73	102
10	73	111
10	73	121
10	73	131
10	73	132
10	74	41
10	74	42
10	74	43
10	74	44
10	74	45
10	74	82
10	74	91
10	74	94
10	74	95
10	74	101
10	74	102
10	74	111
10	74	113
10	74	121
10	74	125
10	74	131
10	74	132
10	74	151
10	75	41
10	75	42
10	75	43
10	75	44
10	75	45
10	75	46
10	75	74
10	75	82
10	75	85
10	75	94
10	75	95
10	75	101
10	75	102
10	75	111
10	75	113
10	75	121
10	75	125
10	75	131
10	75	132
10	76	41
10	76	42
10	76	44
10	76	45
10	76	46
10	76	74
10	76	82
10	76	85
10	76	91
10	76	94
10	76	95
10	76	102
10	76	111
10	76	113
10	76	121
10	76	125
10	76	131
10	76	132
10	81	41
10	81	42
10	81	44
10	81	45
10	81	46
10	81	74
10	81	82
10	81	85
10	81	91
10	81	94
10	81	95
10	81	101
10	81	102
10	81	111
10	81	113
10	81	121
10	81	125
10	81	131
10	81	132
10	82	41
10	82	42
10	82	44
10	82	45
10	82	46
10	82	74
10	82	85
10	82	94
10	82	95
10	82	101
10	82	102
10	82	111
10	82	113
10	82	121
10	82	125
10	82	131
10	82	132
10	83	41
10	83	42
10	83	43
10	83	44
10	83	45
10	83	46
10	83	82
10	83	91
10	83	94
10	83	95
10	83	101
10	83	102
10	83	111
10	83	113
10	83	121
10	83	125
10	83	131
10	83	132
10	84	41
10	84	42
10	84	44
10	84	45
10	84	46
10	84	74
10	84	85
10	84	94
10	84	95
10	84	102
10	84	111
10	84	113
10	84	121
10	84	125
10	84	131
10	84	132
10	84	151
10	85	32
10	85	41
10	85	42
10	85	43
10	85	44
10	85	45
10	85	46
10	85	95
10	85	102
10	85	113
10	85	121
10	85	131
10	85	132
10	86	41
10	86	42
10	86	45
10	86	46
10	86	74
10	86	82
10	86	85
10	86	91
10	86	94
10	86	95
10	86	101
10	86	102
10	86	111
10	86	113
10	86	121
10	86	125
10	86	131
10	86	132
10	86	151
10	91	41
10	91	42
10	91	43
10	91	44
10	91	45
10	91	46
10	91	62
10	91	74
10	91	102
10	91	113
10	91	121
10	91	125
10	91	131
10	91	132
10	92	41
10	92	42
10	92	44
10	92	45
10	92	46
10	92	74
10	92	82
10	92	91
10	92	95
10	92	102
10	92	111
10	92	113
10	92	121
10	92	125
10	92	131
10	92	132
10	93	41
10	93	42
10	93	44
10	93	45
10	93	46
10	93	74
10	93	82
10	93	85
10	93	91
10	93	94
10	93	95
10	93	102
10	93	111
10	93	113
10	93	121
10	93	125
10	93	131
10	93	132
10	94	41
10	94	44
10	94	45
10	94	46
10	94	74
10	94	82
10	94	85
10	94	95
10	94	102
10	94	111
10	94	113
10	94	121
10	94	131
10	94	132
10	94	151
10	95	41
10	95	42
10	95	44
10	95	45
10	95	46
10	95	74
10	95	82
10	95	85
10	95	94
10	95	101
10	95	102
10	95	111
10	95	113
10	95	121
10	95	131
10	95	132
10	95	151
10	96	41
10	96	44
10	96	45
10	96	46
10	96	74
10	96	82
10	96	85
10	96	91
10	96	94
10	96	95
10	96	101
10	96	102
10	96	111
10	96	121
10	96	131
10	96	132
10	96	151
10	101	41
10	101	45
10	101	46
10	101	74
10	101	82
10	101	95
10	101	102
10	101	113
10	101	121
10	101	131
10	101	132
10	101	151
10	102	41
10	102	42
10	102	43
10	102	44
10	102	45
10	102	46
10	102	74
10	102	82
10	102	85
10	102	91
10	102	94
10	102	95
10	102	113
10	102	121
10	102	125
10	102	131
10	102	132
10	103	41
10	103	42
10	103	44
10	103	45
10	103	46
10	103	74
10	103	82
10	103	85
10	103	91
10	103	94
10	103	95
10	103	102
10	103	111
10	103	121
10	103	125
10	103	131
10	103	132
10	104	41
10	104	45
10	104	46
10	104	74
10	104	82
10	104	85
10	104	91
10	104	94
10	104	95
10	104	102
10	104	111
10	104	121
10	104	131
10	104	132
10	105	41
10	105	42
10	105	44
10	105	45
10	105	46
10	105	74
10	105	82
10	105	85
10	105	91
10	105	94
10	105	95
10	105	102
10	105	111
10	105	113
10	105	121
10	105	125
10	105	131
10	105	132
10	106	41
10	106	44
10	106	45
10	106	46
10	106	74
10	106	82
10	106	85
10	106	91
10	106	94
10	106	95
10	106	102
10	106	111
10	106	113
10	106	121
10	106	125
10	106	131
10	106	132
10	111	41
10	111	42
10	111	43
10	111	44
10	111	45
10	111	46
10	111	74
10	111	82
10	111	113
10	111	121
10	112	41
10	112	42
10	112	43
10	112	44
10	112	45
10	112	46
10	112	74
10	112	82
10	112	85
10	112	94
10	112	101
10	112	111
10	112	113
10	112	125
10	112	131
10	112	132
10	112	161
10	113	41
10	113	42
10	113	45
10	113	46
10	113	74
10	113	82
10	113	85
10	113	91
10	113	94
10	113	95
10	113	101
10	113	102
10	113	111
10	113	121
10	113	131
10	114	41
10	114	42
10	114	43
10	114	44
10	114	45
10	114	46
10	114	74
10	114	82
10	114	85
10	114	91
10	114	94
10	114	95
10	114	101
10	114	102
10	114	111
10	114	113
10	114	131
10	114	132
10	115	41
10	115	42
10	115	43
10	115	44
10	115	45
10	115	46
10	115	74
10	115	82
10	115	85
10	115	91
10	115	94
10	115	95
10	115	102
10	115	113
10	115	121
10	115	125
10	115	131
10	115	132
10	116	41
10	116	42
10	116	44
10	116	45
10	116	46
10	116	74
10	116	82
10	116	85
10	116	91
10	116	94
10	116	95
10	116	101
10	116	102
10	116	111
10	116	113
10	116	121
10	116	125
10	116	131
10	116	132
10	121	41
10	121	42
10	121	44
10	121	45
10	121	46
10	121	74
10	121	82
10	121	85
10	121	91
10	121	94
10	121	95
10	121	102
10	121	111
10	121	125
10	122	41
10	122	44
10	122	45
10	122	46
10	122	74
10	122	82
10	122	85
10	122	91
10	122	94
10	122	95
10	122	102
10	122	111
10	122	113
10	122	121
10	122	131
10	123	41
10	123	42
10	123	44
10	123	45
10	123	46
10	123	74
10	123	82
10	123	85
10	123	91
10	123	94
10	123	95
10	123	102
10	123	111
10	123	125
10	124	41
10	124	42
10	124	43
10	124	44
10	124	45
10	124	46
10	124	74
10	124	82
10	124	85
10	124	91
10	124	94
10	124	95
10	124	101
10	124	102
10	124	125
10	125	41
10	125	42
10	125	43
10	125	44
10	125	45
10	125	46
10	125	74
10	125	82
10	125	91
10	125	94
10	125	95
10	125	101
10	125	102
10	125	121
10	126	41
10	126	42
10	126	43
10	126	44
10	126	45
10	126	46
10	126	74
10	126	82
10	126	85
10	126	94
10	126	95
10	126	101
10	126	102
10	126	111
10	126	125
10	131	41
10	131	45
10	131	46
10	131	74
10	131	82
10	131	85
10	131	91
10	131	94
10	131	95
10	131	102
10	131	113
10	131	132
10	132	41
10	132	42
10	132	44
10	132	45
10	132	46
10	132	74
10	132	82
10	132	85
10	132	91
10	132	94
10	132	95
10	132	101
10	132	102
10	132	131
10	133	41
10	133	42
10	133	44
10	133	45
10	133	46
10	133	74
10	133	82
10	133	85
10	133	91
10	133	94
10	133	95
10	133	102
10	133	111
10	133	113
10	133	125
10	133	131
10	133	132
10	134	41
10	134	45
10	134	46
10	134	74
10	134	82
10	134	85
10	134	91
10	134	94
10	134	95
10	134	102
10	134	111
10	134	121
10	134	131
10	134	132
10	134	151
10	135	41
10	135	44
10	135	45
10	135	46
10	135	74
10	135	82
10	135	85
10	135	91
10	135	94
10	135	95
10	135	102
10	135	111
10	135	113
10	135	121
10	135	125
10	135	132
10	136	41
10	136	44
10	136	45
10	136	46
10	136	74
10	136	82
10	136	85
10	136	91
10	136	94
10	136	95
10	136	102
10	136	111
10	136	121
10	136	131
10	136	132
10	141	41
10	141	45
10	141	46
10	141	74
10	141	82
10	141	85
10	141	91
10	141	94
10	141	95
10	141	102
10	141	111
10	141	113
10	141	121
10	141	131
10	141	132
10	142	41
10	142	42
10	142	44
10	142	45
10	142	46
10	142	74
10	142	82
10	142	85
10	142	91
10	142	94
10	142	95
10	142	102
10	142	111
10	142	113
10	142	121
10	142	125
10	142	131
10	143	41
10	143	45
10	143	46
10	143	74
10	143	82
10	143	85
10	143	91
10	143	94
10	143	95
10	143	102
10	143	111
10	143	113
10	143	121
10	143	131
10	143	132
10	143	151
10	144	41
10	144	42
10	144	44
10	144	45
10	144	46
10	144	74
10	144	82
10	144	85
10	144	91
10	144	94
10	144	95
10	144	102
10	144	111
10	144	113
10	144	121
10	144	125
10	144	131
10	144	132
10	144	151
10	145	41
10	145	42
10	145	43
10	145	44
10	145	45
10	145	46
10	145	74
10	145	82
10	145	85
10	145	91
10	145	94
10	145	95
10	145	101
10	145	102
10	145	111
10	145	113
10	145	121
10	145	125
10	145	131
10	145	132
10	146	41
10	146	42
10	146	44
10	146	45
10	146	46
10	146	74
10	146	82
10	146	85
10	146	91
10	146	94
10	146	95
10	146	102
10	146	111
10	146	113
10	146	121
10	146	125
10	146	131
10	146	132
10	151	41
10	151	44
10	151	45
10	151	46
10	151	74
10	151	82
10	151	85
10	151	91
10	151	94
10	151	95
10	151	102
10	151	111
10	151	113
10	151	121
10	151	125
10	151	131
10	151	132
10	152	41
10	152	45
10	152	46
10	152	74
10	152	82
10	152	85
10	152	91
10	152	94
10	152	95
10	152	102
10	152	111
10	152	121
10	152	131
10	152	132
10	153	41
10	153	44
10	153	45
10	153	46
10	153	74
10	153	82
10	153	85
10	153	91
10	153	94
10	153	95
10	153	102
10	153	111
10	153	113
10	153	121
10	153	125
10	153	131
10	153	132
10	154	41
10	154	42
10	154	45
10	154	46
10	154	74
10	154	82
10	154	85
10	154	91
10	154	94
10	154	95
10	154	102
10	154	111
10	154	113
10	154	121
10	154	131
10	154	132
10	154	151
10	155	41
10	155	45
10	155	46
10	155	74
10	155	82
10	155	85
10	155	91
10	155	94
10	155	95
10	155	102
10	155	111
10	155	121
10	155	131
10	155	132
10	155	151
10	156	41
10	156	45
10	156	46
10	156	74
10	156	82
10	156	85
10	156	91
10	156	94
10	156	95
10	156	102
10	156	111
10	156	121
10	156	131
10	156	132
10	161	41
10	161	45
10	161	46
10	161	74
10	161	82
10	161	85
10	161	91
10	161	94
10	161	95
10	161	102
10	161	111
10	161	113
10	161	121
10	161	131
10	161	132
10	161	151
10	162	41
10	162	44
10	162	45
10	162	46
10	162	74
10	162	82
10	162	85
10	162	91
10	162	94
10	162	95
10	162	102
10	162	111
10	162	113
10	162	121
10	162	131
10	162	132
10	163	41
10	163	44
10	163	45
10	163	46
10	163	74
10	163	82
10	163	85
10	163	91
10	163	94
10	163	95
10	163	102
10	163	111
10	163	113
10	163	121
10	163	131
10	163	132
10	164	41
10	164	42
10	164	43
10	164	44
10	164	45
10	164	46
10	164	74
10	164	82
10	164	85
10	164	91
10	164	94
10	164	95
10	164	102
10	164	111
10	164	113
10	164	121
10	164	131
10	164	132
10	164	151
10	165	41
10	165	45
10	165	46
10	165	74
10	165	82
10	165	85
10	165	91
10	165	94
10	165	95
10	165	102
10	165	111
10	165	113
10	165	121
10	165	131
10	165	132
10	165	151
10	166	41
10	166	42
10	166	43
10	166	44
10	166	45
10	166	46
10	166	74
10	166	82
10	166	85
10	166	86
10	166	91
10	166	94
10	166	95
10	166	101
10	166	102
10	166	111
10	166	113
10	166	121
10	166	125
10	166	131
10	166	132
10	171	41
10	171	42
10	171	43
10	171	44
10	171	45
10	171	46
10	171	74
10	171	82
10	171	85
10	171	91
10	171	94
10	171	95
10	171	101
10	171	102
10	171	111
10	171	113
10	171	125
10	171	131
10	171	132
10	171	164
10	171	194
10	172	41
10	172	44
10	172	45
10	172	46
10	172	74
10	172	82
10	172	85
10	172	91
10	172	94
10	172	95
10	172	102
10	172	111
10	172	121
10	172	131
10	172	132
10	172	151
10	173	41
10	173	42
10	173	44
10	173	45
10	173	46
10	173	74
10	173	82
10	173	85
10	173	91
10	173	94
10	173	95
10	173	102
10	173	111
10	173	113
10	173	121
10	173	131
10	173	132
10	174	41
10	174	44
10	174	45
10	174	46
10	174	74
10	174	82
10	174	85
10	174	91
10	174	94
10	174	95
10	174	102
10	174	111
10	174	121
10	174	131
10	174	132
10	174	151
10	175	41
10	175	44
10	175	45
10	175	46
10	175	74
10	175	82
10	175	85
10	175	91
10	175	94
10	175	95
10	175	102
10	175	111
10	175	121
10	175	131
10	175	132
10	175	151
10	176	41
10	176	42
10	176	44
10	176	45
10	176	46
10	176	74
10	176	82
10	176	85
10	176	91
10	176	94
10	176	95
10	176	102
10	176	111
10	176	113
10	176	121
10	176	125
10	176	131
10	176	132
10	181	41
10	181	42
10	181	43
10	181	44
10	181	45
10	181	46
10	181	74
10	181	82
10	181	85
10	181	91
10	181	94
10	181	95
10	181	101
10	181	102
10	181	111
10	181	113
10	181	121
10	181	125
10	181	131
10	181	132
10	182	41
10	182	45
10	182	46
10	182	74
10	182	82
10	182	85
10	182	91
10	182	94
10	182	95
10	182	102
10	182	111
10	182	121
10	182	131
10	182	132
10	183	41
10	183	42
10	183	43
10	183	44
10	183	45
10	183	46
10	183	74
10	183	82
10	183	85
10	183	91
10	183	94
10	183	95
10	183	102
10	183	111
10	183	113
10	183	121
10	183	125
10	183	131
10	183	132
10	184	41
10	184	45
10	184	46
10	184	74
10	184	82
10	184	85
10	184	91
10	184	94
10	184	95
10	184	102
10	184	111
10	184	121
10	184	131
10	185	41
10	185	44
10	185	45
10	185	46
10	185	74
10	185	82
10	185	85
10	185	91
10	185	94
10	185	95
10	185	101
10	185	102
10	185	111
10	185	121
10	185	131
10	185	132
10	186	41
10	186	42
10	186	44
10	186	45
10	186	46
10	186	74
10	186	82
10	186	85
10	186	91
10	186	94
10	186	95
10	186	102
10	186	111
10	186	113
10	186	121
10	186	131
10	186	132
10	186	163
10	191	41
10	191	42
10	191	44
10	191	45
10	191	46
10	191	74
10	191	82
10	191	85
10	191	91
10	191	94
10	191	95
10	191	102
10	191	111
10	191	113
10	191	121
10	191	131
10	191	132
10	192	41
10	192	42
10	192	45
10	192	46
10	192	74
10	192	82
10	192	85
10	192	91
10	192	94
10	192	95
10	192	102
10	192	111
10	192	121
10	192	131
10	192	132
10	193	41
10	193	45
10	193	46
10	193	74
10	193	82
10	193	85
10	193	91
10	193	94
10	193	95
10	193	102
10	193	111
10	193	121
10	193	131
10	193	132
10	194	41
10	194	42
10	194	44
10	194	45
10	194	46
10	194	74
10	194	82
10	194	85
10	194	91
10	194	94
10	194	95
10	194	102
10	194	111
10	194	113
10	194	121
10	194	131
10	194	132
10	194	151
10	195	41
10	195	45
10	195	46
10	195	74
10	195	82
10	195	85
10	195	91
10	195	94
10	195	95
10	195	101
10	195	102
10	195	111
10	195	113
10	195	121
10	195	125
10	195	131
10	195	132
10	196	41
10	196	45
10	196	46
10	196	74
10	196	82
10	196	85
10	196	91
10	196	94
10	196	95
10	196	102
10	196	111
10	196	121
10	196	131
10	196	132
10	196	151
10	201	41
10	201	45
10	201	46
10	201	74
10	201	82
10	201	85
10	201	91
10	201	94
10	201	95
10	201	102
10	201	111
10	201	113
10	201	121
10	201	131
10	201	132
10	203	41
10	203	45
10	203	46
10	203	74
10	203	82
10	203	85
10	203	91
10	203	94
10	203	95
10	203	102
10	203	111
10	203	121
10	203	131
10	203	132
10	204	41
10	204	45
10	204	46
10	204	74
10	204	82
10	204	85
10	204	91
10	204	94
10	204	95
10	204	102
10	204	111
10	204	121
10	204	131
10	204	132
10	205	41
10	205	45
10	205	46
10	205	74
10	205	82
10	205	85
10	205	91
10	205	94
10	205	95
10	205	102
10	205	111
10	205	121
10	205	131
10	205	132
10	206	41
10	206	45
10	206	46
10	206	74
10	206	82
10	206	85
10	206	91
10	206	94
10	206	95
10	206	102
10	206	111
10	206	121
10	206	131
10	206	132
