15	11	41
15	11	42
15	11	43
15	11	44
15	11	45
15	11	46
15	11	85
15	11	91
15	11	94
15	11	95
15	11	101
15	11	102
15	11	111
15	11	151
15	12	41
15	12	42
15	12	43
15	12	44
15	12	45
15	12	46
15	12	74
15	12	82
15	12	85
15	12	91
15	12	94
15	12	95
15	12	101
15	12	102
15	12	111
15	12	121
15	12	132
15	12	151
15	13	11
15	13	41
15	13	42
15	13	44
15	13	45
15	13	46
15	13	74
15	13	82
15	13	85
15	13	91
15	13	94
15	13	95
15	13	101
15	13	102
15	13	111
15	13	151
15	14	11
15	14	41
15	14	42
15	14	44
15	14	45
15	14	46
15	14	74
15	14	82
15	14	85
15	14	91
15	14	94
15	14	95
15	14	101
15	14	102
15	14	121
15	14	125
15	14	132
15	15	11
15	15	41
15	15	42
15	15	43
15	15	44
15	15	45
15	15	46
15	15	74
15	15	82
15	15	85
15	15	91
15	15	94
15	15	95
15	15	102
15	15	121
15	15	132
15	15	151
15	16	41
15	16	44
15	16	45
15	16	46
15	16	82
15	16	85
15	16	91
15	16	94
15	16	95
15	16	102
15	16	131
15	16	132
15	16	151
15	21	11
15	21	41
15	21	42
15	21	44
15	21	45
15	21	46
15	21	82
15	21	85
15	21	86
15	21	91
15	21	94
15	21	95
15	21	101
15	21	102
15	21	111
15	21	113
15	21	121
15	21	131
15	21	132
15	22	11
15	22	41
15	22	42
15	22	44
15	22	45
15	22	46
15	22	74
15	22	82
15	22	85
15	22	86
15	22	91
15	22	94
15	22	95
15	22	101
15	22	102
15	22	111
15	22	121
15	22	125
15	22	131
15	22	132
15	22	151
15	23	11
15	23	41
15	23	42
15	23	43
15	23	44
15	23	45
15	23	46
15	23	82
15	23	85
15	23	86
15	23	91
15	23	94
15	23	95
15	23	101
15	23	102
15	23	103
15	23	111
15	23	121
15	23	131
15	23	132
15	23	151
15	24	41
15	24	42
15	24	44
15	24	45
15	24	46
15	24	82
15	24	85
15	24	91
15	24	94
15	24	95
15	24	101
15	24	102
15	24	111
15	24	113
15	24	121
15	24	131
15	24	132
15	24	151
15	25	41
15	25	42
15	25	44
15	25	45
15	25	46
15	25	54
15	25	61
15	25	72
15	25	73
15	25	74
15	25	82
15	25	85
15	25	91
15	25	94
15	25	95
15	25	102
15	25	105
15	25	121
15	25	151
15	26	41
15	26	42
15	26	44
15	26	45
15	26	46
15	26	72
15	26	82
15	26	85
15	26	91
15	26	94
15	26	95
15	26	101
15	26	102
15	26	111
15	26	121
15	26	131
15	26	132
15	31	41
15	31	42
15	31	45
15	31	46
15	31	74
15	31	82
15	31	85
15	31	91
15	31	94
15	31	95
15	31	101
15	31	102
15	31	111
15	31	121
15	31	125
15	31	131
15	31	132
15	31	151
15	32	41
15	32	42
15	32	43
15	32	44
15	32	45
15	32	46
15	32	62
15	32	74
15	32	82
15	32	85
15	32	91
15	32	94
15	32	95
15	32	101
15	32	102
15	32	103
15	32	111
15	32	121
15	32	123
15	32	125
15	32	131
15	32	132
15	32	151
15	33	42
15	33	43
15	33	45
15	33	46
15	33	74
15	33	82
15	33	85
15	33	91
15	33	94
15	33	95
15	33	101
15	33	102
15	33	111
15	33	113
15	33	121
15	33	125
15	33	131
15	33	132
15	33	151
15	34	43
15	34	44
15	34	45
15	34	46
15	34	74
15	34	82
15	34	85
15	34	91
15	34	94
15	34	95
15	34	101
15	34	102
15	34	111
15	34	121
15	34	125
15	34	131
15	34	132
15	34	151
15	35	41
15	35	42
15	35	43
15	35	44
15	35	45
15	35	46
15	35	74
15	35	82
15	35	85
15	35	91
15	35	94
15	35	95
15	35	101
15	35	102
15	35	111
15	35	113
15	35	121
15	35	131
15	35	132
15	35	151
15	36	41
15	36	44
15	36	45
15	36	46
15	36	74
15	36	82
15	36	85
15	36	91
15	36	94
15	36	95
15	36	101
15	36	102
15	36	111
15	36	121
15	36	123
15	36	125
15	36	131
15	36	132
15	36	151
15	41	23
15	41	42
15	41	45
15	41	74
15	41	82
15	41	85
15	41	86
15	41	91
15	41	94
15	41	95
15	41	101
15	41	102
15	41	111
15	41	121
15	41	125
15	41	131
15	41	132
15	41	151
15	42	41
15	42	45
15	42	74
15	42	82
15	42	85
15	42	91
15	42	94
15	42	95
15	42	101
15	42	102
15	42	111
15	42	113
15	42	121
15	42	131
15	42	132
15	42	151
15	43	36
15	43	42
15	43	45
15	43	74
15	43	82
15	43	85
15	43	86
15	43	91
15	43	94
15	43	95
15	43	101
15	43	102
15	43	111
15	43	113
15	43	121
15	43	125
15	43	131
15	43	132
15	43	151
15	44	45
15	44	74
15	44	82
15	44	85
15	44	91
15	44	94
15	44	95
15	44	101
15	44	102
15	44	111
15	44	121
15	44	125
15	44	131
15	44	132
15	44	151
15	45	74
15	45	82
15	45	85
15	45	91
15	45	94
15	45	95
15	45	101
15	45	102
15	45	111
15	45	121
15	45	123
15	45	125
15	45	131
15	45	132
15	45	151
15	46	45
15	46	82
15	46	85
15	46	91
15	46	94
15	46	95
15	46	101
15	46	102
15	46	111
15	46	113
15	46	121
15	46	123
15	46	125
15	46	131
15	46	132
15	46	151
15	51	41
15	51	43
15	51	44
15	51	45
15	51	72
15	51	74
15	51	82
15	51	85
15	51	91
15	51	94
15	51	95
15	51	101
15	51	102
15	51	103
15	51	111
15	51	121
15	51	123
15	51	125
15	51	131
15	51	132
15	51	151
15	52	41
15	52	42
15	52	43
15	52	44
15	52	45
15	52	46
15	52	74
15	52	82
15	52	85
15	52	91
15	52	94
15	52	95
15	52	101
15	52	102
15	52	111
15	52	121
15	52	125
15	52	131
15	52	132
15	52	151
15	53	41
15	53	42
15	53	43
15	53	44
15	53	45
15	53	46
15	53	73
15	53	74
15	53	82
15	53	85
15	53	91
15	53	94
15	53	95
15	53	101
15	53	102
15	53	111
15	53	113
15	53	121
15	53	125
15	53	131
15	53	132
15	53	151
15	54	41
15	54	42
15	54	44
15	54	45
15	54	46
15	54	74
15	54	82
15	54	85
15	54	91
15	54	94
15	54	95
15	54	101
15	54	102
15	54	111
15	54	121
15	54	125
15	54	131
15	54	132
15	54	151
15	55	41
15	55	42
15	55	43
15	55	44
15	55	45
15	55	46
15	55	62
15	55	74
15	55	82
15	55	85
15	55	91
15	55	94
15	55	95
15	55	101
15	55	102
15	55	103
15	55	111
15	55	121
15	55	123
15	55	125
15	55	132
15	55	151
15	56	11
15	56	41
15	56	42
15	56	44
15	56	45
15	56	46
15	56	51
15	56	52
15	56	54
15	56	63
15	56	72
15	56	74
15	56	81
15	56	82
15	56	85
15	56	86
15	56	91
15	56	94
15	56	95
15	56	101
15	56	102
15	56	103
15	56	111
15	56	121
15	56	125
15	56	131
15	56	132
15	56	151
15	61	44
15	61	45
15	61	46
15	61	82
15	61	85
15	61	86
15	61	91
15	61	94
15	61	95
15	61	101
15	61	102
15	61	111
15	61	113
15	61	121
15	61	125
15	61	131
15	61	132
15	62	41
15	62	42
15	62	44
15	62	45
15	62	46
15	62	82
15	62	85
15	62	86
15	62	91
15	62	94
15	62	95
15	62	101
15	62	102
15	62	113
15	62	121
15	62	131
15	62	132
15	62	151
15	63	41
15	63	42
15	63	43
15	63	45
15	63	46
15	63	72
15	63	82
15	63	85
15	63	91
15	63	94
15	63	95
15	63	101
15	63	102
15	63	111
15	63	113
15	63	121
15	63	131
15	63	132
15	63	151
15	64	41
15	64	42
15	64	43
15	64	44
15	64	45
15	64	46
15	64	82
15	64	85
15	64	91
15	64	94
15	64	95
15	64	101
15	64	102
15	64	103
15	64	111
15	64	121
15	64	125
15	64	131
15	64	132
15	64	151
15	65	41
15	65	42
15	65	44
15	65	45
15	65	46
15	65	54
15	65	73
15	65	74
15	65	82
15	65	85
15	65	86
15	65	91
15	65	94
15	65	95
15	65	101
15	65	102
15	65	113
15	65	121
15	65	131
15	65	132
15	66	41
15	66	42
15	66	44
15	66	45
15	66	46
15	66	74
15	66	82
15	66	85
15	66	91
15	66	94
15	66	95
15	66	101
15	66	102
15	66	111
15	66	121
15	66	125
15	66	132
15	66	151
15	71	41
15	71	42
15	71	43
15	71	44
15	71	45
15	71	46
15	71	85
15	71	86
15	71	91
15	71	94
15	71	95
15	71	101
15	71	102
15	71	111
15	71	113
15	71	121
15	71	125
15	71	131
15	71	132
15	72	41
15	72	42
15	72	43
15	72	44
15	72	45
15	72	46
15	72	85
15	72	91
15	72	94
15	72	95
15	72	101
15	72	113
15	72	121
15	72	125
15	72	131
15	72	132
15	72	151
15	73	41
15	73	44
15	73	45
15	73	46
15	73	74
15	73	82
15	73	83
15	73	85
15	73	91
15	73	94
15	73	95
15	73	101
15	73	102
15	73	103
15	73	105
15	73	111
15	73	121
15	73	123
15	73	125
15	73	131
15	73	132
15	73	151
15	74	41
15	74	42
15	74	43
15	74	44
15	74	45
15	74	82
15	74	91
15	74	94
15	74	95
15	74	101
15	74	102
15	74	111
15	74	121
15	74	125
15	74	131
15	74	132
15	74	151
15	75	41
15	75	42
15	75	43
15	75	44
15	75	45
15	75	46
15	75	72
15	75	73
15	75	74
15	75	82
15	75	85
15	75	94
15	75	95
15	75	101
15	75	102
15	75	111
15	75	121
15	75	125
15	75	131
15	75	132
15	75	151
15	76	41
15	76	42
15	76	43
15	76	44
15	76	45
15	76	46
15	76	71
15	76	72
15	76	73
15	76	74
15	76	82
15	76	85
15	76	91
15	76	94
15	76	95
15	76	101
15	76	102
15	76	111
15	76	121
15	76	125
15	76	131
15	76	132
15	76	151
15	81	41
15	81	42
15	81	44
15	81	45
15	81	46
15	81	74
15	81	82
15	81	83
15	81	84
15	81	85
15	81	91
15	81	94
15	81	95
15	81	101
15	81	102
15	81	103
15	81	104
15	81	111
15	81	121
15	81	123
15	81	124
15	81	125
15	81	131
15	81	132
15	81	151
15	82	41
15	82	42
15	82	43
15	82	44
15	82	45
15	82	46
15	82	62
15	82	73
15	82	74
15	82	85
15	82	94
15	82	95
15	82	101
15	82	102
15	82	103
15	82	111
15	82	113
15	82	121
15	82	123
15	82	125
15	82	131
15	82	132
15	82	151
15	83	41
15	83	42
15	83	43
15	83	44
15	83	45
15	83	46
15	83	82
15	83	91
15	83	94
15	83	95
15	83	101
15	83	102
15	83	103
15	83	111
15	83	121
15	83	123
15	83	125
15	83	131
15	83	132
15	83	151
15	84	41
15	84	42
15	84	43
15	84	44
15	84	45
15	84	46
15	84	62
15	84	72
15	84	74
15	84	76
15	84	85
15	84	94
15	84	95
15	84	102
15	84	111
15	84	121
15	84	123
15	84	125
15	84	131
15	84	132
15	84	151
15	85	32
15	85	41
15	85	42
15	85	43
15	85	44
15	85	45
15	85	46
15	85	86
15	85	95
15	85	102
15	85	121
15	85	123
15	85	131
15	85	132
15	85	151
15	86	41
15	86	42
15	86	43
15	86	44
15	86	45
15	86	46
15	86	62
15	86	74
15	86	76
15	86	82
15	86	83
15	86	85
15	86	91
15	86	94
15	86	95
15	86	101
15	86	102
15	86	103
15	86	111
15	86	121
15	86	123
15	86	125
15	86	131
15	86	132
15	86	151
15	91	41
15	91	42
15	91	44
15	91	45
15	91	46
15	91	62
15	91	72
15	91	74
15	91	76
15	91	83
15	91	102
15	91	103
15	91	111
15	91	113
15	91	121
15	91	123
15	91	125
15	91	131
15	91	132
15	91	151
15	92	41
15	92	42
15	92	44
15	92	45
15	92	46
15	92	62
15	92	74
15	92	76
15	92	82
15	92	91
15	92	95
15	92	102
15	92	103
15	92	111
15	92	121
15	92	123
15	92	125
15	92	131
15	92	132
15	92	151
15	93	41
15	93	42
15	93	44
15	93	45
15	93	46
15	93	74
15	93	82
15	93	85
15	93	86
15	93	91
15	93	94
15	93	95
15	93	101
15	93	102
15	93	111
15	93	121
15	93	125
15	93	131
15	93	132
15	93	151
15	94	41
15	94	42
15	94	43
15	94	44
15	94	45
15	94	46
15	94	74
15	94	82
15	94	85
15	94	91
15	94	95
15	94	102
15	94	111
15	94	113
15	94	121
15	94	131
15	94	132
15	94	151
15	95	41
15	95	42
15	95	43
15	95	44
15	95	45
15	95	46
15	95	74
15	95	82
15	95	85
15	95	91
15	95	94
15	95	101
15	95	102
15	95	121
15	95	132
15	95	151
15	96	41
15	96	42
15	96	43
15	96	44
15	96	45
15	96	46
15	96	74
15	96	82
15	96	85
15	96	91
15	96	94
15	96	95
15	96	101
15	96	102
15	96	103
15	96	105
15	96	111
15	96	121
15	96	123
15	96	125
15	96	131
15	96	132
15	96	151
15	101	41
15	101	42
15	101	44
15	101	45
15	101	46
15	101	72
15	101	73
15	101	74
15	101	82
15	101	85
15	101	86
15	101	95
15	101	102
15	101	103
15	101	121
15	101	125
15	101	131
15	101	132
15	101	151
15	102	41
15	102	42
15	102	43
15	102	44
15	102	45
15	102	46
15	102	74
15	102	82
15	102	84
15	102	85
15	102	91
15	102	94
15	102	95
15	102	101
15	102	111
15	102	113
15	102	121
15	102	125
15	102	131
15	102	132
15	102	151
15	103	41
15	103	42
15	103	44
15	103	45
15	103	46
15	103	74
15	103	82
15	103	85
15	103	91
15	103	94
15	103	95
15	103	101
15	103	102
15	103	111
15	103	113
15	103	121
15	103	131
15	103	132
15	103	151
15	104	11
15	104	41
15	104	42
15	104	44
15	104	45
15	104	46
15	104	82
15	104	85
15	104	91
15	104	94
15	104	95
15	104	101
15	104	102
15	104	151
15	105	41
15	105	42
15	105	44
15	105	45
15	105	46
15	105	74
15	105	82
15	105	85
15	105	94
15	105	95
15	105	101
15	105	102
15	105	111
15	105	121
15	105	132
15	105	151
15	106	41
15	106	42
15	106	44
15	106	45
15	106	46
15	106	71
15	106	72
15	106	73
15	106	74
15	106	82
15	106	83
15	106	85
15	106	91
15	106	94
15	106	95
15	106	101
15	106	102
15	106	103
15	106	111
15	106	121
15	106	123
15	106	125
15	106	131
15	106	132
15	106	151
15	111	41
15	111	42
15	111	43
15	111	44
15	111	45
15	111	46
15	111	62
15	111	73
15	111	74
15	111	82
15	111	85
15	111	121
15	111	151
15	112	41
15	112	42
15	112	43
15	112	44
15	112	45
15	112	46
15	112	74
15	112	82
15	112	85
15	112	94
15	112	101
15	112	111
15	112	125
15	112	131
15	112	132
15	112	151
15	112	161
15	113	41
15	113	42
15	113	43
15	113	44
15	113	45
15	113	46
15	113	74
15	113	76
15	113	82
15	113	85
15	113	91
15	113	94
15	113	95
15	113	101
15	113	102
15	113	111
15	113	131
15	113	151
15	114	41
15	114	42
15	114	43
15	114	44
15	114	45
15	114	46
15	114	74
15	114	82
15	114	85
15	114	86
15	114	91
15	114	94
15	114	95
15	114	101
15	114	102
15	114	111
15	114	113
15	114	131
15	114	132
15	114	151
15	115	41
15	115	42
15	115	43
15	115	44
15	115	45
15	115	46
15	115	74
15	115	82
15	115	85
15	115	91
15	115	94
15	115	95
15	115	101
15	115	102
15	115	103
15	115	121
15	115	123
15	115	125
15	115	131
15	115	132
15	115	151
15	116	41
15	116	42
15	116	44
15	116	45
15	116	46
15	116	62
15	116	72
15	116	73
15	116	74
15	116	82
15	116	85
15	116	91
15	116	94
15	116	95
15	116	101
15	116	102
15	116	103
15	116	111
15	116	113
15	116	121
15	116	125
15	116	131
15	116	132
15	116	151
15	121	41
15	121	42
15	121	43
15	121	44
15	121	45
15	121	46
15	121	74
15	121	82
15	121	85
15	121	91
15	121	94
15	121	95
15	121	101
15	121	102
15	121	103
15	121	111
15	121	125
15	122	41
15	122	42
15	122	43
15	122	44
15	122	45
15	122	46
15	122	72
15	122	73
15	122	74
15	122	82
15	122	85
15	122	91
15	122	94
15	122	95
15	122	101
15	122	102
15	122	111
15	122	113
15	122	121
15	122	131
15	122	132
15	122	151
15	123	41
15	123	42
15	123	43
15	123	44
15	123	45
15	123	46
15	123	74
15	123	82
15	123	85
15	123	91
15	123	94
15	123	95
15	123	101
15	123	102
15	123	125
15	123	151
15	124	41
15	124	42
15	124	43
15	124	44
15	124	45
15	124	46
15	124	74
15	124	82
15	124	85
15	124	91
15	124	94
15	124	95
15	124	101
15	124	102
15	124	123
15	124	125
15	124	151
15	125	41
15	125	42
15	125	43
15	125	44
15	125	45
15	125	46
15	125	74
15	125	82
15	125	91
15	125	94
15	125	95
15	125	101
15	125	102
15	125	121
15	125	151
15	126	41
15	126	42
15	126	43
15	126	44
15	126	45
15	126	46
15	126	74
15	126	82
15	126	85
15	126	86
15	126	94
15	126	95
15	126	101
15	126	102
15	126	111
15	126	125
15	126	151
15	131	41
15	131	42
15	131	43
15	131	44
15	131	45
15	131	46
15	131	74
15	131	82
15	131	85
15	131	91
15	131	94
15	131	95
15	131	101
15	131	102
15	131	132
15	131	151
15	132	41
15	132	42
15	132	43
15	132	44
15	132	45
15	132	46
15	132	74
15	132	82
15	132	85
15	132	91
15	132	94
15	132	95
15	132	101
15	132	102
15	132	131
15	132	151
15	133	41
15	133	42
15	133	44
15	133	45
15	133	46
15	133	82
15	133	85
15	133	86
15	133	91
15	133	94
15	133	95
15	133	101
15	133	102
15	133	111
15	133	121
15	133	125
15	133	131
15	133	132
15	133	151
15	134	41
15	134	42
15	134	44
15	134	45
15	134	46
15	134	54
15	134	82
15	134	85
15	134	91
15	134	94
15	134	95
15	134	101
15	134	102
15	134	131
15	134	132
15	134	151
15	135	41
15	135	42
15	135	43
15	135	44
15	135	45
15	135	46
15	135	74
15	135	82
15	135	85
15	135	91
15	135	94
15	135	95
15	135	101
15	135	102
15	135	111
15	135	121
15	135	125
15	135	132
15	135	151
15	136	41
15	136	43
15	136	44
15	136	45
15	136	46
15	136	74
15	136	82
15	136	85
15	136	91
15	136	94
15	136	95
15	136	101
15	136	102
15	136	111
15	136	121
15	136	125
15	136	131
15	136	132
15	136	151
15	141	41
15	141	42
15	141	43
15	141	44
15	141	45
15	141	46
15	141	74
15	141	82
15	141	85
15	141	91
15	141	94
15	141	95
15	141	101
15	141	102
15	141	111
15	141	121
15	141	131
15	141	132
15	141	151
15	142	41
15	142	42
15	142	43
15	142	44
15	142	45
15	142	46
15	142	74
15	142	82
15	142	85
15	142	91
15	142	94
15	142	95
15	142	101
15	142	102
15	142	111
15	142	121
15	142	125
15	143	41
15	143	42
15	143	43
15	143	44
15	143	45
15	143	46
15	143	82
15	143	85
15	143	91
15	143	94
15	143	95
15	143	101
15	143	102
15	143	111
15	143	121
15	143	123
15	143	125
15	143	131
15	143	132
15	144	41
15	144	42
15	144	43
15	144	44
15	144	45
15	144	46
15	144	82
15	144	85
15	144	91
15	144	94
15	144	95
15	144	101
15	144	102
15	144	111
15	144	113
15	144	121
15	144	123
15	144	124
15	144	125
15	144	131
15	144	132
15	144	133
15	144	151
15	145	41
15	145	42
15	145	43
15	145	44
15	145	45
15	145	46
15	145	82
15	145	85
15	145	91
15	145	94
15	145	95
15	145	101
15	145	102
15	145	111
15	145	121
15	145	123
15	145	125
15	145	131
15	145	132
15	145	151
15	146	41
15	146	42
15	146	43
15	146	44
15	146	45
15	146	46
15	146	74
15	146	82
15	146	85
15	146	91
15	146	94
15	146	95
15	146	101
15	146	102
15	146	111
15	146	121
15	146	125
15	146	131
15	146	132
15	146	151
15	151	41
15	151	42
15	151	43
15	151	44
15	151	45
15	151	46
15	151	74
15	151	82
15	151	85
15	151	91
15	151	94
15	151	95
15	151	101
15	151	102
15	151	111
15	151	121
15	151	123
15	151	125
15	151	131
15	151	132
15	152	41
15	152	42
15	152	43
15	152	44
15	152	45
15	152	46
15	152	74
15	152	82
15	152	85
15	152	91
15	152	94
15	152	95
15	152	101
15	152	102
15	152	111
15	152	121
15	152	131
15	152	132
15	152	151
15	153	41
15	153	43
15	153	44
15	153	45
15	153	46
15	153	62
15	153	74
15	153	82
15	153	85
15	153	91
15	153	94
15	153	95
15	153	101
15	153	102
15	153	111
15	153	121
15	153	125
15	153	132
15	154	41
15	154	42
15	154	44
15	154	45
15	154	46
15	154	74
15	154	82
15	154	85
15	154	86
15	154	91
15	154	94
15	154	95
15	154	101
15	154	102
15	154	113
15	154	121
15	154	131
15	154	132
15	154	151
15	155	41
15	155	44
15	155	45
15	155	46
15	155	72
15	155	82
15	155	85
15	155	91
15	155	94
15	155	95
15	155	101
15	155	102
15	155	111
15	155	121
15	155	131
15	155	132
15	155	151
15	156	41
15	156	43
15	156	44
15	156	45
15	156	46
15	156	74
15	156	82
15	156	84
15	156	85
15	156	91
15	156	94
15	156	95
15	156	101
15	156	102
15	156	105
15	156	111
15	156	121
15	156	131
15	156	132
15	156	151
15	161	41
15	161	42
15	161	43
15	161	44
15	161	45
15	161	46
15	161	74
15	161	82
15	161	85
15	161	86
15	161	91
15	161	94
15	161	95
15	161	101
15	161	102
15	161	111
15	161	113
15	161	121
15	161	131
15	161	132
15	161	151
15	162	41
15	162	42
15	162	43
15	162	44
15	162	45
15	162	46
15	162	74
15	162	82
15	162	85
15	162	91
15	162	94
15	162	95
15	162	101
15	162	102
15	162	111
15	162	121
15	162	123
15	162	125
15	162	131
15	162	132
15	162	151
15	163	41
15	163	42
15	163	43
15	163	44
15	163	45
15	163	46
15	163	82
15	163	85
15	163	91
15	163	94
15	163	95
15	163	101
15	163	102
15	163	111
15	163	121
15	163	131
15	163	132
15	163	151
15	164	41
15	164	42
15	164	44
15	164	45
15	164	46
15	164	74
15	164	82
15	164	85
15	164	86
15	164	91
15	164	94
15	164	95
15	164	101
15	164	102
15	164	111
15	164	113
15	164	121
15	164	131
15	164	132
15	165	41
15	165	42
15	165	43
15	165	44
15	165	45
15	165	46
15	165	74
15	165	82
15	165	85
15	165	91
15	165	94
15	165	95
15	165	101
15	165	102
15	165	111
15	165	121
15	165	125
15	165	131
15	165	132
15	165	151
15	166	41
15	166	42
15	166	43
15	166	44
15	166	45
15	166	46
15	166	82
15	166	85
15	166	86
15	166	91
15	166	94
15	166	95
15	166	101
15	166	102
15	166	111
15	166	113
15	166	121
15	166	125
15	166	131
15	166	132
15	166	151
15	171	41
15	171	42
15	171	43
15	171	44
15	171	45
15	171	46
15	171	74
15	171	82
15	171	85
15	171	91
15	171	94
15	171	95
15	171	101
15	171	102
15	171	111
15	171	113
15	171	125
15	171	131
15	171	132
15	171	151
15	171	164
15	171	194
15	172	41
15	172	42
15	172	43
15	172	44
15	172	45
15	172	46
15	172	82
15	172	85
15	172	91
15	172	94
15	172	95
15	172	101
15	172	102
15	172	111
15	172	121
15	172	131
15	172	132
15	172	151
15	173	41
15	173	42
15	173	43
15	173	44
15	173	45
15	173	46
15	173	82
15	173	85
15	173	91
15	173	94
15	173	95
15	173	101
15	173	102
15	173	111
15	173	121
15	173	125
15	173	131
15	173	132
15	173	151
15	174	41
15	174	42
15	174	44
15	174	45
15	174	46
15	174	74
15	174	82
15	174	85
15	174	91
15	174	94
15	174	95
15	174	101
15	174	102
15	174	111
15	174	113
15	174	121
15	174	131
15	174	132
15	174	151
15	175	41
15	175	43
15	175	44
15	175	45
15	175	46
15	175	82
15	175	85
15	175	91
15	175	94
15	175	95
15	175	101
15	175	102
15	175	111
15	175	121
15	175	123
15	175	125
15	175	132
15	175	151
15	176	41
15	176	42
15	176	43
15	176	44
15	176	45
15	176	46
15	176	74
15	176	82
15	176	85
15	176	91
15	176	94
15	176	95
15	176	101
15	176	102
15	176	111
15	176	121
15	176	125
15	176	131
15	176	132
15	176	151
15	181	41
15	181	42
15	181	43
15	181	44
15	181	45
15	181	46
15	181	74
15	181	82
15	181	85
15	181	91
15	181	94
15	181	95
15	181	101
15	181	102
15	181	111
15	181	121
15	181	125
15	181	132
15	181	151
15	182	41
15	182	42
15	182	43
15	182	44
15	182	45
15	182	46
15	182	82
15	182	85
15	182	91
15	182	94
15	182	95
15	182	101
15	182	102
15	182	111
15	182	121
15	182	123
15	182	125
15	182	131
15	182	132
15	182	151
15	183	41
15	183	42
15	183	43
15	183	44
15	183	45
15	183	46
15	183	74
15	183	82
15	183	85
15	183	91
15	183	94
15	183	95
15	183	101
15	183	102
15	183	111
15	183	113
15	183	121
15	183	131
15	183	132
15	183	151
15	184	41
15	184	42
15	184	43
15	184	44
15	184	45
15	184	46
15	184	82
15	184	85
15	184	91
15	184	94
15	184	95
15	184	101
15	184	102
15	184	111
15	184	121
15	184	125
15	184	131
15	184	132
15	184	151
15	185	41
15	185	43
15	185	44
15	185	45
15	185	46
15	185	82
15	185	85
15	185	91
15	185	94
15	185	95
15	185	101
15	185	102
15	185	111
15	185	121
15	185	123
15	185	125
15	185	132
15	185	151
15	186	41
15	186	42
15	186	43
15	186	44
15	186	45
15	186	46
15	186	82
15	186	85
15	186	86
15	186	91
15	186	94
15	186	95
15	186	101
15	186	102
15	186	111
15	186	121
15	186	131
15	186	132
15	186	151
15	186	163
15	191	41
15	191	42
15	191	44
15	191	45
15	191	46
15	191	82
15	191	85
15	191	86
15	191	91
15	191	94
15	191	95
15	191	101
15	191	102
15	191	111
15	191	121
15	191	125
15	191	131
15	191	132
15	191	151
15	192	11
15	192	41
15	192	42
15	192	44
15	192	45
15	192	46
15	192	52
15	192	54
15	192	63
15	192	82
15	192	85
15	192	86
15	192	91
15	192	94
15	192	95
15	192	101
15	192	102
15	192	113
15	192	121
15	192	131
15	192	132
15	193	41
15	193	42
15	193	43
15	193	44
15	193	45
15	193	46
15	193	82
15	193	85
15	193	86
15	193	91
15	193	94
15	193	95
15	193	101
15	193	102
15	193	111
15	193	121
15	193	125
15	193	131
15	193	132
15	194	41
15	194	42
15	194	43
15	194	44
15	194	45
15	194	46
15	194	74
15	194	82
15	194	85
15	194	91
15	194	94
15	194	95
15	194	101
15	194	102
15	194	111
15	194	121
15	194	131
15	194	132
15	194	151
15	195	41
15	195	42
15	195	43
15	195	44
15	195	45
15	195	46
15	195	74
15	195	82
15	195	85
15	195	91
15	195	94
15	195	95
15	195	101
15	195	102
15	195	111
15	195	121
15	195	125
15	195	131
15	195	132
15	195	151
15	196	16
15	196	41
15	196	42
15	196	43
15	196	44
15	196	45
15	196	46
15	196	82
15	196	85
15	196	91
15	196	94
15	196	95
15	196	101
15	196	102
15	196	111
15	196	113
15	196	121
15	196	131
15	196	132
15	196	151
15	201	11
15	201	41
15	201	42
15	201	44
15	201	45
15	201	46
15	201	74
15	201	82
15	201	91
15	201	94
15	201	95
15	201	101
15	201	102
15	201	124
15	201	151
15	203	41
15	203	44
15	203	45
15	203	46
15	203	74
15	203	85
15	203	94
15	203	95
15	203	102
15	203	111
15	203	113
15	203	121
15	203	151
15	204	41
15	204	42
15	204	44
15	204	45
15	204	46
15	204	85
15	204	94
15	204	95
15	204	101
15	204	102
15	204	111
15	204	151
15	205	41
15	205	45
15	205	46
15	205	85
15	205	94
15	205	95
15	205	101
15	205	102
15	205	111
15	205	131
15	205	151
15	206	41
15	206	44
15	206	45
15	206	46
15	206	74
15	206	85
15	206	91
15	206	94
15	206	95
15	206	102
15	206	111
15	206	151
