20	11	16
20	11	24
20	11	42
20	11	43
20	11	44
20	11	85
20	11	91
20	11	94
20	11	111
20	11	151
20	12	43
20	12	44
20	12	45
20	12	46
20	12	74
20	12	94
20	12	101
20	12	102
20	12	151
20	13	11
20	13	45
20	13	101
20	14	11
20	14	41
20	14	44
20	14	45
20	14	46
20	14	91
20	14	94
20	15	11
20	15	24
20	15	41
20	15	42
20	15	44
20	15	45
20	15	46
20	15	91
20	15	151
20	16	41
20	16	44
20	16	45
20	16	91
20	16	95
20	16	102
20	21	41
20	21	42
20	21	45
20	21	46
20	21	54
20	21	63
20	21	82
20	21	94
20	21	95
20	21	101
20	21	102
20	21	121
20	21	131
20	22	11
20	22	41
20	22	42
20	22	44
20	22	45
20	22	46
20	22	74
20	22	91
20	22	94
20	22	102
20	22	151
20	23	11
20	23	41
20	23	42
20	23	44
20	23	45
20	23	46
20	23	54
20	23	82
20	23	91
20	23	94
20	23	95
20	23	101
20	23	102
20	23	121
20	23	131
20	23	132
20	24	41
20	24	42
20	24	45
20	24	46
20	24	82
20	24	91
20	24	95
20	24	102
20	24	113
20	25	44
20	25	54
20	25	61
20	25	73
20	25	74
20	25	82
20	25	85
20	25	95
20	25	102
20	25	105
20	26	41
20	26	44
20	26	45
20	26	46
20	26	72
20	26	82
20	26	85
20	26	91
20	26	94
20	26	95
20	26	101
20	26	102
20	31	41
20	31	45
20	31	74
20	31	85
20	31	91
20	31	94
20	31	151
20	32	44
20	32	45
20	32	74
20	32	82
20	32	91
20	32	94
20	32	95
20	32	101
20	32	102
20	32	103
20	32	105
20	32	111
20	32	132
20	32	151
20	33	74
20	33	91
20	33	151
20	34	44
20	34	45
20	34	74
20	34	91
20	34	151
20	35	11
20	35	33
20	35	41
20	35	45
20	35	91
20	36	44
20	36	45
20	36	46
20	36	91
20	36	94
20	36	95
20	36	101
20	36	102
20	36	103
20	36	105
20	36	111
20	36	132
20	36	151
20	41	24
20	41	45
20	41	52
20	41	74
20	41	82
20	41	94
20	41	95
20	41	101
20	41	102
20	41	105
20	42	41
20	42	45
20	42	54
20	42	82
20	42	94
20	42	95
20	42	101
20	42	111
20	42	151
20	43	36
20	43	42
20	43	45
20	43	62
20	43	63
20	43	74
20	43	82
20	43	85
20	43	86
20	43	91
20	43	94
20	43	95
20	43	101
20	43	102
20	43	132
20	43	151
20	44	45
20	44	82
20	44	85
20	44	91
20	44	94
20	44	95
20	44	101
20	44	102
20	44	151
20	45	91
20	45	151
20	46	45
20	46	82
20	46	85
20	46	91
20	46	94
20	46	95
20	46	101
20	46	102
20	46	111
20	46	151
20	51	44
20	51	45
20	51	71
20	51	72
20	51	74
20	51	76
20	51	82
20	51	85
20	51	91
20	51	94
20	51	95
20	51	101
20	51	102
20	51	103
20	51	105
20	51	132
20	51	151
20	52	44
20	52	45
20	52	74
20	52	82
20	52	85
20	52	91
20	52	94
20	52	95
20	52	101
20	52	102
20	52	151
20	53	11
20	53	41
20	53	42
20	53	43
20	53	44
20	53	45
20	53	46
20	53	51
20	53	73
20	53	82
20	53	85
20	53	91
20	53	94
20	53	95
20	53	101
20	53	102
20	53	121
20	53	132
20	54	44
20	54	45
20	54	82
20	54	85
20	54	91
20	54	94
20	54	95
20	54	101
20	54	102
20	54	111
20	54	151
20	55	44
20	55	45
20	55	74
20	55	76
20	55	82
20	55	91
20	55	94
20	55	95
20	55	101
20	55	102
20	55	103
20	55	111
20	55	132
20	55	151
20	56	42
20	56	44
20	56	45
20	56	51
20	56	52
20	56	71
20	56	72
20	56	74
20	56	81
20	56	82
20	56	85
20	56	91
20	56	94
20	56	95
20	56	101
20	56	102
20	56	151
20	61	45
20	61	46
20	61	82
20	61	85
20	61	91
20	61	94
20	61	95
20	61	101
20	62	32
20	62	41
20	62	44
20	62	45
20	62	46
20	62	63
20	62	82
20	62	94
20	62	95
20	62	101
20	62	102
20	63	45
20	63	46
20	63	72
20	63	82
20	63	85
20	63	91
20	63	94
20	63	95
20	63	101
20	63	102
20	64	44
20	64	45
20	64	82
20	64	91
20	64	94
20	64	95
20	64	101
20	64	102
20	64	103
20	64	111
20	64	132
20	64	151
20	65	41
20	65	44
20	65	45
20	65	46
20	65	54
20	65	74
20	65	81
20	65	82
20	65	94
20	65	95
20	65	101
20	65	102
20	66	11
20	66	41
20	66	44
20	66	45
20	66	74
20	66	91
20	66	151
20	71	11
20	71	41
20	71	42
20	71	44
20	71	45
20	71	46
20	71	54
20	71	62
20	71	91
20	71	94
20	71	95
20	71	101
20	71	102
20	72	41
20	72	42
20	72	43
20	72	44
20	72	45
20	72	46
20	72	85
20	72	86
20	72	91
20	72	94
20	72	95
20	72	101
20	72	103
20	72	132
20	72	151
20	73	11
20	73	44
20	73	45
20	73	46
20	73	71
20	73	82
20	73	83
20	73	84
20	73	85
20	73	91
20	73	94
20	73	95
20	73	101
20	73	102
20	73	103
20	73	105
20	73	111
20	73	132
20	74	41
20	74	44
20	74	45
20	74	82
20	74	91
20	74	94
20	74	95
20	74	101
20	74	102
20	74	121
20	74	151
20	75	41
20	75	42
20	75	44
20	75	45
20	75	71
20	75	72
20	75	74
20	75	82
20	75	83
20	75	85
20	75	91
20	75	94
20	75	95
20	75	101
20	75	102
20	75	103
20	75	111
20	75	132
20	75	151
20	76	42
20	76	44
20	76	45
20	76	46
20	76	71
20	76	72
20	76	73
20	76	74
20	76	82
20	76	85
20	76	91
20	76	94
20	76	95
20	76	101
20	76	102
20	76	103
20	76	111
20	76	125
20	76	132
20	76	151
20	81	42
20	81	44
20	81	45
20	81	74
20	81	76
20	81	82
20	81	83
20	81	84
20	81	85
20	81	91
20	81	92
20	81	94
20	81	95
20	81	101
20	81	102
20	81	103
20	81	104
20	81	111
20	81	121
20	81	123
20	81	124
20	81	125
20	81	126
20	81	131
20	81	132
20	81	151
20	82	44
20	82	45
20	82	76
20	82	94
20	82	95
20	82	101
20	82	102
20	82	103
20	82	111
20	82	151
20	83	41
20	83	42
20	83	44
20	83	45
20	83	82
20	83	91
20	83	94
20	83	95
20	83	101
20	83	102
20	83	103
20	83	111
20	83	125
20	83	132
20	83	151
20	84	42
20	84	44
20	84	45
20	84	46
20	84	62
20	84	71
20	84	72
20	84	74
20	84	76
20	84	85
20	84	94
20	84	95
20	84	102
20	84	111
20	84	121
20	84	125
20	84	132
20	84	151
20	85	32
20	85	41
20	85	42
20	85	44
20	85	45
20	85	46
20	85	72
20	85	95
20	85	102
20	85	132
20	86	45
20	86	62
20	86	72
20	86	74
20	86	76
20	86	82
20	86	85
20	86	91
20	86	94
20	86	95
20	86	101
20	86	102
20	86	103
20	86	123
20	86	125
20	86	132
20	86	151
20	91	41
20	91	42
20	91	44
20	91	45
20	91	46
20	91	52
20	91	71
20	91	72
20	91	73
20	91	74
20	91	76
20	91	81
20	91	101
20	91	102
20	91	103
20	91	111
20	91	125
20	91	151
20	92	41
20	92	42
20	92	44
20	92	45
20	92	46
20	92	74
20	92	82
20	92	91
20	92	95
20	92	105
20	92	111
20	92	151
20	93	41
20	93	42
20	93	44
20	93	45
20	93	46
20	93	63
20	93	74
20	93	82
20	93	85
20	93	91
20	93	94
20	93	95
20	93	101
20	93	102
20	93	105
20	93	111
20	94	41
20	94	44
20	94	45
20	94	95
20	94	105
20	94	111
20	94	151
20	95	41
20	95	44
20	95	45
20	95	85
20	95	101
20	95	151
20	96	44
20	96	45
20	96	74
20	96	82
20	96	84
20	96	85
20	96	91
20	96	92
20	96	94
20	96	95
20	96	101
20	96	102
20	96	103
20	96	105
20	96	111
20	96	132
20	96	151
20	101	44
20	101	45
20	101	71
20	101	72
20	101	74
20	101	82
20	101	95
20	101	102
20	101	103
20	101	105
20	101	125
20	102	44
20	102	45
20	102	74
20	102	82
20	102	84
20	102	85
20	102	91
20	102	94
20	102	95
20	102	101
20	102	111
20	102	113
20	102	151
20	103	11
20	103	41
20	103	42
20	103	44
20	103	45
20	103	54
20	103	72
20	103	74
20	103	82
20	103	91
20	103	94
20	103	95
20	103	101
20	103	102
20	103	105
20	103	111
20	104	11
20	104	41
20	104	45
20	104	85
20	104	91
20	104	94
20	104	101
20	105	41
20	105	42
20	105	44
20	105	45
20	105	74
20	105	85
20	105	151
20	106	42
20	106	44
20	106	45
20	106	71
20	106	72
20	106	74
20	106	76
20	106	82
20	106	83
20	106	84
20	106	85
20	106	91
20	106	94
20	106	95
20	106	101
20	106	102
20	106	103
20	106	104
20	106	111
20	106	123
20	106	125
20	106	131
20	106	132
20	106	151
20	111	41
20	111	42
20	111	44
20	111	45
20	111	46
20	111	71
20	111	73
20	111	74
20	111	76
20	111	82
20	111	85
20	111	121
20	111	151
20	112	41
20	112	42
20	112	44
20	112	45
20	112	46
20	112	74
20	112	82
20	112	85
20	112	94
20	112	101
20	112	125
20	112	132
20	112	151
20	112	161
20	113	45
20	113	72
20	113	74
20	113	76
20	113	82
20	113	85
20	113	91
20	113	94
20	113	95
20	113	101
20	113	102
20	113	111
20	113	151
20	114	41
20	114	42
20	114	44
20	114	45
20	114	46
20	114	74
20	114	82
20	114	84
20	114	85
20	114	91
20	114	94
20	114	95
20	114	101
20	114	102
20	114	111
20	114	132
20	115	44
20	115	45
20	115	82
20	115	85
20	115	91
20	115	94
20	115	95
20	115	101
20	115	102
20	115	103
20	115	132
20	115	151
20	116	41
20	116	42
20	116	44
20	116	45
20	116	46
20	116	62
20	116	71
20	116	72
20	116	73
20	116	74
20	116	81
20	116	82
20	116	85
20	116	91
20	116	94
20	116	95
20	116	101
20	116	102
20	116	103
20	116	111
20	116	132
20	121	44
20	121	45
20	121	46
20	121	82
20	121	85
20	121	91
20	121	94
20	121	95
20	121	101
20	121	102
20	121	103
20	121	104
20	121	111
20	121	132
20	122	44
20	122	45
20	122	72
20	122	82
20	122	85
20	122	91
20	122	94
20	122	95
20	122	101
20	122	102
20	122	111
20	122	121
20	122	123
20	122	124
20	122	125
20	122	131
20	122	132
20	122	151
20	123	41
20	123	42
20	123	44
20	123	45
20	123	46
20	123	72
20	123	74
20	123	81
20	123	82
20	123	85
20	123	91
20	123	94
20	123	95
20	123	101
20	123	102
20	124	41
20	124	44
20	124	45
20	124	46
20	124	54
20	124	82
20	124	91
20	124	94
20	124	95
20	124	101
20	124	102
20	124	151
20	125	41
20	125	44
20	125	45
20	125	91
20	125	94
20	125	95
20	125	101
20	125	151
20	126	41
20	126	42
20	126	44
20	126	45
20	126	46
20	126	51
20	126	54
20	126	73
20	126	82
20	126	85
20	126	94
20	126	95
20	126	101
20	126	102
20	131	41
20	131	44
20	131	45
20	131	91
20	131	151
20	132	44
20	132	45
20	132	46
20	132	72
20	132	73
20	132	82
20	132	85
20	132	91
20	132	94
20	132	95
20	132	101
20	132	102
20	132	103
20	133	11
20	133	41
20	133	45
20	133	46
20	133	82
20	133	94
20	133	95
20	133	101
20	133	102
20	134	45
20	134	54
20	134	131
20	134	151
20	135	44
20	135	45
20	135	74
20	135	82
20	135	91
20	135	94
20	135	95
20	135	101
20	135	102
20	135	111
20	135	132
20	135	141
20	135	151
20	136	44
20	136	45
20	136	74
20	136	91
20	136	94
20	136	95
20	136	101
20	136	102
20	136	111
20	136	151
20	141	41
20	141	44
20	141	45
20	141	46
20	141	82
20	141	85
20	141	91
20	141	94
20	141	95
20	141	101
20	141	102
20	141	132
20	141	151
20	142	41
20	142	44
20	142	45
20	142	91
20	143	11
20	143	41
20	143	42
20	143	44
20	143	45
20	143	46
20	143	85
20	143	91
20	143	94
20	143	95
20	143	102
20	144	44
20	144	45
20	144	46
20	144	62
20	144	76
20	144	82
20	144	91
20	144	94
20	144	95
20	144	101
20	144	102
20	144	103
20	144	111
20	144	121
20	144	123
20	144	125
20	144	131
20	144	132
20	144	133
20	144	151
20	145	44
20	145	45
20	145	82
20	145	94
20	145	95
20	145	101
20	145	102
20	145	111
20	145	132
20	145	151
20	146	41
20	146	44
20	146	45
20	146	46
20	146	82
20	146	91
20	146	94
20	146	95
20	146	101
20	146	102
20	146	151
20	151	44
20	151	45
20	151	74
20	151	82
20	151	91
20	151	94
20	151	95
20	151	101
20	151	102
20	151	111
20	151	132
20	151	144
20	151	154
20	152	44
20	152	45
20	152	46
20	152	82
20	152	85
20	152	91
20	152	94
20	152	95
20	152	101
20	152	102
20	152	103
20	152	111
20	152	132
20	152	151
20	153	44
20	153	45
20	153	62
20	153	76
20	153	94
20	153	101
20	153	102
20	153	111
20	153	204
20	154	41
20	154	42
20	154	45
20	154	46
20	154	54
20	154	63
20	154	82
20	154	91
20	154	94
20	154	95
20	154	101
20	154	102
20	154	151
20	155	83
20	155	85
20	155	91
20	155	95
20	155	101
20	155	102
20	155	131
20	155	132
20	155	154
20	156	41
20	156	44
20	156	45
20	156	74
20	156	85
20	156	91
20	156	92
20	156	94
20	156	95
20	156	102
20	156	172
20	161	11
20	161	41
20	161	42
20	161	44
20	161	45
20	161	46
20	161	54
20	161	62
20	161	74
20	161	82
20	161	85
20	161	91
20	161	94
20	161	95
20	161	101
20	161	102
20	161	154
20	162	44
20	162	45
20	162	82
20	162	91
20	162	94
20	162	95
20	162	101
20	162	102
20	162	132
20	162	151
20	162	186
20	163	41
20	163	44
20	163	45
20	163	85
20	163	91
20	163	94
20	163	95
20	163	101
20	163	102
20	163	132
20	163	151
20	163	172
20	164	41
20	164	45
20	164	46
20	164	74
20	164	82
20	164	85
20	164	91
20	164	94
20	164	95
20	164	102
20	164	105
20	164	121
20	164	131
20	164	132
20	164	195
20	165	44
20	165	45
20	165	74
20	165	91
20	165	94
20	165	95
20	165	101
20	165	102
20	165	151
20	166	41
20	166	44
20	166	45
20	166	46
20	166	82
20	166	91
20	166	94
20	166	95
20	166	101
20	166	102
20	166	111
20	171	41
20	171	44
20	171	45
20	171	46
20	171	82
20	171	91
20	171	94
20	171	95
20	171	101
20	171	102
20	171	132
20	171	142
20	171	194
20	172	41
20	172	44
20	172	45
20	172	46
20	172	91
20	172	94
20	172	95
20	172	101
20	172	102
20	172	131
20	172	132
20	173	44
20	173	45
20	173	82
20	173	91
20	173	94
20	173	95
20	173	101
20	173	102
20	173	132
20	173	151
20	174	41
20	174	44
20	174	45
20	174	82
20	174	94
20	174	95
20	174	101
20	174	151
20	175	44
20	175	45
20	175	82
20	175	94
20	175	95
20	175	101
20	175	102
20	175	111
20	175	132
20	175	151
20	176	41
20	176	44
20	176	45
20	176	46
20	176	74
20	176	82
20	176	85
20	176	91
20	176	94
20	176	95
20	176	101
20	176	102
20	176	151
20	181	24
20	181	41
20	181	42
20	181	43
20	181	44
20	181	45
20	181	46
20	181	91
20	181	151
20	181	186
20	182	43
20	182	44
20	182	45
20	182	85
20	182	91
20	182	94
20	182	95
20	182	101
20	182	102
20	182	103
20	182	111
20	182	123
20	182	125
20	182	132
20	182	151
20	183	41
20	183	44
20	183	45
20	183	46
20	183	82
20	183	91
20	183	94
20	183	95
20	183	101
20	183	102
20	183	151
20	184	44
20	184	45
20	184	91
20	184	94
20	184	95
20	184	101
20	184	102
20	184	103
20	184	111
20	184	132
20	184	151
20	185	44
20	185	45
20	185	91
20	185	94
20	185	95
20	185	101
20	185	102
20	185	111
20	185	151
20	186	41
20	186	42
20	186	43
20	186	44
20	186	45
20	186	46
20	186	63
20	186	82
20	186	86
20	186	94
20	186	95
20	186	101
20	186	102
20	186	151
20	186	163
20	191	41
20	191	45
20	191	82
20	191	94
20	191	95
20	191	101
20	191	111
20	191	151
20	192	41
20	192	42
20	192	45
20	192	46
20	192	52
20	192	54
20	192	63
20	192	82
20	192	94
20	192	95
20	192	101
20	192	102
20	193	44
20	193	45
20	193	82
20	193	91
20	193	94
20	193	95
20	193	101
20	193	102
20	193	111
20	193	132
20	193	151
20	194	41
20	194	42
20	194	44
20	194	45
20	194	46
20	194	54
20	194	82
20	194	91
20	194	94
20	194	95
20	194	101
20	194	102
20	195	11
20	195	41
20	195	42
20	195	44
20	195	45
20	195	46
20	195	91
20	195	94
20	195	101
20	195	151
20	196	16
20	196	45
20	196	102
20	196	131
20	196	132
20	196	151
20	201	11
20	201	41
20	201	44
20	201	45
20	201	46
20	201	151
20	203	45
20	203	74
20	203	151
20	204	41
20	204	45
20	204	94
20	204	101
20	204	151
20	205	41
20	205	45
20	205	151
20	206	41
20	206	45
20	206	151
