25	11	24
25	11	43
25	11	44
25	11	151
25	12	44
25	12	151
25	13	11
25	13	45
25	13	101
25	14	41
25	14	44
25	14	45
25	14	141
25	15	24
25	15	41
25	15	44
25	15	91
25	15	151
25	16	91
25	16	186
25	21	41
25	21	44
25	21	45
25	21	46
25	21	52
25	21	54
25	21	63
25	21	82
25	21	94
25	22	41
25	22	44
25	22	45
25	22	91
25	22	151
25	23	11
25	23	41
25	23	44
25	23	45
25	23	46
25	23	82
25	23	91
25	23	94
25	23	95
25	23	101
25	23	102
25	24	11
25	24	41
25	24	45
25	25	61
25	25	64
25	25	73
25	25	74
25	25	85
25	25	102
25	25	165
25	25	174
25	26	44
25	26	45
25	26	72
25	26	82
25	26	85
25	26	102
25	26	123
25	26	125
25	31	91
25	31	94
25	31	125
25	32	44
25	32	91
25	32	94
25	32	95
25	32	101
25	32	102
25	32	103
25	32	105
25	32	111
25	32	151
25	33	91
25	34	24
25	34	44
25	34	151
25	35	33
25	35	41
25	35	45
25	35	91
25	36	44
25	36	45
25	36	105
25	36	111
25	41	24
25	41	45
25	41	74
25	41	82
25	41	94
25	41	101
25	41	141
25	42	41
25	42	45
25	42	54
25	42	94
25	42	101
25	42	191
25	43	45
25	43	62
25	43	82
25	43	86
25	43	91
25	43	94
25	43	95
25	43	101
25	43	102
25	43	151
25	44	62
25	44	94
25	44	102
25	44	151
25	45	151
25	46	45
25	46	52
25	46	82
25	46	94
25	46	95
25	46	101
25	46	111
25	51	45
25	51	74
25	51	82
25	51	85
25	51	91
25	51	94
25	51	95
25	51	101
25	51	103
25	51	105
25	52	84
25	52	85
25	52	91
25	52	94
25	52	95
25	52	101
25	52	103
25	52	151
25	53	11
25	53	43
25	53	44
25	53	45
25	53	46
25	53	51
25	53	61
25	53	82
25	53	84
25	53	85
25	53	91
25	53	94
25	53	95
25	53	101
25	53	103
25	54	44
25	54	45
25	54	74
25	54	82
25	54	85
25	54	94
25	54	95
25	54	101
25	54	102
25	54	111
25	54	151
25	55	44
25	55	45
25	55	76
25	55	82
25	55	85
25	55	94
25	55	95
25	55	101
25	55	103
25	55	151
25	56	42
25	56	44
25	56	45
25	56	51
25	56	52
25	56	71
25	56	72
25	56	85
25	56	91
25	56	94
25	56	95
25	56	101
25	56	103
25	56	151
25	61	44
25	61	82
25	61	85
25	61	94
25	61	95
25	61	101
25	61	191
25	62	32
25	62	45
25	62	91
25	62	94
25	62	101
25	63	45
25	63	82
25	63	101
25	63	102
25	64	111
25	64	151
25	65	41
25	65	44
25	65	45
25	65	54
25	65	82
25	65	94
25	65	101
25	65	102
25	66	41
25	66	44
25	66	45
25	71	41
25	71	44
25	71	45
25	71	46
25	71	54
25	71	94
25	71	101
25	71	102
25	72	41
25	72	42
25	72	44
25	72	45
25	72	86
25	72	94
25	72	101
25	72	103
25	73	11
25	73	52
25	73	83
25	73	84
25	73	85
25	73	91
25	73	94
25	73	95
25	73	101
25	73	103
25	73	104
25	73	105
25	73	112
25	73	131
25	74	45
25	74	91
25	74	94
25	74	95
25	74	101
25	74	102
25	75	42
25	75	44
25	75	45
25	75	71
25	75	72
25	75	74
25	75	85
25	75	91
25	75	94
25	75	95
25	75	101
25	75	102
25	75	105
25	75	111
25	75	151
25	76	42
25	76	44
25	76	45
25	76	71
25	76	72
25	76	74
25	76	82
25	76	84
25	76	85
25	76	91
25	76	94
25	76	95
25	76	101
25	76	103
25	76	104
25	76	111
25	76	123
25	76	124
25	76	125
25	76	126
25	76	132
25	76	151
25	81	76
25	81	82
25	81	83
25	81	84
25	81	85
25	81	91
25	81	92
25	81	94
25	81	95
25	81	101
25	81	103
25	81	104
25	81	111
25	81	123
25	81	124
25	81	125
25	81	126
25	81	131
25	81	132
25	81	151
25	82	45
25	82	94
25	82	95
25	82	101
25	82	102
25	82	103
25	82	111
25	82	151
25	83	44
25	83	91
25	83	94
25	83	101
25	83	111
25	83	125
25	84	44
25	84	45
25	84	71
25	84	72
25	84	74
25	84	76
25	84	85
25	84	94
25	84	95
25	84	101
25	84	102
25	84	104
25	84	111
25	84	125
25	85	32
25	85	44
25	85	95
25	85	102
25	86	45
25	86	76
25	86	82
25	86	84
25	86	85
25	86	91
25	86	94
25	86	95
25	86	101
25	86	102
25	86	103
25	86	104
25	86	125
25	86	151
25	91	44
25	91	45
25	91	71
25	91	76
25	91	92
25	91	101
25	91	103
25	91	111
25	91	151
25	92	41
25	92	42
25	92	44
25	92	45
25	92	91
25	92	105
25	92	111
25	92	151
25	93	44
25	93	45
25	93	82
25	93	85
25	93	91
25	93	92
25	93	94
25	93	95
25	93	101
25	93	111
25	94	45
25	94	111
25	94	151
25	95	41
25	95	85
25	95	101
25	95	151
25	96	45
25	96	74
25	96	85
25	96	91
25	96	92
25	96	94
25	96	95
25	96	101
25	96	105
25	96	111
25	96	151
25	101	44
25	101	45
25	101	74
25	101	82
25	101	95
25	101	103
25	101	104
25	101	105
25	101	121
25	101	125
25	102	16
25	102	45
25	102	84
25	102	85
25	102	94
25	102	95
25	102	101
25	102	111
25	102	114
25	102	151
25	103	44
25	103	91
25	103	94
25	103	95
25	103	101
25	103	104
25	103	105
25	103	111
25	103	126
25	104	11
25	104	45
25	104	84
25	104	85
25	104	91
25	104	101
25	105	41
25	105	42
25	105	44
25	105	54
25	105	85
25	105	111
25	106	71
25	106	72
25	106	74
25	106	83
25	106	84
25	106	85
25	106	91
25	106	92
25	106	94
25	106	95
25	106	101
25	106	103
25	106	104
25	106	111
25	106	121
25	106	123
25	106	124
25	106	125
25	106	126
25	106	131
25	106	132
25	106	151
25	111	44
25	111	45
25	111	74
25	111	82
25	111	83
25	111	84
25	111	91
25	111	105
25	111	121
25	112	44
25	112	45
25	112	82
25	112	85
25	112	94
25	112	101
25	112	151
25	112	161
25	113	76
25	113	82
25	113	84
25	113	85
25	113	91
25	113	94
25	113	95
25	113	101
25	113	102
25	113	103
25	113	111
25	113	151
25	114	44
25	114	45
25	114	74
25	114	82
25	114	84
25	114	85
25	114	91
25	114	92
25	114	94
25	114	95
25	114	101
25	114	102
25	114	111
25	114	123
25	114	151
25	115	85
25	115	91
25	115	94
25	115	95
25	115	101
25	115	102
25	115	103
25	115	104
25	115	151
25	116	44
25	116	45
25	116	62
25	116	71
25	116	76
25	116	82
25	116	84
25	116	85
25	116	91
25	116	94
25	116	95
25	116	101
25	116	102
25	116	103
25	116	111
25	116	132
25	121	44
25	121	45
25	121	76
25	121	82
25	121	83
25	121	84
25	121	85
25	121	91
25	121	94
25	121	95
25	121	101
25	121	102
25	121	103
25	121	104
25	121	111
25	121	125
25	121	171
25	122	83
25	122	84
25	122	85
25	122	91
25	122	94
25	122	95
25	122	101
25	122	102
25	122	111
25	122	113
25	122	121
25	122	123
25	122	124
25	122	125
25	122	131
25	122	132
25	122	151
25	123	42
25	123	44
25	123	45
25	123	71
25	123	72
25	123	74
25	123	81
25	123	82
25	123	94
25	123	95
25	123	101
25	123	102
25	123	103
25	124	44
25	124	45
25	124	54
25	124	94
25	124	95
25	124	101
25	124	102
25	124	151
25	125	41
25	125	45
25	125	151
25	126	44
25	126	45
25	126	51
25	126	54
25	126	94
25	126	102
25	131	85
25	131	91
25	131	94
25	131	101
25	131	151
25	132	83
25	132	85
25	132	91
25	132	94
25	132	101
25	132	103
25	132	104
25	132	142
25	133	11
25	133	45
25	133	54
25	134	41
25	134	54
25	134	161
25	135	94
25	135	95
25	135	101
25	135	103
25	135	111
25	135	141
25	135	151
25	136	151
25	141	41
25	141	44
25	141	45
25	141	46
25	141	91
25	141	102
25	142	41
25	142	44
25	142	91
25	143	41
25	143	91
25	143	95
25	143	102
25	144	45
25	144	62
25	144	73
25	144	76
25	144	82
25	144	83
25	144	91
25	144	94
25	144	95
25	144	101
25	144	102
25	144	123
25	145	94
25	145	151
25	146	41
25	146	44
25	146	45
25	146	46
25	146	54
25	146	102
25	146	143
25	151	94
25	151	101
25	151	144
25	152	44
25	152	82
25	152	95
25	152	102
25	152	103
25	152	111
25	153	62
25	153	111
25	153	204
25	154	41
25	154	45
25	154	54
25	154	82
25	154	94
25	154	101
25	154	102
25	154	151
25	155	81
25	155	131
25	155	184
25	156	41
25	156	91
25	156	94
25	156	102
25	161	41
25	161	44
25	161	45
25	161	46
25	161	52
25	161	54
25	161	62
25	161	82
25	161	85
25	161	91
25	161	94
25	161	95
25	161	101
25	161	102
25	161	103
25	161	144
25	161	154
25	162	44
25	162	45
25	162	94
25	162	101
25	162	102
25	162	151
25	162	186
25	163	41
25	163	44
25	163	91
25	163	94
25	163	95
25	163	102
25	163	151
25	164	43
25	164	45
25	164	84
25	164	94
25	164	95
25	164	102
25	164	195
25	165	102
25	166	34
25	166	41
25	166	45
25	166	82
25	166	94
25	166	95
25	166	101
25	166	184
25	166	191
25	171	44
25	171	45
25	171	82
25	171	94
25	171	95
25	171	101
25	171	102
25	171	135
25	171	142
25	171	194
25	172	11
25	172	41
25	172	45
25	172	91
25	173	44
25	173	45
25	173	94
25	173	151
25	174	41
25	174	45
25	174	94
25	174	101
25	175	45
25	175	151
25	176	41
25	176	44
25	176	45
25	176	46
25	176	91
25	176	94
25	176	102
25	181	24
25	181	44
25	181	151
25	181	186
25	182	45
25	182	72
25	182	95
25	182	102
25	183	41
25	183	44
25	183	45
25	183	82
25	183	102
25	184	45
25	184	111
25	184	151
25	185	111
25	186	41
25	186	44
25	186	45
25	186	46
25	186	63
25	186	82
25	186	86
25	186	94
25	186	95
25	186	101
25	186	102
25	186	141
25	186	163
25	191	41
25	191	45
25	191	63
25	191	94
25	191	101
25	191	171
25	192	41
25	192	45
25	192	94
25	192	101
25	193	44
25	193	45
25	193	91
25	193	94
25	193	101
25	193	102
25	194	41
25	194	44
25	194	45
25	194	46
25	194	54
25	194	82
25	194	94
25	194	101
25	194	102
25	195	41
25	195	44
25	195	45
25	195	91
25	196	45
25	196	151
25	196	181
25	201	11
25	201	41
25	201	44
25	201	45
25	201	142
25	201	151
25	203	151
25	204	45
25	204	94
25	204	154
25	205	151
25	206	41
25	206	151
