30	11	24
30	11	44
30	11	151
30	12	94
30	13	45
30	14	11
30	14	41
30	14	44
30	14	45
30	15	24
30	15	33
30	15	44
30	15	46
30	15	151
30	15	164
30	16	186
30	16	204
30	21	41
30	21	42
30	21	45
30	21	52
30	21	63
30	21	82
30	21	86
30	22	41
30	22	91
30	22	151
30	23	12
30	23	44
30	23	102
30	23	106
30	24	11
30	24	71
30	24	184
30	25	32
30	25	54
30	25	61
30	25	62
30	25	64
30	25	73
30	25	74
30	25	81
30	25	82
30	26	23
30	26	34
30	26	44
30	26	61
30	26	73
30	26	102
30	26	123
30	31	125
30	31	141
30	32	44
30	32	76
30	32	84
30	32	91
30	32	94
30	32	95
30	32	101
30	32	103
30	32	105
30	32	111
30	32	151
30	33	141
30	34	24
30	41	24
30	41	45
30	41	101
30	42	54
30	42	94
30	42	101
30	43	45
30	43	52
30	43	62
30	43	63
30	43	82
30	43	86
30	43	94
30	43	102
30	44	62
30	45	151
30	46	45
30	46	52
30	46	82
30	46	94
30	46	101
30	46	111
30	46	151
30	51	45
30	51	82
30	51	84
30	51	85
30	51	91
30	51	94
30	51	95
30	51	101
30	51	103
30	51	104
30	51	105
30	51	124
30	51	151
30	52	54
30	52	84
30	52	85
30	52	91
30	52	94
30	52	95
30	52	101
30	52	103
30	52	104
30	52	111
30	52	112
30	52	122
30	52	123
30	52	124
30	52	125
30	52	126
30	52	131
30	52	132
30	52	133
30	52	181
30	53	11
30	53	44
30	53	45
30	53	46
30	53	51
30	53	84
30	53	91
30	53	94
30	53	95
30	53	103
30	53	112
30	54	44
30	54	72
30	54	82
30	54	84
30	54	85
30	54	91
30	54	94
30	54	95
30	54	101
30	54	111
30	55	44
30	55	45
30	55	76
30	55	82
30	55	84
30	55	85
30	55	91
30	55	94
30	55	95
30	55	101
30	55	103
30	56	42
30	56	51
30	56	71
30	56	84
30	56	85
30	56	91
30	56	94
30	56	95
30	56	101
30	56	103
30	56	151
30	56	171
30	61	44
30	61	72
30	61	85
30	61	94
30	61	95
30	61	101
30	61	111
30	62	31
30	62	41
30	62	43
30	63	16
30	63	45
30	63	151
30	64	111
30	65	45
30	65	82
30	65	83
30	65	94
30	65	95
30	65	101
30	65	102
30	66	41
30	66	44
30	71	44
30	71	45
30	71	54
30	71	102
30	72	45
30	72	74
30	72	94
30	72	103
30	72	141
30	72	171
30	73	11
30	73	66
30	73	83
30	73	84
30	73	85
30	73	91
30	73	94
30	73	95
30	73	101
30	73	102
30	73	111
30	73	112
30	73	171
30	74	91
30	74	95
30	74	124
30	74	126
30	75	71
30	75	72
30	75	74
30	75	84
30	75	85
30	75	91
30	75	92
30	75	94
30	75	95
30	75	101
30	75	103
30	75	111
30	75	151
30	76	71
30	76	72
30	76	82
30	76	84
30	76	85
30	76	91
30	76	92
30	76	94
30	76	95
30	76	101
30	76	103
30	76	104
30	76	111
30	76	121
30	76	123
30	76	124
30	76	125
30	76	126
30	76	131
30	76	132
30	81	76
30	81	83
30	81	84
30	81	85
30	81	91
30	81	92
30	81	94
30	81	95
30	81	101
30	81	103
30	81	104
30	81	111
30	81	123
30	81	124
30	81	125
30	81	126
30	81	131
30	81	132
30	82	45
30	82	94
30	82	95
30	82	101
30	82	102
30	82	103
30	82	111
30	82	125
30	82	151
30	83	91
30	83	94
30	83	101
30	83	111
30	83	125
30	84	44
30	84	45
30	84	76
30	84	85
30	84	91
30	84	94
30	84	95
30	84	101
30	84	102
30	84	103
30	84	104
30	84	111
30	84	124
30	84	125
30	85	32
30	85	84
30	85	95
30	85	101
30	85	102
30	86	76
30	86	82
30	86	84
30	86	85
30	86	91
30	86	94
30	86	95
30	86	101
30	86	103
30	86	104
30	86	125
30	86	151
30	91	51
30	91	71
30	91	92
30	91	101
30	91	103
30	91	111
30	91	114
30	91	151
30	92	24
30	92	44
30	92	45
30	92	105
30	92	111
30	92	151
30	92	164
30	93	44
30	93	82
30	93	84
30	93	85
30	93	91
30	93	92
30	93	94
30	93	95
30	93	101
30	93	103
30	93	104
30	93	111
30	93	121
30	93	123
30	93	125
30	94	84
30	94	91
30	94	111
30	94	151
30	95	85
30	95	112
30	95	151
30	96	74
30	96	84
30	96	85
30	96	91
30	96	92
30	96	94
30	96	95
30	96	101
30	96	111
30	101	44
30	101	82
30	101	85
30	101	91
30	101	95
30	101	103
30	101	104
30	101	105
30	101	121
30	101	123
30	101	124
30	101	125
30	102	42
30	102	84
30	102	85
30	102	94
30	102	111
30	102	114
30	102	151
30	103	44
30	103	54
30	103	91
30	103	94
30	103	95
30	103	101
30	103	104
30	103	111
30	103	126
30	103	171
30	104	11
30	104	84
30	105	42
30	105	44
30	105	54
30	105	111
30	106	71
30	106	72
30	106	83
30	106	84
30	106	85
30	106	91
30	106	92
30	106	94
30	106	95
30	106	101
30	106	103
30	106	104
30	106	111
30	106	121
30	106	123
30	106	124
30	106	125
30	106	126
30	106	131
30	106	132
30	106	151
30	111	74
30	111	82
30	111	84
30	111	91
30	111	92
30	111	101
30	111	103
30	111	105
30	111	121
30	111	124
30	111	126
30	112	44
30	112	45
30	112	74
30	112	82
30	112	85
30	112	94
30	112	101
30	112	111
30	112	125
30	113	76
30	113	82
30	113	84
30	113	85
30	113	91
30	113	94
30	113	95
30	113	101
30	113	102
30	113	103
30	113	111
30	113	151
30	114	44
30	114	71
30	114	74
30	114	82
30	114	83
30	114	84
30	114	85
30	114	91
30	114	92
30	114	94
30	114	95
30	114	101
30	114	102
30	114	103
30	114	111
30	114	112
30	114	123
30	114	126
30	114	164
30	115	84
30	115	85
30	115	91
30	115	94
30	115	95
30	115	101
30	115	103
30	115	104
30	115	125
30	115	151
30	116	44
30	116	45
30	116	62
30	116	76
30	116	82
30	116	84
30	116	85
30	116	91
30	116	92
30	116	94
30	116	95
30	116	101
30	116	102
30	116	103
30	116	104
30	116	111
30	116	123
30	116	124
30	116	125
30	116	126
30	116	132
30	121	71
30	121	76
30	121	82
30	121	83
30	121	84
30	121	85
30	121	91
30	121	92
30	121	94
30	121	95
30	121	101
30	121	103
30	121	104
30	121	111
30	121	125
30	121	126
30	121	171
30	122	11
30	122	71
30	122	72
30	122	76
30	122	83
30	122	84
30	122	85
30	122	91
30	122	92
30	122	94
30	122	95
30	122	101
30	122	103
30	122	111
30	122	112
30	122	113
30	122	121
30	122	123
30	122	124
30	122	125
30	122	126
30	122	131
30	122	132
30	123	42
30	123	44
30	123	45
30	123	54
30	123	71
30	123	72
30	123	81
30	123	82
30	123	84
30	123	94
30	123	95
30	123	101
30	123	103
30	123	104
30	124	45
30	124	95
30	124	102
30	124	151
30	126	44
30	131	85
30	131	91
30	131	101
30	131	151
30	132	73
30	132	83
30	132	84
30	132	85
30	132	91
30	132	94
30	132	101
30	132	103
30	132	104
30	132	126
30	132	142
30	133	45
30	133	54
30	134	54
30	134	181
30	135	91
30	135	94
30	135	95
30	135	101
30	135	103
30	135	141
30	141	41
30	141	44
30	141	132
30	141	142
30	141	164
30	142	41
30	143	41
30	143	54
30	143	164
30	144	62
30	144	76
30	144	86
30	144	101
30	144	102
30	144	123
30	144	143
30	144	165
30	144	183
30	145	111
30	145	151
30	146	21
30	146	31
30	146	33
30	146	41
30	146	42
30	146	43
30	146	45
30	146	46
30	146	51
30	146	52
30	146	63
30	146	74
30	146	76
30	146	86
30	146	143
30	146	144
30	146	154
30	152	54
30	152	62
30	152	64
30	152	75
30	152	82
30	152	95
30	152	102
30	152	104
30	152	106
30	152	111
30	152	121
30	152	122
30	152	123
30	152	124
30	152	126
30	152	165
30	153	62
30	154	45
30	154	54
30	154	102
30	154	113
30	155	91
30	155	134
30	155	165
30	156	91
30	156	92
30	156	94
30	156	95
30	156	102
30	156	105
30	156	133
30	156	181
30	156	182
30	156	184
30	161	44
30	161	45
30	161	51
30	161	52
30	161	54
30	161	62
30	161	76
30	161	82
30	161	84
30	161	85
30	161	91
30	161	94
30	161	95
30	161	101
30	161	102
30	161	103
30	161	104
30	161	111
30	161	171
30	162	45
30	162	102
30	162	186
30	163	36
30	163	41
30	163	72
30	163	82
30	163	85
30	163	91
30	163	95
30	163	101
30	163	102
30	163	103
30	164	86
30	164	91
30	164	93
30	164	94
30	164	101
30	164	105
30	164	115
30	164	134
30	165	41
30	165	53
30	165	95
30	165	102
30	165	106
30	165	123
30	166	34
30	166	41
30	166	45
30	166	94
30	166	95
30	166	101
30	166	184
30	166	191
30	171	45
30	171	135
30	171	141
30	171	142
30	171	194
30	172	11
30	172	41
30	172	45
30	174	34
30	174	45
30	174	94
30	174	101
30	176	41
30	176	44
30	176	45
30	176	51
30	176	102
30	176	146
30	181	24
30	181	44
30	181	151
30	181	186
30	182	106
30	182	134
30	182	183
30	182	184
30	183	45
30	183	82
30	184	44
30	184	95
30	184	102
30	185	94
30	185	111
30	186	41
30	186	43
30	186	44
30	186	45
30	186	63
30	186	86
30	186	141
30	186	163
30	191	41
30	191	45
30	191	46
30	191	52
30	191	63
30	191	101
30	192	16
30	192	171
30	192	181
30	193	45
30	193	91
30	193	101
30	193	141
30	194	41
30	194	44
30	194	45
30	195	41
30	195	91
30	196	45
30	196	142
30	196	151
30	201	44
30	201	142
30	201	151
30	203	61
30	203	151
30	205	181
30	206	41
30	206	151
