35	11	24
35	11	44
35	11	113
35	12	74
35	12	105
35	14	76
35	14	94
35	14	105
35	14	146
35	15	24
35	15	33
35	15	146
35	16	11
35	16	75
35	16	95
35	16	115
35	16	165
35	16	174
35	16	204
35	21	16
35	21	82
35	21	83
35	21	101
35	21	103
35	22	41
35	22	91
35	22	111
35	23	12
35	23	76
35	23	92
35	23	95
35	23	102
35	23	106
35	23	121
35	23	134
35	23	161
35	24	184
35	25	32
35	25	61
35	25	62
35	25	64
35	25	73
35	25	74
35	25	81
35	25	82
35	25	102
35	26	64
35	26	74
35	26	102
35	26	115
35	32	16
35	32	44
35	32	62
35	32	75
35	32	76
35	32	82
35	32	83
35	32	91
35	32	94
35	32	95
35	32	101
35	32	103
35	32	105
35	32	115
35	32	125
35	32	132
35	32	143
35	33	91
35	34	24
35	34	74
35	34	151
35	34	154
35	35	16
35	41	24
35	41	74
35	41	101
35	42	54
35	42	101
35	42	105
35	43	42
35	43	45
35	43	46
35	43	52
35	43	62
35	43	63
35	43	81
35	43	82
35	43	86
35	43	91
35	43	94
35	43	101
35	43	102
35	43	103
35	44	62
35	44	82
35	44	84
35	44	92
35	44	94
35	46	45
35	46	52
35	46	54
35	46	82
35	46	94
35	46	101
35	46	151
35	51	84
35	51	85
35	51	91
35	51	94
35	51	95
35	51	101
35	51	103
35	51	104
35	51	105
35	51	124
35	51	125
35	51	131
35	51	151
35	52	76
35	52	84
35	52	85
35	52	91
35	52	94
35	52	95
35	52	101
35	52	103
35	52	104
35	52	111
35	52	133
35	53	11
35	53	43
35	53	44
35	53	45
35	53	46
35	53	51
35	53	91
35	53	94
35	53	101
35	53	103
35	53	111
35	53	112
35	53	113
35	53	114
35	53	121
35	53	133
35	54	71
35	54	72
35	54	83
35	54	84
35	54	85
35	54	91
35	54	94
35	54	95
35	54	101
35	54	103
35	54	111
35	54	171
35	55	76
35	55	82
35	55	84
35	55	85
35	55	91
35	55	94
35	55	95
35	55	101
35	55	103
35	55	104
35	56	32
35	56	33
35	56	51
35	56	66
35	56	71
35	56	84
35	56	85
35	56	91
35	56	94
35	56	95
35	56	101
35	56	103
35	56	111
35	61	33
35	61	84
35	61	85
35	61	91
35	61	94
35	61	95
35	61	101
35	61	103
35	61	111
35	61	114
35	61	191
35	62	32
35	64	33
35	64	62
35	64	82
35	64	83
35	64	134
35	65	11
35	65	16
35	65	62
35	65	64
35	65	74
35	65	81
35	65	82
35	65	183
35	66	24
35	66	74
35	71	45
35	71	54
35	71	64
35	71	102
35	71	184
35	72	45
35	72	74
35	72	76
35	72	103
35	72	171
35	73	11
35	73	53
35	73	64
35	73	72
35	73	83
35	73	112
35	73	113
35	73	122
35	74	85
35	74	91
35	74	111
35	74	123
35	74	124
35	74	126
35	75	71
35	75	72
35	75	76
35	75	83
35	75	84
35	75	85
35	75	91
35	75	92
35	75	94
35	75	95
35	75	101
35	75	103
35	75	104
35	75	111
35	75	121
35	75	123
35	75	124
35	75	125
35	75	126
35	76	71
35	76	72
35	76	84
35	76	85
35	76	91
35	76	92
35	76	94
35	76	95
35	76	101
35	76	103
35	76	104
35	76	111
35	76	121
35	76	123
35	76	124
35	76	125
35	76	126
35	76	131
35	76	132
35	81	76
35	81	82
35	81	83
35	81	84
35	81	85
35	81	91
35	81	92
35	81	94
35	81	95
35	81	101
35	81	102
35	81	103
35	81	104
35	81	111
35	81	121
35	81	123
35	81	124
35	81	125
35	81	126
35	81	131
35	81	132
35	82	45
35	82	76
35	82	94
35	82	95
35	82	101
35	82	102
35	82	103
35	82	111
35	82	123
35	82	125
35	82	171
35	83	91
35	83	94
35	83	101
35	83	111
35	83	125
35	84	44
35	84	45
35	84	76
35	84	85
35	84	91
35	84	94
35	84	95
35	84	101
35	84	103
35	84	104
35	84	124
35	84	125
35	85	84
35	85	94
35	85	95
35	85	101
35	85	102
35	85	103
35	85	104
35	85	123
35	85	171
35	86	76
35	86	82
35	86	83
35	86	84
35	86	85
35	86	91
35	86	94
35	86	95
35	86	101
35	86	103
35	86	104
35	91	51
35	91	101
35	91	103
35	91	104
35	91	114
35	91	151
35	92	24
35	92	44
35	92	105
35	92	111
35	92	151
35	93	72
35	93	76
35	93	82
35	93	83
35	93	84
35	93	85
35	93	91
35	93	92
35	93	94
35	93	95
35	93	101
35	93	103
35	93	104
35	93	111
35	93	123
35	93	124
35	93	125
35	93	126
35	94	51
35	94	84
35	94	85
35	94	91
35	94	101
35	94	111
35	94	122
35	95	85
35	96	84
35	96	85
35	96	91
35	96	92
35	96	94
35	96	95
35	96	101
35	96	111
35	96	151
35	101	72
35	101	85
35	101	91
35	101	103
35	101	104
35	101	123
35	101	124
35	101	125
35	102	42
35	102	51
35	102	71
35	102	84
35	102	85
35	102	101
35	102	114
35	102	151
35	103	11
35	103	44
35	103	66
35	103	91
35	103	94
35	103	95
35	103	101
35	103	102
35	103	104
35	103	111
35	103	121
35	104	11
35	104	51
35	104	84
35	104	121
35	105	94
35	105	111
35	105	114
35	106	71
35	106	72
35	106	83
35	106	84
35	106	85
35	106	91
35	106	92
35	106	94
35	106	95
35	106	101
35	106	103
35	106	104
35	106	111
35	106	121
35	106	123
35	106	124
35	106	125
35	106	126
35	106	131
35	111	82
35	111	83
35	111	84
35	111	85
35	111	91
35	111	92
35	111	101
35	111	103
35	111	105
35	111	121
35	111	124
35	111	126
35	111	151
35	112	82
35	112	84
35	112	85
35	112	94
35	112	101
35	112	103
35	112	111
35	112	125
35	112	151
35	112	161
35	113	76
35	113	82
35	113	83
35	113	84
35	113	85
35	113	91
35	113	94
35	113	95
35	113	101
35	113	103
35	113	111
35	113	151
35	114	62
35	114	71
35	114	76
35	114	82
35	114	83
35	114	84
35	114	85
35	114	91
35	114	92
35	114	94
35	114	95
35	114	101
35	114	102
35	114	103
35	114	104
35	114	111
35	114	112
35	114	123
35	114	125
35	114	126
35	115	76
35	115	83
35	115	84
35	115	85
35	115	91
35	115	92
35	115	94
35	115	95
35	115	101
35	115	103
35	115	104
35	115	111
35	115	123
35	115	124
35	115	125
35	116	45
35	116	62
35	116	76
35	116	82
35	116	83
35	116	84
35	116	85
35	116	91
35	116	92
35	116	94
35	116	95
35	116	101
35	116	102
35	116	103
35	116	104
35	116	111
35	116	123
35	116	124
35	116	125
35	116	126
35	121	71
35	121	72
35	121	76
35	121	83
35	121	84
35	121	85
35	121	91
35	121	92
35	121	94
35	121	95
35	121	101
35	121	102
35	121	103
35	121	104
35	121	111
35	121	122
35	121	123
35	121	124
35	121	125
35	121	126
35	121	171
35	122	71
35	122	72
35	122	76
35	122	83
35	122	84
35	122	85
35	122	91
35	122	92
35	122	94
35	122	95
35	122	101
35	122	103
35	122	104
35	122	111
35	122	112
35	122	115
35	122	121
35	122	123
35	122	124
35	122	125
35	122	126
35	122	131
35	122	132
35	122	133
35	123	42
35	123	72
35	123	84
35	123	94
35	123	95
35	123	103
35	123	104
35	124	95
35	124	102
35	124	181
35	125	151
35	126	16
35	126	33
35	126	123
35	126	124
35	126	125
35	131	51
35	131	85
35	131	91
35	131	101
35	131	132
35	132	83
35	132	85
35	132	91
35	132	92
35	132	94
35	132	101
35	132	131
35	132	133
35	133	122
35	134	54
35	134	115
35	134	135
35	134	165
35	134	184
35	135	84
35	135	85
35	135	94
35	135	95
35	135	101
35	135	103
35	135	104
35	136	74
35	136	76
35	141	132
35	142	41
35	142	44
35	142	135
35	143	36
35	143	46
35	143	54
35	143	74
35	143	76
35	143	84
35	143	151
35	143	161
35	144	32
35	144	62
35	144	71
35	144	74
35	144	76
35	144	81
35	144	82
35	144	83
35	144	92
35	144	94
35	144	103
35	144	114
35	144	123
35	144	125
35	144	133
35	145	74
35	145	76
35	145	95
35	145	102
35	146	143
35	146	144
35	146	154
35	151	26
35	151	132
35	151	134
35	151	165
35	151	181
35	152	33
35	152	62
35	152	64
35	152	73
35	152	74
35	152	81
35	152	82
35	152	102
35	153	62
35	153	74
35	154	64
35	154	82
35	154	122
35	155	32
35	155	184
35	155	194
35	156	86
35	156	93
35	156	94
35	156	105
35	156	115
35	156	154
35	156	181
35	161	45
35	161	62
35	161	64
35	161	74
35	161	76
35	161	82
35	161	83
35	161	86
35	161	91
35	161	94
35	161	95
35	161	101
35	161	102
35	161	103
35	161	104
35	161	125
35	162	24
35	162	44
35	162	102
35	162	186
35	163	41
35	163	54
35	163	64
35	163	73
35	163	75
35	163	82
35	163	95
35	163	102
35	163	104
35	163	106
35	163	182
35	163	184
35	164	86
35	164	91
35	164	92
35	164	93
35	164	94
35	164	95
35	164	102
35	164	105
35	164	115
35	164	195
35	165	41
35	165	42
35	165	43
35	165	44
35	165	45
35	165	51
35	165	74
35	166	34
35	166	45
35	166	94
35	166	95
35	166	181
35	166	191
35	171	142
35	172	24
35	172	91
35	172	112
35	172	113
35	172	114
35	172	122
35	172	134
35	173	74
35	173	111
35	174	11
35	174	45
35	174	51
35	174	75
35	174	85
35	175	74
35	175	76
35	176	64
35	176	73
35	176	81
35	176	82
35	176	186
35	181	24
35	181	44
35	182	72
35	182	95
35	182	102
35	182	103
35	182	104
35	182	106
35	182	121
35	182	123
35	182	124
35	182	126
35	182	161
35	182	184
35	183	45
35	183	62
35	183	82
35	183	91
35	184	34
35	184	64
35	184	73
35	184	102
35	184	106
35	184	165
35	185	64
35	185	102
35	185	115
35	185	165
35	185	181
35	186	45
35	186	46
35	186	86
35	191	41
35	191	45
35	191	52
35	191	63
35	191	101
35	192	165
35	192	181
35	193	91
35	193	101
35	194	34
35	194	41
35	194	44
35	194	45
35	194	61
35	194	112
35	194	181
35	195	91
35	195	151
35	196	16
35	196	61
35	196	62
35	196	74
35	201	44
35	201	142
35	201	151
35	203	61
35	203	62
35	204	105
35	206	24
35	206	41
35	206	72
35	206	83
35	206	103
35	206	104
35	206	122
