40	11	24
40	12	74
40	12	105
40	13	103
40	14	165
40	15	24
40	16	23
40	16	133
40	16	172
40	16	186
40	16	195
40	16	204
40	21	16
40	22	41
40	22	91
40	23	12
40	23	33
40	24	184
40	25	32
40	25	61
40	25	62
40	25	64
40	25	73
40	25	74
40	25	81
40	25	82
40	25	102
40	26	62
40	26	64
40	26	74
40	26	76
40	26	82
40	26	86
40	26	91
40	26	101
40	26	102
40	26	103
40	26	115
40	31	16
40	32	16
40	32	24
40	32	34
40	32	44
40	32	45
40	32	91
40	32	93
40	32	105
40	33	91
40	34	24
40	34	74
40	35	16
40	36	34
40	41	24
40	41	111
40	41	112
40	42	54
40	42	75
40	42	105
40	42	114
40	43	31
40	43	34
40	43	41
40	43	42
40	43	45
40	43	46
40	43	51
40	43	52
40	43	62
40	43	63
40	43	64
40	43	74
40	43	81
40	43	82
40	43	86
40	43	94
40	43	95
40	43	101
40	43	102
40	43	103
40	44	62
40	44	64
40	44	174
40	45	24
40	46	45
40	46	52
40	46	54
40	46	82
40	46	94
40	46	101
40	46	142
40	51	84
40	51	85
40	51	91
40	51	94
40	51	95
40	51	101
40	51	103
40	51	105
40	51	125
40	52	22
40	52	112
40	52	113
40	52	114
40	52	122
40	52	133
40	53	11
40	53	44
40	53	51
40	53	76
40	53	91
40	53	112
40	53	113
40	53	114
40	53	121
40	53	133
40	53	134
40	53	184
40	54	75
40	54	83
40	54	84
40	54	85
40	54	91
40	54	92
40	54	93
40	54	94
40	54	95
40	54	101
40	54	111
40	54	115
40	55	72
40	55	75
40	55	76
40	55	82
40	55	83
40	55	85
40	55	91
40	55	94
40	55	95
40	55	101
40	55	103
40	55	104
40	55	123
40	55	124
40	55	125
40	56	32
40	56	51
40	56	66
40	56	72
40	56	85
40	56	91
40	56	94
40	56	95
40	56	101
40	56	103
40	61	75
40	61	85
40	61	95
40	61	101
40	61	114
40	61	191
40	62	32
40	63	165
40	64	24
40	65	62
40	65	64
40	65	73
40	65	74
40	65	81
40	65	82
40	65	183
40	66	41
40	66	74
40	71	44
40	71	45
40	71	54
40	71	64
40	71	102
40	71	165
40	72	32
40	72	42
40	72	45
40	72	74
40	72	76
40	72	81
40	72	82
40	72	86
40	72	95
40	72	103
40	72	171
40	73	83
40	73	112
40	74	84
40	74	85
40	74	91
40	74	92
40	74	93
40	74	111
40	74	123
40	74	125
40	74	126
40	75	71
40	75	72
40	75	76
40	75	83
40	75	84
40	75	85
40	75	91
40	75	92
40	75	94
40	75	95
40	75	101
40	75	103
40	75	104
40	75	111
40	75	121
40	75	123
40	75	124
40	75	125
40	75	126
40	75	135
40	76	71
40	76	72
40	76	84
40	76	85
40	76	91
40	76	92
40	76	94
40	76	95
40	76	101
40	76	103
40	76	104
40	76	111
40	76	115
40	76	121
40	76	123
40	76	124
40	76	125
40	76	126
40	76	131
40	81	76
40	81	83
40	81	84
40	81	85
40	81	91
40	81	92
40	81	94
40	81	95
40	81	101
40	81	103
40	81	104
40	81	111
40	81	115
40	81	121
40	81	123
40	81	124
40	81	125
40	81	126
40	81	131
40	81	132
40	81	133
40	82	62
40	82	76
40	82	83
40	82	86
40	82	94
40	82	95
40	82	101
40	82	102
40	82	103
40	82	104
40	82	111
40	82	123
40	82	124
40	82	125
40	82	181
40	83	91
40	83	94
40	83	101
40	83	111
40	83	123
40	83	125
40	84	44
40	84	45
40	84	76
40	84	85
40	84	91
40	84	94
40	84	95
40	84	101
40	84	103
40	84	104
40	84	111
40	84	124
40	84	125
40	85	84
40	85	91
40	85	94
40	85	95
40	85	101
40	85	102
40	85	103
40	85	104
40	85	123
40	85	124
40	86	71
40	86	75
40	86	76
40	86	82
40	86	83
40	86	85
40	86	91
40	86	94
40	86	95
40	86	101
40	86	102
40	86	103
40	86	104
40	86	125
40	91	101
40	91	103
40	91	111
40	92	24
40	92	44
40	92	105
40	92	111
40	93	71
40	93	72
40	93	76
40	93	83
40	93	84
40	93	85
40	93	91
40	93	92
40	93	94
40	93	95
40	93	101
40	93	103
40	93	104
40	93	111
40	93	123
40	93	124
40	93	125
40	93	126
40	93	133
40	94	33
40	94	91
40	94	101
40	94	111
40	95	85
40	95	112
40	95	186
40	96	76
40	96	84
40	96	85
40	96	91
40	96	92
40	96	94
40	96	95
40	96	101
40	96	103
40	96	111
40	101	71
40	101	72
40	101	74
40	101	76
40	101	85
40	101	125
40	101	133
40	102	42
40	102	51
40	102	84
40	102	85
40	102	95
40	102	101
40	102	114
40	103	11
40	103	54
40	103	66
40	103	91
40	103	95
40	103	112
40	103	133
40	104	11
40	104	51
40	104	75
40	105	112
40	105	114
40	106	71
40	106	72
40	106	74
40	106	83
40	106	84
40	106	85
40	106	91
40	106	92
40	106	94
40	106	95
40	106	101
40	106	103
40	106	104
40	106	105
40	106	111
40	106	115
40	106	121
40	106	123
40	106	124
40	106	125
40	106	126
40	106	131
40	106	132
40	106	133
40	111	71
40	111	83
40	111	84
40	111	85
40	111	91
40	111	92
40	111	94
40	111	101
40	111	103
40	111	104
40	111	105
40	111	112
40	111	121
40	111	123
40	111	124
40	111	125
40	111	126
40	112	76
40	112	82
40	112	85
40	112	94
40	112	101
40	112	103
40	112	111
40	112	125
40	113	72
40	113	75
40	113	76
40	113	82
40	113	83
40	113	85
40	113	91
40	113	94
40	113	95
40	113	101
40	113	103
40	113	104
40	113	124
40	113	125
40	114	62
40	114	76
40	114	82
40	114	83
40	114	84
40	114	85
40	114	91
40	114	92
40	114	93
40	114	94
40	114	95
40	114	101
40	114	102
40	114	103
40	114	111
40	114	112
40	114	123
40	115	16
40	115	71
40	115	72
40	115	76
40	115	83
40	115	84
40	115	85
40	115	91
40	115	92
40	115	94
40	115	95
40	115	101
40	115	103
40	115	104
40	115	123
40	115	124
40	115	125
40	116	45
40	116	62
40	116	74
40	116	76
40	116	82
40	116	83
40	116	84
40	116	85
40	116	86
40	116	91
40	116	92
40	116	94
40	116	95
40	116	101
40	116	102
40	116	103
40	116	104
40	116	111
40	116	123
40	116	124
40	116	125
40	116	126
40	121	72
40	121	76
40	121	84
40	121	85
40	121	91
40	121	92
40	121	94
40	121	101
40	121	103
40	121	104
40	121	111
40	121	115
40	121	122
40	121	123
40	121	124
40	121	125
40	121	126
40	122	71
40	122	72
40	122	83
40	122	85
40	122	91
40	122	92
40	122	93
40	122	101
40	122	111
40	122	112
40	122	113
40	122	115
40	122	121
40	122	123
40	122	124
40	122	125
40	122	131
40	122	132
40	122	133
40	123	11
40	123	72
40	123	75
40	123	84
40	123	91
40	123	94
40	123	95
40	123	101
40	123	102
40	123	103
40	123	106
40	123	112
40	123	115
40	123	134
40	124	115
40	124	131
40	124	165
40	124	181
40	126	16
40	126	85
40	126	111
40	126	114
40	126	131
40	126	134
40	131	85
40	131	91
40	131	101
40	131	132
40	132	26
40	132	85
40	132	91
40	132	94
40	132	101
40	132	115
40	132	121
40	132	123
40	132	126
40	132	131
40	132	133
40	132	165
40	133	122
40	133	181
40	134	54
40	134	101
40	134	135
40	134	141
40	134	146
40	134	184
40	134	194
40	135	75
40	135	76
40	135	82
40	135	83
40	135	84
40	135	85
40	135	91
40	135	94
40	135	95
40	135	101
40	135	102
40	135	103
40	135	104
40	135	106
40	135	115
40	135	123
40	135	124
40	135	125
40	135	126
40	136	106
40	141	24
40	141	54
40	141	143
40	141	146
40	142	41
40	143	151
40	143	161
40	144	32
40	144	62
40	144	71
40	144	74
40	144	76
40	144	81
40	144	82
40	144	83
40	144	92
40	144	94
40	144	103
40	144	114
40	144	123
40	144	125
40	144	133
40	145	76
40	145	86
40	146	143
40	146	144
40	146	154
40	151	105
40	151	163
40	151	165
40	151	181
40	153	31
40	153	45
40	153	62
40	153	64
40	153	102
40	153	161
40	153	204
40	154	16
40	154	24
40	154	113
40	154	122
40	154	133
40	154	184
40	155	32
40	156	86
40	156	91
40	156	92
40	156	93
40	156	94
40	156	95
40	156	102
40	156	105
40	156	115
40	156	144
40	156	154
40	156	172
40	161	62
40	161	64
40	161	74
40	161	76
40	161	82
40	161	83
40	161	86
40	161	91
40	161	94
40	161	95
40	161	101
40	161	102
40	161	103
40	161	104
40	161	125
40	162	16
40	162	76
40	162	186
40	163	75
40	163	95
40	163	105
40	163	112
40	163	172
40	163	184
40	164	86
40	164	91
40	164	92
40	164	93
40	164	94
40	164	95
40	164	102
40	164	105
40	164	115
40	164	195
40	166	51
40	166	75
40	166	101
40	166	111
40	166	174
40	166	191
40	171	181
40	172	11
40	172	24
40	172	114
40	172	131
40	172	134
40	173	74
40	173	102
40	173	106
40	173	183
40	174	51
40	174	75
40	174	101
40	175	106
40	176	171
40	176	172
40	176	186
40	176	195
40	176	204
40	181	24
40	181	44
40	182	184
40	183	16
40	183	45
40	183	62
40	183	82
40	183	91
40	185	135
40	185	154
40	185	163
40	185	181
40	185	191
40	186	31
40	186	34
40	186	41
40	186	45
40	186	46
40	186	86
40	186	174
40	191	45
40	191	51
40	191	75
40	191	86
40	191	94
40	191	101
40	192	24
40	192	105
40	192	163
40	192	165
40	192	181
40	193	91
40	193	165
40	194	34
40	194	41
40	194	42
40	194	44
40	194	45
40	194	46
40	194	61
40	194	74
40	194	106
40	194	112
40	194	165
40	195	41
40	195	91
40	196	16
40	196	62
40	196	74
40	201	24
40	201	41
40	201	44
40	201	103
40	201	142
40	203	45
40	203	61
40	203	62
40	203	181
40	204	105
40	205	75
40	205	111
40	205	174
40	205	191
40	206	24
40	206	41
40	206	103
