45	11	24
45	12	33
45	12	106
45	13	11
45	13	105
45	14	165
45	15	24
45	16	23
45	16	133
45	16	172
45	16	186
45	16	195
45	16	204
45	21	16
45	22	41
45	23	12
45	23	33
45	24	184
45	25	32
45	25	61
45	25	62
45	25	64
45	25	73
45	25	74
45	25	81
45	25	82
45	25	102
45	26	72
45	26	86
45	26	95
45	26	102
45	26	115
45	31	16
45	32	11
45	32	24
45	32	34
45	32	44
45	32	45
45	32	61
45	32	105
45	33	16
45	33	122
45	34	24
45	34	74
45	35	16
45	41	44
45	41	46
45	41	165
45	42	54
45	42	75
45	42	101
45	42	111
45	42	112
45	42	113
45	42	114
45	42	134
45	42	174
45	42	191
45	43	31
45	43	33
45	43	34
45	43	45
45	43	46
45	43	51
45	43	52
45	43	62
45	43	63
45	43	64
45	43	74
45	43	82
45	43	165
45	44	62
45	44	64
45	44	74
45	44	174
45	46	45
45	46	52
45	46	54
45	46	82
45	46	94
45	46	101
45	51	91
45	51	94
45	51	95
45	51	101
45	51	103
45	51	104
45	51	105
45	51	121
45	51	125
45	51	165
45	52	22
45	52	133
45	53	11
45	53	44
45	53	45
45	53	51
45	53	76
45	53	83
45	53	101
45	53	112
45	53	114
45	53	133
45	53	134
45	55	71
45	55	75
45	55	76
45	55	82
45	55	83
45	55	84
45	55	85
45	55	91
45	55	94
45	55	95
45	55	101
45	55	103
45	55	104
45	55	115
45	55	125
45	56	22
45	56	51
45	56	53
45	56	66
45	56	101
45	56	115
45	61	75
45	61	101
45	61	174
45	61	191
45	62	32
45	63	16
45	65	61
45	65	62
45	65	64
45	65	73
45	65	74
45	65	81
45	65	82
45	65	102
45	71	54
45	71	62
45	71	64
45	71	73
45	71	81
45	71	82
45	71	102
45	72	31
45	72	41
45	72	42
45	72	45
45	72	51
45	72	71
45	72	74
45	72	81
45	74	91
45	74	92
45	74	93
45	74	111
45	74	115
45	74	123
45	74	124
45	74	125
45	74	126
45	75	71
45	75	76
45	75	83
45	75	84
45	75	85
45	75	91
45	75	92
45	75	94
45	75	101
45	75	103
45	75	111
45	75	121
45	75	123
45	75	124
45	75	125
45	75	165
45	76	71
45	76	72
45	76	75
45	76	83
45	76	84
45	76	85
45	76	91
45	76	94
45	76	95
45	76	101
45	76	103
45	76	104
45	76	111
45	76	115
45	76	121
45	76	123
45	76	124
45	76	125
45	76	126
45	76	132
45	76	133
45	81	75
45	81	76
45	81	82
45	81	83
45	81	84
45	81	85
45	81	91
45	81	92
45	81	94
45	81	95
45	81	101
45	81	103
45	81	104
45	81	111
45	81	115
45	81	121
45	81	123
45	81	124
45	81	125
45	81	126
45	81	132
45	81	133
45	82	62
45	82	76
45	82	86
45	82	94
45	82	95
45	82	101
45	82	102
45	82	103
45	82	104
45	82	111
45	82	123
45	82	124
45	82	125
45	82	126
45	82	171
45	83	91
45	83	94
45	83	101
45	83	123
45	83	124
45	83	125
45	84	44
45	84	45
45	84	54
45	84	71
45	84	75
45	84	76
45	84	85
45	84	94
45	84	95
45	84	101
45	84	103
45	84	104
45	84	123
45	84	124
45	84	125
45	85	64
45	85	82
45	85	84
45	85	86
45	85	91
45	85	94
45	85	95
45	85	101
45	85	102
45	85	103
45	85	104
45	86	71
45	86	72
45	86	75
45	86	76
45	86	82
45	86	83
45	86	84
45	86	85
45	86	91
45	86	94
45	86	95
45	86	101
45	86	103
45	86	104
45	86	125
45	86	171
45	91	76
45	91	101
45	91	103
45	92	24
45	92	44
45	92	105
45	92	111
45	93	71
45	93	72
45	93	76
45	93	84
45	93	85
45	93	91
45	93	92
45	93	94
45	93	101
45	93	111
45	93	112
45	93	115
45	93	133
45	94	71
45	94	85
45	94	101
45	94	111
45	95	112
45	95	165
45	96	76
45	96	83
45	96	84
45	96	85
45	96	91
45	96	92
45	96	93
45	96	94
45	96	101
45	96	111
45	96	115
45	96	133
45	101	71
45	101	72
45	101	76
45	101	91
45	101	103
45	101	104
45	101	115
45	101	124
45	101	125
45	101	133
45	102	42
45	102	51
45	102	113
45	102	114
45	103	11
45	103	53
45	103	112
45	103	133
45	104	11
45	104	45
45	104	75
45	104	84
45	105	112
45	105	114
45	106	71
45	106	72
45	106	75
45	106	84
45	106	85
45	106	91
45	106	92
45	106	93
45	106	94
45	106	95
45	106	101
45	106	105
45	106	111
45	106	115
45	106	123
45	106	124
45	106	125
45	106	126
45	111	76
45	111	83
45	111	84
45	111	85
45	111	91
45	111	92
45	111	94
45	111	101
45	111	103
45	111	104
45	111	105
45	111	106
45	111	121
45	111	123
45	111	124
45	111	125
45	111	126
45	111	133
45	111	165
45	112	62
45	112	75
45	112	76
45	112	82
45	112	85
45	112	94
45	112	95
45	112	101
45	112	103
45	112	104
45	112	115
45	112	123
45	112	124
45	112	125
45	112	126
45	113	71
45	113	75
45	113	76
45	113	82
45	113	83
45	113	84
45	113	85
45	113	91
45	113	94
45	113	95
45	113	101
45	113	102
45	113	103
45	113	104
45	113	106
45	113	115
45	113	123
45	113	124
45	113	125
45	114	62
45	114	76
45	114	82
45	114	83
45	114	84
45	114	85
45	114	91
45	114	92
45	114	93
45	114	94
45	114	95
45	114	101
45	114	102
45	114	103
45	114	111
45	114	115
45	114	123
45	115	71
45	115	72
45	115	76
45	115	83
45	115	84
45	115	85
45	115	91
45	115	92
45	115	94
45	115	95
45	115	101
45	115	103
45	115	104
45	115	123
45	115	124
45	115	125
45	115	126
45	116	62
45	116	64
45	116	74
45	116	76
45	116	82
45	116	84
45	116	85
45	116	86
45	116	91
45	116	92
45	116	94
45	116	95
45	116	101
45	116	102
45	116	103
45	116	104
45	116	111
45	116	123
45	116	124
45	116	125
45	116	126
45	121	71
45	121	72
45	121	76
45	121	84
45	121	85
45	121	91
45	121	92
45	121	93
45	121	94
45	121	101
45	121	103
45	121	104
45	121	111
45	121	115
45	121	123
45	121	124
45	121	125
45	121	126
45	121	132
45	121	161
45	122	72
45	122	84
45	122	85
45	122	91
45	122	92
45	122	93
45	122	94
45	122	111
45	122	112
45	122	113
45	122	115
45	122	121
45	122	123
45	122	124
45	122	125
45	122	126
45	122	131
45	122	132
45	123	91
45	123	134
45	124	34
45	124	54
45	124	86
45	124	113
45	124	115
45	124	122
45	124	131
45	124	132
45	124	133
45	124	165
45	124	181
45	126	16
45	126	84
45	126	85
45	126	111
45	126	114
45	126	123
45	126	134
45	126	165
45	131	85
45	131	91
45	132	26
45	132	85
45	132	91
45	132	94
45	132	115
45	132	121
45	132	123
45	132	126
45	132	131
45	132	133
45	132	165
45	133	11
45	133	122
45	133	165
45	133	181
45	134	135
45	134	141
45	134	142
45	134	146
45	134	164
45	134	172
45	134	184
45	134	191
45	134	194
45	134	195
45	135	75
45	135	82
45	135	85
45	135	91
45	135	94
45	135	95
45	135	101
45	135	102
45	135	103
45	135	104
45	135	106
45	135	115
45	135	121
45	135	123
45	135	124
45	135	125
45	135	126
45	136	26
45	136	106
45	136	165
45	141	83
45	141	143
45	141	146
45	143	151
45	143	161
45	144	32
45	144	62
45	144	71
45	144	74
45	144	76
45	144	81
45	144	82
45	144	83
45	144	92
45	144	94
45	144	103
45	144	114
45	144	123
45	144	125
45	144	133
45	145	41
45	145	42
45	145	44
45	145	72
45	145	95
45	145	102
45	145	106
45	145	141
45	145	161
45	146	143
45	146	144
45	146	154
45	151	105
45	151	154
45	151	163
45	151	165
45	151	181
45	153	31
45	153	41
45	153	45
45	153	62
45	153	64
45	153	74
45	153	81
45	153	82
45	154	16
45	154	24
45	154	113
45	154	122
45	154	133
45	154	184
45	155	32
45	156	86
45	156	91
45	156	92
45	156	93
45	156	94
45	156	95
45	156	102
45	156	105
45	156	115
45	156	144
45	156	154
45	156	172
45	161	31
45	161	45
45	161	62
45	161	64
45	161	74
45	161	82
45	161	94
45	161	101
45	162	16
45	162	24
45	162	41
45	162	186
45	163	172
45	163	182
45	163	184
45	164	86
45	164	91
45	164	92
45	164	93
45	164	94
45	164	95
45	164	102
45	164	105
45	164	115
45	164	195
45	166	51
45	166	75
45	166	101
45	166	111
45	166	174
45	166	191
45	171	164
45	172	11
45	172	24
45	172	41
45	172	45
45	172	72
45	173	16
45	173	171
45	173	183
45	173	191
45	174	51
45	174	75
45	174	101
45	175	106
45	176	171
45	176	172
45	176	186
45	176	195
45	176	204
45	181	23
45	181	24
45	181	61
45	182	184
45	183	12
45	183	16
45	183	33
45	183	45
45	183	62
45	185	135
45	185	154
45	185	163
45	185	181
45	185	191
45	186	31
45	186	134
45	186	165
45	186	174
45	191	45
45	191	51
45	191	52
45	191	63
45	191	75
45	193	42
45	193	45
45	193	165
45	194	44
45	194	45
45	194	46
45	194	74
45	194	165
45	195	41
45	195	91
45	196	16
45	196	61
45	196	62
45	196	174
45	196	181
45	201	11
45	201	24
45	201	41
45	201	44
45	201	46
45	201	103
45	201	104
45	201	142
45	203	61
45	203	62
45	204	75
45	204	105
45	205	75
45	205	111
45	205	174
45	205	191
45	206	24
45	206	41
