50	11	16
50	11	24
50	12	23
50	12	33
50	12	34
50	12	61
50	12	105
50	12	186
50	13	11
50	13	105
50	14	165
50	15	24
50	16	23
50	16	133
50	16	172
50	16	186
50	16	195
50	16	204
50	21	16
50	22	41
50	23	12
50	23	33
50	24	184
50	25	32
50	25	61
50	25	62
50	25	64
50	25	73
50	25	74
50	25	81
50	25	82
50	25	102
50	31	125
50	32	11
50	32	24
50	32	41
50	32	45
50	32	72
50	32	91
50	33	16
50	33	122
50	34	24
50	35	16
50	36	122
50	41	16
50	41	24
50	41	34
50	41	44
50	41	46
50	41	54
50	41	61
50	41	105
50	41	186
50	42	54
50	42	75
50	42	101
50	42	111
50	42	112
50	42	113
50	42	114
50	42	134
50	42	174
50	42	191
50	43	31
50	43	33
50	43	34
50	43	45
50	43	46
50	43	51
50	43	62
50	43	63
50	43	64
50	43	74
50	43	81
50	43	165
50	44	62
50	44	64
50	44	74
50	44	174
50	45	165
50	46	45
50	46	52
50	46	54
50	46	62
50	46	82
50	46	94
50	46	101
50	46	174
50	51	74
50	51	91
50	51	94
50	51	101
50	51	103
50	51	105
50	51	115
50	51	121
50	51	125
50	51	165
50	52	22
50	52	54
50	52	122
50	52	133
50	52	186
50	53	43
50	53	44
50	53	45
50	53	51
50	53	82
50	53	91
50	53	94
50	53	101
50	53	111
50	53	112
50	53	134
50	55	71
50	55	75
50	55	76
50	55	82
50	55	83
50	55	84
50	55	85
50	55	91
50	55	94
50	55	95
50	55	101
50	55	103
50	55	104
50	55	115
50	55	124
50	55	125
50	56	22
50	56	23
50	56	32
50	56	51
50	56	53
50	56	66
50	56	133
50	56	186
50	61	75
50	61	101
50	61	174
50	61	191
50	62	32
50	63	16
50	65	61
50	65	62
50	65	64
50	65	73
50	65	74
50	65	81
50	65	82
50	65	102
50	71	54
50	71	62
50	71	64
50	71	73
50	71	81
50	71	82
50	71	102
50	72	31
50	72	42
50	72	45
50	72	71
50	72	74
50	72	81
50	73	11
50	73	72
50	73	83
50	74	91
50	74	92
50	74	93
50	74	111
50	74	121
50	74	122
50	74	126
50	75	76
50	75	82
50	75	83
50	75	84
50	75	85
50	75	91
50	75	92
50	75	94
50	75	95
50	75	101
50	75	103
50	75	111
50	75	115
50	75	121
50	75	123
50	75	124
50	75	125
50	75	135
50	75	165
50	76	71
50	76	82
50	76	84
50	76	85
50	76	91
50	76	92
50	76	94
50	76	95
50	76	101
50	76	103
50	76	104
50	76	111
50	76	115
50	76	121
50	76	122
50	76	123
50	76	124
50	76	125
50	76	126
50	76	131
50	76	132
50	76	133
50	81	76
50	81	82
50	81	83
50	81	84
50	81	85
50	81	91
50	81	92
50	81	94
50	81	95
50	81	101
50	81	103
50	81	104
50	81	111
50	81	115
50	81	121
50	81	122
50	81	123
50	81	124
50	81	125
50	81	126
50	81	131
50	81	132
50	81	133
50	82	45
50	82	62
50	82	76
50	82	86
50	82	94
50	82	101
50	82	103
50	82	112
50	82	125
50	83	85
50	83	91
50	83	94
50	83	101
50	83	123
50	83	124
50	83	125
50	84	44
50	84	71
50	84	72
50	84	74
50	84	75
50	84	76
50	84	83
50	84	85
50	84	91
50	84	94
50	84	95
50	84	101
50	84	102
50	84	103
50	84	104
50	84	106
50	84	115
50	84	123
50	84	124
50	84	125
50	85	64
50	85	82
50	85	86
50	85	95
50	85	101
50	85	102
50	85	103
50	85	104
50	86	71
50	86	74
50	86	75
50	86	76
50	86	82
50	86	83
50	86	84
50	86	85
50	86	91
50	86	94
50	86	95
50	86	101
50	86	103
50	86	104
50	86	115
50	86	125
50	91	76
50	91	85
50	91	101
50	91	103
50	91	104
50	92	24
50	92	44
50	92	105
50	93	71
50	93	72
50	93	76
50	93	84
50	93	85
50	93	91
50	93	92
50	93	94
50	93	101
50	93	111
50	93	115
50	93	123
50	93	125
50	93	133
50	94	71
50	94	85
50	94	101
50	94	111
50	95	112
50	95	165
50	96	71
50	96	72
50	96	76
50	96	84
50	96	85
50	96	91
50	96	92
50	96	93
50	96	94
50	96	101
50	96	111
50	96	115
50	96	134
50	101	115
50	101	123
50	101	124
50	101	125
50	101	133
50	102	42
50	102	51
50	102	85
50	102	101
50	103	11
50	103	122
50	104	11
50	104	45
50	104	75
50	104	84
50	106	71
50	106	72
50	106	73
50	106	75
50	106	83
50	106	84
50	106	85
50	106	86
50	106	91
50	106	92
50	106	93
50	106	94
50	106	95
50	106	101
50	106	111
50	106	115
50	106	122
50	106	123
50	106	124
50	106	125
50	106	126
50	111	84
50	111	85
50	111	91
50	111	92
50	111	93
50	111	94
50	111	101
50	111	103
50	111	104
50	111	105
50	111	106
50	111	121
50	111	123
50	111	124
50	111	125
50	111	126
50	111	133
50	111	165
50	112	26
50	112	75
50	112	76
50	112	82
50	112	83
50	112	85
50	112	94
50	112	95
50	112	101
50	112	103
50	112	104
50	112	115
50	112	123
50	112	124
50	112	125
50	112	126
50	113	71
50	113	72
50	113	74
50	113	75
50	113	76
50	113	82
50	113	83
50	113	84
50	113	85
50	113	91
50	113	94
50	113	95
50	113	101
50	113	102
50	113	103
50	113	104
50	113	106
50	113	115
50	113	125
50	114	75
50	114	76
50	114	82
50	114	83
50	114	84
50	114	85
50	114	91
50	114	92
50	114	93
50	114	94
50	114	95
50	114	101
50	114	102
50	114	103
50	114	104
50	114	111
50	114	115
50	114	123
50	115	71
50	115	72
50	115	76
50	115	84
50	115	85
50	115	91
50	115	92
50	115	93
50	115	94
50	115	95
50	115	101
50	115	102
50	115	103
50	115	104
50	115	106
50	115	123
50	115	124
50	115	125
50	116	62
50	116	64
50	116	74
50	116	76
50	116	82
50	116	83
50	116	84
50	116	85
50	116	86
50	116	91
50	116	92
50	116	94
50	116	95
50	116	101
50	116	102
50	116	103
50	116	104
50	116	111
50	116	123
50	116	124
50	116	125
50	116	126
50	121	71
50	121	76
50	121	83
50	121	84
50	121	85
50	121	91
50	121	92
50	121	93
50	121	94
50	121	101
50	121	103
50	121	104
50	121	115
50	121	125
50	121	131
50	122	71
50	122	72
50	122	85
50	122	86
50	122	91
50	122	101
50	122	111
50	122	115
50	122	121
50	122	123
50	122	124
50	122	125
50	122	126
50	122	131
50	123	114
50	123	134
50	124	16
50	124	34
50	124	54
50	124	86
50	124	113
50	124	115
50	124	122
50	124	123
50	124	125
50	124	131
50	124	132
50	124	133
50	124	165
50	125	11
50	125	41
50	125	105
50	126	16
50	126	85
50	126	113
50	126	114
50	126	115
50	126	123
50	126	134
50	126	165
50	131	85
50	132	26
50	132	72
50	132	85
50	132	91
50	132	94
50	132	104
50	132	115
50	132	121
50	132	131
50	132	134
50	132	165
50	133	11
50	133	122
50	133	165
50	133	181
50	134	131
50	134	141
50	135	86
50	135	91
50	135	95
50	135	102
50	135	103
50	135	104
50	135	106
50	135	115
50	135	121
50	135	123
50	135	124
50	135	125
50	135	126
50	135	132
50	135	161
50	136	141
50	136	146
50	141	132
50	141	143
50	141	146
50	143	151
50	143	161
50	144	32
50	144	62
50	144	71
50	144	74
50	144	76
50	144	81
50	144	82
50	144	83
50	144	92
50	144	94
50	144	103
50	144	114
50	144	123
50	144	125
50	144	133
50	145	141
50	145	142
50	146	143
50	146	144
50	146	154
50	151	154
50	151	165
50	151	181
50	151	191
50	153	31
50	153	41
50	153	45
50	153	62
50	153	64
50	153	74
50	153	81
50	153	82
50	154	16
50	154	24
50	154	113
50	154	122
50	154	133
50	154	184
50	155	32
50	156	86
50	156	91
50	156	92
50	156	93
50	156	94
50	156	95
50	156	102
50	156	105
50	156	115
50	156	144
50	156	154
50	156	172
50	161	31
50	161	45
50	161	62
50	161	64
50	161	74
50	161	81
50	161	82
50	162	16
50	162	24
50	162	41
50	162	186
50	163	171
50	163	172
50	163	182
50	164	86
50	164	91
50	164	92
50	164	93
50	164	94
50	164	95
50	164	102
50	164	105
50	164	115
50	164	195
50	166	51
50	166	75
50	166	101
50	166	111
50	166	174
50	166	191
50	171	164
50	171	181
50	172	11
50	172	24
50	172	41
50	172	45
50	172	72
50	173	182
50	173	191
50	174	51
50	174	75
50	174	101
50	175	111
50	176	171
50	176	172
50	176	186
50	176	195
50	176	204
50	181	23
50	181	24
50	181	61
50	182	184
50	183	12
50	183	16
50	183	45
50	183	62
50	183	122
50	185	135
50	185	163
50	186	31
50	186	165
50	186	174
50	191	45
50	191	51
50	191	52
50	191	63
50	191	75
50	193	42
50	193	52
50	193	165
50	194	165
50	194	181
50	195	41
50	195	91
50	196	12
50	196	16
50	196	45
50	196	62
50	196	74
50	196	81
50	196	111
50	196	114
50	196	174
50	201	11
50	201	24
50	201	41
50	201	42
50	201	44
50	201	46
50	201	103
50	203	45
50	203	61
50	203	62
50	203	71
50	204	75
50	204	94
50	205	75
50	205	111
50	205	174
50	205	191
50	206	24
50	206	41
