55	11	16
55	11	24
55	12	23
55	12	33
55	12	34
55	12	61
55	12	105
55	12	186
55	13	11
55	13	105
55	14	165
55	15	24
55	16	23
55	16	133
55	16	172
55	16	186
55	16	195
55	16	204
55	21	16
55	22	41
55	23	12
55	23	33
55	24	184
55	25	32
55	25	54
55	31	125
55	32	11
55	32	24
55	32	41
55	32	44
55	32	45
55	32	72
55	33	16
55	33	122
55	34	24
55	35	16
55	36	23
55	36	33
55	36	34
55	36	122
55	36	133
55	41	16
55	41	24
55	41	34
55	41	46
55	41	61
55	41	105
55	41	186
55	42	54
55	42	75
55	42	101
55	42	111
55	42	112
55	42	113
55	42	114
55	42	134
55	42	174
55	42	191
55	43	31
55	43	45
55	43	51
55	43	62
55	43	64
55	43	73
55	43	74
55	43	81
55	43	82
55	43	86
55	44	62
55	44	64
55	44	74
55	45	165
55	46	45
55	46	51
55	46	52
55	46	54
55	46	62
55	46	75
55	46	101
55	46	174
55	51	101
55	51	115
55	51	121
55	51	125
55	51	131
55	51	134
55	51	165
55	52	22
55	52	23
55	52	36
55	52	42
55	52	54
55	52	133
55	52	186
55	53	43
55	53	44
55	53	45
55	53	51
55	53	61
55	53	134
55	55	32
55	55	62
55	55	75
55	55	76
55	55	82
55	55	92
55	55	94
55	55	95
55	55	101
55	55	105
55	55	111
55	56	22
55	56	23
55	56	32
55	56	51
55	56	66
55	56	133
55	56	186
55	61	75
55	61	85
55	61	101
55	61	174
55	61	191
55	62	32
55	63	72
55	65	61
55	65	62
55	65	64
55	65	73
55	65	74
55	65	81
55	65	82
55	65	102
55	71	33
55	71	54
55	71	62
55	71	64
55	71	73
55	71	74
55	71	81
55	71	82
55	71	102
55	72	31
55	72	42
55	72	45
55	72	71
55	72	74
55	72	81
55	73	11
55	73	72
55	73	83
55	74	91
55	74	92
55	74	93
55	74	111
55	74	121
55	74	122
55	74	125
55	74	126
55	75	85
55	75	91
55	75	115
55	75	131
55	75	135
55	75	165
55	75	181
55	76	71
55	76	72
55	76	85
55	76	86
55	76	91
55	76	104
55	76	111
55	76	115
55	76	122
55	76	123
55	76	124
55	76	125
55	76	126
55	76	131
55	76	132
55	81	76
55	81	83
55	81	85
55	81	91
55	81	92
55	81	94
55	81	101
55	81	103
55	81	115
55	81	122
55	81	123
55	81	124
55	81	125
55	81	126
55	81	131
55	81	132
55	81	133
55	82	45
55	82	62
55	82	74
55	82	76
55	82	86
55	83	85
55	83	91
55	83	94
55	83	101
55	84	32
55	84	44
55	84	62
55	84	74
55	84	75
55	84	76
55	84	82
55	84	85
55	84	86
55	84	91
55	84	94
55	84	95
55	84	101
55	84	102
55	84	103
55	84	104
55	84	105
55	84	106
55	84	115
55	84	121
55	84	123
55	84	124
55	84	125
55	84	126
55	85	64
55	85	82
55	85	86
55	85	101
55	86	32
55	86	62
55	86	75
55	86	76
55	86	82
55	86	83
55	86	91
55	86	94
55	86	95
55	86	101
55	86	103
55	86	104
55	86	105
55	86	115
55	86	123
55	86	125
55	91	45
55	91	76
55	91	92
55	91	94
55	91	101
55	91	103
55	91	104
55	91	125
55	91	174
55	91	191
55	92	24
55	92	44
55	92	105
55	93	71
55	93	72
55	93	76
55	93	84
55	93	85
55	93	91
55	93	92
55	93	94
55	93	101
55	93	111
55	93	112
55	93	115
55	93	131
55	93	133
55	94	71
55	94	85
55	94	101
55	94	111
55	94	122
55	95	112
55	95	165
55	96	71
55	96	72
55	96	76
55	96	84
55	96	85
55	96	86
55	96	91
55	96	92
55	96	93
55	96	94
55	96	101
55	96	111
55	96	115
55	101	115
55	101	124
55	101	125
55	102	42
55	102	51
55	102	85
55	102	101
55	102	114
55	103	11
55	103	24
55	103	122
55	104	11
55	104	45
55	104	75
55	104	84
55	106	71
55	106	72
55	106	73
55	106	84
55	106	85
55	106	86
55	106	91
55	106	92
55	106	93
55	106	94
55	106	101
55	106	111
55	106	115
55	106	122
55	106	123
55	106	124
55	106	125
55	111	84
55	111	85
55	111	91
55	111	92
55	111	93
55	111	94
55	111	101
55	111	103
55	111	104
55	111	105
55	111	106
55	111	121
55	111	123
55	111	124
55	111	125
55	111	126
55	111	132
55	111	133
55	111	165
55	112	26
55	112	75
55	112	82
55	112	85
55	112	94
55	112	95
55	112	101
55	112	103
55	112	104
55	112	115
55	112	121
55	112	123
55	112	124
55	112	125
55	112	126
55	113	32
55	113	62
55	113	72
55	113	75
55	113	76
55	113	82
55	113	83
55	113	84
55	113	85
55	113	91
55	113	94
55	113	95
55	113	101
55	113	102
55	113	103
55	113	104
55	113	105
55	113	106
55	113	111
55	113	115
55	113	123
55	113	124
55	113	125
55	114	75
55	114	84
55	114	85
55	114	91
55	114	92
55	114	93
55	114	94
55	114	95
55	114	101
55	114	102
55	114	103
55	114	104
55	114	106
55	114	111
55	114	115
55	114	123
55	114	124
55	114	125
55	114	126
55	115	92
55	115	93
55	115	103
55	115	104
55	115	106
55	115	121
55	115	124
55	116	31
55	116	45
55	116	62
55	116	64
55	116	71
55	116	74
55	116	76
55	116	86
55	116	102
55	116	103
55	116	104
55	116	123
55	116	124
55	116	125
55	121	32
55	121	62
55	121	71
55	121	72
55	121	76
55	121	83
55	121	84
55	121	85
55	121	86
55	121	91
55	121	92
55	121	94
55	121	101
55	121	103
55	121	104
55	121	115
55	121	125
55	122	71
55	122	72
55	122	85
55	122	86
55	122	91
55	122	101
55	122	115
55	122	123
55	122	124
55	122	125
55	122	131
55	123	114
55	123	131
55	123	134
55	124	16
55	124	34
55	124	46
55	124	54
55	124	86
55	124	113
55	124	115
55	124	122
55	124	123
55	124	125
55	124	131
55	124	132
55	124	133
55	124	165
55	125	11
55	125	41
55	126	16
55	126	111
55	126	114
55	126	115
55	126	134
55	126	165
55	131	11
55	131	85
55	132	26
55	132	72
55	132	85
55	132	91
55	132	94
55	132	104
55	132	115
55	132	121
55	132	126
55	132	131
55	132	134
55	132	165
55	133	11
55	133	122
55	134	131
55	134	141
55	136	114
55	136	131
55	136	135
55	136	141
55	136	146
55	141	132
55	141	143
55	141	146
55	143	151
55	143	161
55	144	32
55	144	62
55	144	71
55	144	74
55	144	76
55	144	81
55	144	82
55	144	83
55	144	92
55	144	94
55	144	103
55	144	114
55	144	123
55	144	125
55	144	133
55	145	141
55	145	142
55	146	143
55	146	144
55	146	154
55	153	31
55	153	41
55	153	45
55	153	62
55	153	64
55	153	74
55	153	81
55	153	82
55	154	16
55	154	24
55	154	113
55	154	122
55	154	133
55	154	184
55	155	32
55	156	86
55	156	91
55	156	92
55	156	93
55	156	94
55	156	95
55	156	102
55	156	105
55	156	115
55	156	144
55	156	154
55	156	172
55	161	31
55	161	45
55	161	62
55	161	64
55	161	74
55	161	81
55	161	82
55	162	11
55	162	24
55	162	41
55	162	44
55	162	182
55	162	186
55	163	171
55	163	172
55	163	182
55	164	86
55	164	91
55	164	92
55	164	93
55	164	94
55	164	95
55	164	102
55	164	105
55	164	115
55	164	195
55	166	51
55	166	75
55	166	101
55	166	111
55	166	174
55	166	191
55	171	164
55	171	181
55	172	11
55	172	24
55	172	41
55	172	45
55	172	72
55	173	182
55	173	191
55	174	51
55	174	75
55	174	101
55	176	171
55	176	172
55	176	186
55	176	195
55	176	204
55	181	24
55	181	61
55	182	184
55	183	12
55	183	16
55	183	45
55	183	62
55	183	64
55	183	122
55	185	135
55	185	163
55	186	16
55	186	31
55	186	86
55	186	174
55	191	51
55	191	75
55	191	101
55	193	41
55	193	42
55	193	165
55	194	165
55	194	181
55	195	41
55	195	91
55	196	12
55	196	16
55	196	45
55	196	62
55	196	74
55	196	81
55	196	111
55	196	114
55	196	174
55	201	11
55	201	24
55	201	41
55	201	42
55	201	44
55	201	103
55	203	45
55	203	61
55	203	62
55	203	71
55	204	51
55	204	75
55	204	85
55	204	92
55	204	94
55	204	101
55	204	174
55	205	51
55	205	75
55	205	111
55	205	174
55	205	191
55	206	24
55	206	41
