60	11	16
60	11	24
60	12	23
60	12	33
60	12	34
60	12	61
60	12	105
60	12	186
60	13	11
60	13	105
60	14	165
60	15	24
60	16	23
60	16	133
60	16	172
60	16	186
60	16	195
60	16	204
60	21	16
60	22	41
60	23	12
60	23	33
60	24	184
60	25	32
60	25	54
60	31	125
60	32	11
60	32	24
60	32	41
60	32	44
60	32	45
60	32	72
60	33	16
60	33	122
60	34	24
60	35	16
60	36	23
60	36	33
60	36	34
60	36	122
60	36	133
60	41	16
60	41	24
60	41	34
60	41	46
60	41	61
60	41	105
60	41	186
60	42	54
60	42	75
60	42	101
60	42	111
60	42	112
60	42	113
60	42	114
60	42	134
60	42	174
60	42	191
60	43	31
60	43	45
60	43	51
60	43	62
60	43	64
60	43	73
60	43	74
60	43	81
60	43	82
60	43	86
60	44	62
60	44	64
60	44	74
60	45	165
60	46	45
60	46	51
60	46	52
60	46	54
60	46	62
60	46	75
60	46	101
60	46	174
60	51	101
60	51	115
60	51	121
60	51	125
60	51	131
60	51	134
60	51	165
60	52	22
60	52	23
60	52	36
60	52	42
60	52	54
60	52	133
60	52	186
60	53	43
60	53	44
60	53	45
60	53	51
60	53	61
60	53	113
60	53	114
60	53	121
60	53	122
60	53	134
60	55	75
60	55	82
60	55	84
60	55	85
60	55	94
60	55	95
60	55	101
60	55	105
60	55	111
60	56	22
60	56	23
60	56	32
60	56	51
60	56	66
60	56	133
60	56	186
60	61	75
60	61	85
60	61	101
60	61	174
60	61	191
60	62	32
60	63	72
60	65	61
60	65	62
60	65	64
60	65	73
60	65	74
60	65	81
60	65	82
60	65	102
60	71	33
60	71	54
60	71	62
60	71	64
60	71	73
60	71	74
60	71	81
60	71	82
60	71	102
60	72	31
60	72	41
60	72	42
60	72	45
60	72	71
60	72	74
60	72	81
60	73	11
60	73	72
60	73	83
60	74	126
60	75	72
60	75	85
60	75	91
60	75	115
60	75	165
60	75	181
60	75	184
60	75	194
60	76	71
60	76	72
60	76	85
60	76	86
60	76	91
60	76	101
60	76	104
60	76	115
60	76	122
60	76	123
60	76	124
60	76	125
60	76	126
60	76	131
60	76	132
60	76	133
60	81	76
60	81	83
60	81	84
60	81	85
60	81	91
60	81	92
60	81	94
60	81	101
60	81	103
60	81	104
60	81	111
60	81	115
60	81	123
60	81	124
60	81	125
60	81	126
60	81	131
60	82	12
60	82	45
60	82	62
60	82	64
60	82	74
60	82	76
60	82	86
60	83	85
60	83	91
60	83	92
60	83	94
60	83	101
60	83	105
60	84	32
60	84	44
60	84	62
60	84	75
60	84	76
60	84	82
60	84	85
60	84	86
60	84	91
60	84	94
60	84	95
60	84	101
60	84	102
60	84	103
60	84	104
60	84	105
60	84	106
60	84	111
60	84	115
60	84	121
60	84	123
60	84	124
60	84	125
60	84	126
60	85	64
60	85	82
60	85	84
60	85	101
60	86	32
60	86	62
60	86	75
60	86	76
60	86	82
60	86	83
60	86	91
60	86	92
60	86	94
60	86	95
60	86	101
60	86	103
60	86	105
60	86	125
60	86	126
60	91	45
60	91	51
60	91	76
60	91	92
60	91	101
60	91	103
60	91	174
60	91	191
60	92	24
60	92	44
60	93	71
60	93	72
60	93	76
60	93	84
60	93	85
60	93	91
60	93	92
60	93	94
60	93	101
60	93	111
60	93	115
60	94	71
60	94	84
60	94	85
60	94	101
60	94	111
60	94	122
60	95	165
60	96	85
60	96	86
60	96	91
60	96	92
60	96	93
60	96	94
60	96	95
60	96	101
60	96	102
60	96	111
60	96	115
60	101	104
60	101	115
60	101	124
60	101	125
60	102	42
60	102	51
60	102	75
60	102	85
60	102	101
60	102	114
60	103	16
60	103	24
60	103	122
60	103	184
60	104	11
60	104	45
60	104	75
60	104	84
60	106	71
60	106	72
60	106	73
60	106	84
60	106	85
60	106	86
60	106	91
60	106	92
60	106	93
60	106	94
60	106	101
60	106	111
60	106	115
60	106	122
60	106	123
60	106	124
60	106	125
60	106	126
60	111	84
60	111	91
60	111	93
60	111	103
60	111	104
60	111	106
60	111	121
60	111	122
60	111	123
60	111	124
60	111	125
60	111	126
60	111	132
60	111	133
60	111	134
60	111	165
60	112	26
60	112	75
60	112	82
60	112	94
60	112	101
60	112	103
60	112	104
60	112	105
60	112	121
60	112	123
60	112	124
60	112	125
60	112	126
60	113	32
60	113	62
60	113	75
60	113	76
60	113	82
60	113	83
60	113	85
60	113	86
60	113	91
60	113	94
60	113	95
60	113	101
60	113	102
60	113	103
60	113	104
60	113	105
60	113	106
60	113	111
60	113	115
60	113	123
60	113	124
60	113	125
60	114	44
60	114	86
60	114	92
60	114	93
60	114	94
60	114	103
60	114	104
60	114	115
60	114	123
60	114	124
60	114	125
60	115	16
60	115	101
60	115	103
60	115	104
60	115	106
60	115	121
60	115	123
60	115	124
60	115	125
60	116	31
60	116	45
60	116	62
60	116	64
60	116	71
60	116	74
60	116	76
60	116	86
60	116	102
60	116	115
60	116	123
60	121	32
60	121	62
60	121	71
60	121	72
60	121	76
60	121	83
60	121	85
60	121	86
60	121	91
60	121	94
60	121	101
60	121	103
60	121	104
60	121	115
60	121	125
60	121	131
60	121	151
60	121	161
60	122	71
60	122	72
60	122	85
60	122	86
60	122	91
60	122	101
60	122	115
60	122	123
60	122	124
60	122	125
60	122	131
60	123	113
60	123	114
60	123	121
60	123	131
60	123	132
60	123	134
60	124	16
60	124	34
60	124	46
60	124	54
60	124	86
60	124	113
60	124	115
60	124	122
60	124	123
60	124	125
60	124	131
60	124	132
60	124	133
60	124	165
60	125	11
60	125	41
60	125	105
60	126	16
60	126	114
60	126	115
60	126	122
60	126	134
60	126	165
60	126	204
60	131	85
60	132	26
60	132	85
60	132	91
60	132	94
60	132	104
60	132	115
60	132	121
60	132	126
60	132	131
60	132	134
60	132	165
60	133	11
60	133	122
60	134	131
60	134	141
60	136	131
60	136	135
60	136	141
60	136	146
60	141	132
60	141	143
60	141	146
60	143	151
60	143	161
60	144	32
60	144	62
60	144	71
60	144	74
60	144	76
60	144	81
60	144	82
60	144	83
60	144	92
60	144	94
60	144	103
60	144	114
60	144	123
60	144	125
60	144	133
60	145	141
60	145	142
60	146	143
60	146	144
60	146	154
60	153	31
60	153	41
60	153	45
60	153	62
60	153	64
60	153	74
60	153	81
60	153	82
60	154	16
60	154	24
60	154	113
60	154	122
60	154	133
60	154	184
60	155	32
60	156	86
60	156	91
60	156	92
60	156	93
60	156	94
60	156	95
60	156	102
60	156	105
60	156	115
60	156	144
60	156	154
60	156	172
60	161	31
60	161	45
60	161	62
60	161	64
60	161	74
60	161	81
60	161	82
60	162	11
60	162	24
60	162	182
60	162	186
60	163	171
60	163	172
60	163	182
60	164	86
60	164	91
60	164	92
60	164	93
60	164	94
60	164	95
60	164	102
60	164	105
60	164	115
60	164	195
60	166	51
60	166	75
60	166	101
60	166	174
60	166	191
60	171	164
60	171	181
60	172	11
60	172	24
60	172	41
60	172	45
60	172	72
60	173	182
60	173	191
60	174	45
60	174	51
60	174	75
60	174	101
60	174	111
60	176	171
60	176	172
60	176	186
60	176	195
60	176	204
60	181	24
60	181	61
60	182	184
60	183	12
60	183	16
60	183	45
60	183	62
60	183	64
60	183	122
60	185	135
60	185	163
60	186	16
60	186	31
60	186	52
60	186	63
60	186	86
60	186	174
60	186	204
60	191	51
60	191	75
60	191	101
60	193	42
60	193	45
60	193	51
60	193	66
60	193	165
60	194	165
60	194	181
60	195	41
60	195	91
60	196	12
60	196	16
60	196	45
60	196	62
60	196	74
60	196	81
60	196	174
60	201	11
60	201	24
60	201	41
60	201	42
60	201	44
60	201	103
60	203	45
60	203	61
60	203	62
60	203	71
60	204	51
60	204	75
60	204	85
60	204	92
60	204	94
60	204	101
60	204	174
60	205	51
60	205	75
60	205	111
60	205	174
60	205	191
60	206	24
60	206	41
