X	103615	1368552	1	47.71169194786448
X	1368553	2328257	2	35.13811768181555
X	2328358	3955446	3	113.36790856008142
X	3955447	5475816	4	88.74509490950793
X	5475817	6400665	5	121.16737549325808
X	6400666	7150636	6	13.706239468927146
X	7150637	8649406	7	76.04997085199625
X	8649407	9709556	8	461.0926999054732
X	9709557	10976635	9	219.48157817901966
X	10948225	11982049	10	209.37437405035485
X	11982050	13461045	11	0.0
X	13461046	14873201	12	136.14993749484577
X	14873202	15907608	13	44.307401237926115
X	15907609	16667591	14	10.073585318694377
X	16667592	17293689	15	40.932451615153965
X	17293690	18168379	16	37.95449705655343
X	18168380	18936074	17	21.42354704781699
X	18926075	19887081	18	30.06669139035332
X	19887082	21377455	19	129.86514375325066
X	21377456	23013760	20	55.21872646403038
