X	103615	1368552	1	288.9927372818805
X	1368553	2328257	2	143.70550888630095
X	2328358	3955446	3	0.0
X	3955447	5475816	4	108.03998661082298
X	5475817	6400665	5	6.500471794844051
X	6400666	7150636	6	109.9791174999706
X	7150637	8649406	7	6.339038151448101
X	8649407	9709556	8	130.55328990554554
X	9709557	10976635	9	173.06388474748002
X	10948225	11982049	10	177.6904520698177
X	11982050	13461045	11	25.978317079729035
X	13461046	14873201	12	134.4806931955379
X	14873202	15907608	13	109.35481501961561
X	15907609	16667591	14	207.70488961576217
X	16667592	17293689	15	2.131787534198439
X	17293690	18168379	16	3.2775599397884942
X	18168380	18936074	17	16.32548787717935
X	18926075	19887081	18	125.40944882140468
X	19887082	21377455	19	126.1916197778402
X	21377456	23013760	20	407.1445300654143
